"bezirk","z√§hlbezirk","year","sex","nationality","net","ext_net","ext_in","ext_out","int_net","int_in","int_out","local_net","local_in","local_out","local_internal"
"1","101",2007,"male","Austrian",-13,-4,10,14,-9,22,31,4,71,67,5
"1","101",2007,"male","Foreign",50,48,75,27,2,6,4,-31,25,56,4
"1","101",2007,"female","Austrian",3,-4,5,9,7,26,19,-9,66,75,6
"1","101",2007,"female","Foreign",38,38,69,31,0,7,7,-15,32,47,4
"1","101",2008,"male","Austrian",-9,-7,12,19,-2,31,33,-25,67,92,4
"1","101",2008,"male","Foreign",19,16,73,57,3,5,2,-51,31,82,1
"1","101",2008,"female","Austrian",-23,-14,3,17,-9,23,32,-24,64,88,6
"1","101",2008,"female","Foreign",17,19,68,49,-2,3,5,-36,44,80,2
"1","101",2009,"male","Austrian",2,-6,14,20,8,32,24,-16,78,94,4
"1","101",2009,"male","Foreign",0,-6,38,44,6,9,3,-8,27,35,4
"1","101",2009,"female","Austrian",12,-2,6,8,14,36,22,-13,77,90,11
"1","101",2009,"female","Foreign",10,10,46,36,0,7,7,-7,35,42,0
"1","101",2010,"male","Austrian",15,0,22,22,15,39,24,-3,85,88,5
"1","101",2010,"male","Foreign",25,27,79,52,-2,3,5,-7,38,45,2
"1","101",2010,"female","Austrian",-4,-12,7,19,8,24,16,-10,86,96,9
"1","101",2010,"female","Foreign",26,17,65,48,9,11,2,-21,44,65,2
"1","101",2011,"male","Austrian",-23,-7,6,13,-16,26,42,-10,89,99,8
"1","101",2011,"male","Foreign",33,38,72,34,-5,4,9,-10,37,47,5
"1","101",2011,"female","Austrian",-1,-7,3,10,6,33,27,-3,80,83,11
"1","101",2011,"female","Foreign",5,12,59,47,-7,3,10,-14,47,61,8
"1","101",2012,"male","Austrian",4,1,18,17,3,30,27,-26,59,85,4
"1","101",2012,"male","Foreign",45,45,82,37,0,5,5,-9,31,40,3
"1","101",2012,"female","Austrian",11,5,14,9,6,33,27,-28,59,87,4
"1","101",2012,"female","Foreign",56,51,78,27,5,9,4,-22,39,61,2
"1","101",2013,"male","Austrian",1,-4,13,17,5,23,18,-19,66,85,10
"1","101",2013,"male","Foreign",3,5,61,56,-2,5,7,-27,36,63,1
"1","101",2013,"female","Austrian",-2,-4,9,13,2,26,24,-8,84,92,5
"1","101",2013,"female","Foreign",19,19,62,43,0,6,6,-14,42,56,4
"1","101",2014,"male","Austrian",10,-6,16,22,16,40,24,4,88,84,7
"1","101",2014,"male","Foreign",50,47,98,51,3,6,3,15,57,42,7
"1","101",2014,"female","Austrian",10,2,13,11,8,36,28,4,82,78,6
"1","101",2014,"female","Foreign",50,45,90,45,5,9,4,13,68,55,7
"1","101",2015,"male","Austrian",-1,-1,16,17,0,28,28,18,90,72,7
"1","101",2015,"male","Foreign",75,75,114,39,0,7,7,-28,50,78,5
"1","101",2015,"female","Austrian",-18,-11,8,19,-7,23,30,-5,74,79,4
"1","101",2015,"female","Foreign",47,50,98,48,-3,6,9,-12,60,72,2
"1","101",2016,"male","Austrian",-3,-4,15,19,1,28,27,-21,57,78,6
"1","101",2016,"male","Foreign",9,4,64,60,5,11,6,-7,88,95,4
"1","101",2016,"female","Austrian",-7,-9,8,17,2,22,20,-12,60,72,8
"1","101",2016,"female","Foreign",40,27,105,78,13,17,4,5,66,61,7
"1","101",2017,"male","Austrian",6,2,11,9,4,31,27,-8,81,89,3
"1","101",2017,"male","Foreign",11,5,65,60,6,12,6,-33,48,81,2
"1","101",2017,"female","Austrian",11,-3,8,11,14,32,18,-28,66,94,6
"1","101",2017,"female","Foreign",4,-2,80,82,6,10,4,-28,47,75,1
"1","101",2018,"male","Austrian",6,-3,11,14,9,29,20,-8,73,81,9
"1","101",2018,"male","Foreign",29,22,65,43,7,9,2,-8,60,68,2
"1","101",2018,"female","Austrian",11,0,10,10,11,34,23,-12,76,88,2
"1","101",2018,"female","Foreign",36,32,78,46,4,7,3,-43,48,91,5
"1","101",2019,"male","Austrian",3,-4,12,16,7,31,24,-19,77,96,11
"1","101",2019,"male","Foreign",1,4,59,55,-3,5,8,5,56,51,2
"1","101",2019,"female","Austrian",-6,1,9,8,-7,33,40,-40,51,91,8
"1","101",2019,"female","Foreign",-4,-2,60,62,-2,6,8,-5,66,71,0
"1","101",2020,"male","Austrian",17,2,13,11,15,31,16,13,98,85,11
"1","101",2020,"male","Foreign",9,-2,56,58,11,17,6,-12,70,82,1
"1","101",2020,"female","Austrian",-2,3,11,8,-5,24,29,2,75,73,9
"1","101",2020,"female","Foreign",37,24,75,51,13,17,4,-33,50,83,2
"1","101",2021,"male","Austrian",-11,-4,13,17,-7,31,38,10,92,82,7
"1","101",2021,"male","Foreign",7,4,59,55,3,11,8,-34,36,70,3
"1","101",2021,"female","Austrian",-5,-5,10,15,0,25,25,23,87,64,9
"1","101",2021,"female","Foreign",33,33,96,63,0,10,10,-13,57,70,3
"1","101",2022,"male","Austrian",-2,-11,10,21,9,38,29,-19,65,84,4
"1","101",2022,"male","Foreign",74,79,128,49,-5,6,11,-36,54,90,2
"1","101",2022,"female","Austrian",-9,-4,9,13,-5,34,39,-19,68,87,6
"1","101",2022,"female","Foreign",145,151,223,72,-6,9,15,-50,66,116,1
"1","101",2023,"male","Austrian",8,-2,12,14,10,27,17,-18,61,79,8
"1","101",2023,"male","Foreign",22,22,72,50,0,9,9,-18,55,73,5
"1","101",2023,"female","Austrian",1,4,12,8,-3,19,22,-6,65,71,5
"1","101",2023,"female","Foreign",25,29,92,63,-4,7,11,-14,82,96,12
"1","102",2007,"male","Austrian",10,3,11,8,7,15,8,2,37,35,0
"1","102",2007,"male","Foreign",18,19,25,6,-1,0,1,10,21,11,0
"1","102",2007,"female","Austrian",8,-1,4,5,9,15,6,-8,24,32,0
"1","102",2007,"female","Foreign",18,17,24,7,1,3,2,2,16,14,0
"1","102",2008,"male","Austrian",0,-1,6,7,1,13,12,3,33,30,1
"1","102",2008,"male","Foreign",-1,-1,14,15,0,0,0,3,13,10,0
"1","102",2008,"female","Austrian",-12,-5,4,9,-7,6,13,-12,15,27,1
"1","102",2008,"female","Foreign",6,6,21,15,0,1,1,-2,17,19,0
"1","102",2009,"male","Austrian",3,2,8,6,1,10,9,6,41,35,5
"1","102",2009,"male","Foreign",6,5,25,20,1,1,0,-5,13,18,1
"1","102",2009,"female","Austrian",5,-2,7,9,7,11,4,11,42,31,4
"1","102",2009,"female","Foreign",21,20,29,9,1,1,0,-5,22,27,0
"1","102",2010,"male","Austrian",-10,-12,2,14,2,11,9,-16,23,39,1
"1","102",2010,"male","Foreign",13,10,20,10,3,3,0,-8,10,18,0
"1","102",2010,"female","Austrian",-15,-9,2,11,-6,8,14,-8,18,26,0
"1","102",2010,"female","Foreign",14,16,29,13,-2,0,2,-6,16,22,0
"1","102",2011,"male","Austrian",-6,-3,8,11,-3,10,13,-5,32,37,0
"1","102",2011,"male","Foreign",23,18,34,16,5,7,2,-7,16,23,0
"1","102",2011,"female","Austrian",-8,-7,2,9,-1,8,9,6,37,31,2
"1","102",2011,"female","Foreign",15,12,26,14,3,4,1,-1,19,20,0
"1","102",2012,"male","Austrian",-9,-2,6,8,-7,4,11,-7,21,28,2
"1","102",2012,"male","Foreign",6,7,26,19,-1,0,1,-21,8,29,3
"1","102",2012,"female","Austrian",-2,-2,2,4,0,11,11,-10,18,28,1
"1","102",2012,"female","Foreign",25,24,42,18,1,4,3,-21,15,36,2
"1","102",2013,"male","Austrian",-6,-8,5,13,2,12,10,0,27,27,1
"1","102",2013,"male","Foreign",20,21,30,9,-1,1,2,-14,8,22,1
"1","102",2013,"female","Austrian",-6,-6,2,8,0,10,10,-4,19,23,0
"1","102",2013,"female","Foreign",18,19,31,12,-1,4,5,-9,24,33,0
"1","102",2014,"male","Austrian",-1,1,10,9,-2,6,8,-7,26,33,0
"1","102",2014,"male","Foreign",20,15,41,26,5,7,2,-10,17,27,0
"1","102",2014,"female","Austrian",5,0,6,6,5,9,4,-15,22,37,1
"1","102",2014,"female","Foreign",20,13,37,24,7,8,1,-6,22,28,0
"1","102",2015,"male","Austrian",4,-5,5,10,9,13,4,-13,24,37,0
"1","102",2015,"male","Foreign",18,22,37,15,-4,1,5,-8,18,26,2
"1","102",2015,"female","Austrian",6,-2,3,5,8,9,1,2,18,16,2
"1","102",2015,"female","Foreign",6,5,27,22,1,2,1,-12,25,37,2
"1","102",2016,"male","Austrian",3,-2,6,8,5,9,4,-9,28,37,1
"1","102",2016,"male","Foreign",1,2,21,19,-1,0,1,3,20,17,0
"1","102",2016,"female","Austrian",-7,-4,7,11,-3,8,11,2,34,32,2
"1","102",2016,"female","Foreign",4,4,30,26,0,1,1,-2,22,24,0
"1","102",2017,"male","Austrian",0,-2,6,8,2,6,4,-1,19,20,0
"1","102",2017,"male","Foreign",14,18,33,15,-4,1,5,3,23,20,0
"1","102",2017,"female","Austrian",0,-3,3,6,3,8,5,-2,26,28,0
"1","102",2017,"female","Foreign",18,20,35,15,-2,3,5,-6,21,27,0
"1","102",2018,"male","Austrian",1,-2,7,9,3,9,6,13,40,27,1
"1","102",2018,"male","Foreign",-3,-2,22,24,-1,1,2,-8,14,22,0
"1","102",2018,"female","Austrian",-3,-1,2,3,-2,6,8,0,32,32,0
"1","102",2018,"female","Foreign",-5,-5,24,29,0,3,3,-2,15,17,1
"1","102",2019,"male","Austrian",-16,-6,4,10,-10,3,13,-13,25,38,1
"1","102",2019,"male","Foreign",13,10,31,21,3,4,1,-2,26,28,2
"1","102",2019,"female","Austrian",-10,-2,5,7,-8,7,15,-2,23,25,3
"1","102",2019,"female","Foreign",-1,-5,23,28,4,5,1,0,23,23,7
"1","102",2020,"male","Austrian",11,8,10,2,3,12,9,-1,30,31,1
"1","102",2020,"male","Foreign",1,5,27,22,-4,1,5,1,26,25,0
"1","102",2020,"female","Austrian",8,7,8,1,1,7,6,-25,25,50,1
"1","102",2020,"female","Foreign",12,11,21,10,1,3,2,0,29,29,0
"1","102",2021,"male","Austrian",1,4,8,4,-3,7,10,-12,26,38,0
"1","102",2021,"male","Foreign",10,11,28,17,-1,3,4,-6,17,23,1
"1","102",2021,"female","Austrian",-6,4,7,3,-10,3,13,-7,27,34,1
"1","102",2021,"female","Foreign",9,15,30,15,-6,2,8,-9,18,27,1
"1","102",2022,"male","Austrian",-1,-3,4,7,2,9,7,-22,19,41,0
"1","102",2022,"male","Foreign",51,50,75,25,1,3,2,6,29,23,4
"1","102",2022,"female","Austrian",4,0,6,6,4,10,6,-17,18,35,2
"1","102",2022,"female","Foreign",86,85,112,27,1,7,6,-14,28,42,2
"1","102",2023,"male","Austrian",1,1,9,8,0,8,8,-8,22,30,3
"1","102",2023,"male","Foreign",14,15,31,16,-1,3,4,-16,21,37,0
"1","102",2023,"female","Austrian",0,-2,4,6,2,9,7,2,33,31,0
"1","102",2023,"female","Foreign",15,19,30,11,-4,3,7,-13,33,46,4
"1","103",2007,"male","Austrian",-9,-11,8,19,2,7,5,1,36,35,3
"1","103",2007,"male","Foreign",6,5,29,24,1,2,1,-17,24,41,0
"1","103",2007,"female","Austrian",-8,-11,7,18,3,13,10,-7,24,31,0
"1","103",2007,"female","Foreign",15,12,28,16,3,4,1,-2,25,27,5
"1","103",2008,"male","Austrian",-4,-9,9,18,5,15,10,-1,36,37,1
"1","103",2008,"male","Foreign",9,11,33,22,-2,1,3,-7,15,22,2
"1","103",2008,"female","Austrian",-3,-2,8,10,-1,12,13,-12,34,46,4
"1","103",2008,"female","Foreign",10,11,38,27,-1,4,5,-6,19,25,3
"1","103",2009,"male","Austrian",5,1,13,12,4,13,9,-2,36,38,1
"1","103",2009,"male","Foreign",7,4,35,31,3,5,2,-9,17,26,0
"1","103",2009,"female","Austrian",-4,-8,5,13,4,15,11,-11,27,38,0
"1","103",2009,"female","Foreign",21,16,45,29,5,7,2,-6,19,25,2
"1","103",2010,"male","Austrian",-4,-5,5,10,1,14,13,-11,36,47,6
"1","103",2010,"male","Foreign",13,15,40,25,-2,3,5,-25,16,41,1
"1","103",2010,"female","Austrian",2,-4,4,8,6,14,8,-12,30,42,6
"1","103",2010,"female","Foreign",3,2,39,37,1,10,9,-16,20,36,3
"1","103",2011,"male","Austrian",3,1,4,3,2,10,8,7,35,28,4
"1","103",2011,"male","Foreign",4,0,36,36,4,5,1,5,25,20,1
"1","103",2011,"female","Austrian",-9,-6,4,10,-3,8,11,-1,33,34,3
"1","103",2011,"female","Foreign",20,15,43,28,5,6,1,-10,23,33,1
"1","103",2012,"male","Austrian",-1,-3,7,10,2,13,11,-4,35,39,5
"1","103",2012,"male","Foreign",17,18,40,22,-1,3,4,-2,19,21,1
"1","103",2012,"female","Austrian",6,1,5,4,5,13,8,-3,46,49,2
"1","103",2012,"female","Foreign",14,18,45,27,-4,4,8,-12,24,36,1
"1","103",2013,"male","Austrian",-4,-6,8,14,2,9,7,-18,40,58,2
"1","103",2013,"male","Foreign",15,10,31,21,5,7,2,4,29,25,0
"1","103",2013,"female","Austrian",1,-5,2,7,6,15,9,-7,37,44,4
"1","103",2013,"female","Foreign",23,21,49,28,2,5,3,-8,30,38,0
"1","103",2014,"male","Austrian",6,1,7,6,5,18,13,-21,28,49,4
"1","103",2014,"male","Foreign",2,-1,33,34,3,5,2,5,22,17,3
"1","103",2014,"female","Austrian",2,-2,5,7,4,14,10,-15,25,40,4
"1","103",2014,"female","Foreign",14,4,42,38,10,14,4,0,24,24,2
"1","103",2015,"male","Austrian",-8,-6,4,10,-2,12,14,-4,32,36,3
"1","103",2015,"male","Foreign",7,4,34,30,3,3,0,-9,22,31,3
"1","103",2015,"female","Austrian",1,-2,1,3,3,12,9,-12,29,41,2
"1","103",2015,"female","Foreign",21,18,50,32,3,6,3,-14,23,37,1
"1","103",2016,"male","Austrian",3,-3,6,9,6,13,7,1,48,47,3
"1","103",2016,"male","Foreign",16,12,40,28,4,6,2,0,33,33,4
"1","103",2016,"female","Austrian",-4,-4,6,10,0,10,10,3,38,35,4
"1","103",2016,"female","Foreign",23,20,42,22,3,11,8,5,41,36,5
"1","103",2017,"male","Austrian",2,-2,5,7,4,11,7,5,32,27,2
"1","103",2017,"male","Foreign",13,14,42,28,-1,2,3,-10,21,31,0
"1","103",2017,"female","Austrian",-1,3,7,4,-4,7,11,3,24,21,2
"1","103",2017,"female","Foreign",8,9,33,24,-1,3,4,-5,32,37,1
"1","103",2018,"male","Austrian",-5,-5,4,9,0,11,11,-5,35,40,1
"1","103",2018,"male","Foreign",-1,-1,32,33,0,3,3,-4,23,27,2
"1","103",2018,"female","Austrian",4,0,3,3,4,15,11,-5,25,30,3
"1","103",2018,"female","Foreign",6,5,40,35,1,2,1,4,30,26,1
"1","103",2019,"male","Austrian",8,2,7,5,6,18,12,-14,34,48,4
"1","103",2019,"male","Foreign",23,21,41,20,2,4,2,-10,18,28,2
"1","103",2019,"female","Austrian",0,-5,6,11,5,11,6,-29,26,55,2
"1","103",2019,"female","Foreign",12,11,39,28,1,6,5,-19,22,41,2
"1","103",2020,"male","Austrian",4,4,14,10,0,13,13,-12,37,49,0
"1","103",2020,"male","Foreign",7,2,30,28,5,9,4,-1,36,37,1
"1","103",2020,"female","Austrian",-2,-3,4,7,1,10,9,-4,37,41,1
"1","103",2020,"female","Foreign",-3,-3,29,32,0,6,6,0,35,35,0
"1","103",2021,"male","Austrian",7,2,5,3,5,16,11,-9,33,42,1
"1","103",2021,"male","Foreign",-4,1,42,41,-5,1,6,-1,29,30,6
"1","103",2021,"female","Austrian",-1,1,11,10,-2,10,12,-14,19,33,0
"1","103",2021,"female","Foreign",21,15,44,29,6,10,4,-10,26,36,4
"1","103",2022,"male","Austrian",-3,-5,4,9,2,20,18,-6,34,40,2
"1","103",2022,"male","Foreign",74,76,105,29,-2,6,8,-36,26,62,7
"1","103",2022,"female","Austrian",-10,-10,5,15,0,12,12,12,44,32,2
"1","103",2022,"female","Foreign",137,139,174,35,-2,6,8,-38,45,83,8
"1","103",2023,"male","Austrian",-6,1,3,2,-7,9,16,-10,34,44,1
"1","103",2023,"male","Foreign",21,25,52,27,-4,5,9,-15,22,37,5
"1","103",2023,"female","Austrian",2,1,3,2,1,11,10,-19,33,52,2
"1","103",2023,"female","Foreign",4,7,38,31,-3,8,11,-26,27,53,7
"1","104",2007,"male","Austrian",1,4,7,3,-3,10,13,-15,29,44,1
"1","104",2007,"male","Foreign",5,7,22,15,-2,0,2,-5,15,20,1
"1","104",2007,"female","Austrian",-5,-2,2,4,-3,8,11,1,28,27,2
"1","104",2007,"female","Foreign",-1,-2,11,13,1,2,1,-9,8,17,0
"1","104",2008,"male","Austrian",0,-2,7,9,2,10,8,-9,21,30,0
"1","104",2008,"male","Foreign",4,6,22,16,-2,1,3,-3,8,11,0
"1","104",2008,"female","Austrian",-7,2,5,3,-9,10,19,-11,27,38,1
"1","104",2008,"female","Foreign",16,17,27,10,-1,0,1,-12,9,21,3
"1","104",2009,"male","Austrian",4,-1,5,6,5,13,8,-23,18,41,4
"1","104",2009,"male","Foreign",4,5,28,23,-1,2,3,-19,7,26,1
"1","104",2009,"female","Austrian",-2,-10,3,13,8,14,6,-5,20,25,0
"1","104",2009,"female","Foreign",18,19,37,18,-1,1,2,-3,12,15,0
"1","104",2010,"male","Austrian",2,-3,6,9,5,12,7,-12,24,36,3
"1","104",2010,"male","Foreign",3,4,19,15,-1,1,2,-3,10,13,1
"1","104",2010,"female","Austrian",6,-6,2,8,12,20,8,-15,22,37,0
"1","104",2010,"female","Foreign",2,1,29,28,1,3,2,8,23,15,0
"1","104",2011,"male","Austrian",4,-2,2,4,6,14,8,-2,22,24,0
"1","104",2011,"male","Foreign",2,1,19,18,1,4,3,-5,13,18,0
"1","104",2011,"female","Austrian",0,-4,1,5,4,11,7,-10,18,28,2
"1","104",2011,"female","Foreign",6,8,30,22,-2,2,4,2,23,21,0
"1","104",2012,"male","Austrian",-10,-6,1,7,-4,9,13,0,30,30,1
"1","104",2012,"male","Foreign",16,15,31,16,1,2,1,3,14,11,2
"1","104",2012,"female","Austrian",2,3,5,2,-1,13,14,-10,23,33,3
"1","104",2012,"female","Foreign",26,26,51,25,0,1,1,-7,16,23,1
"1","104",2013,"male","Austrian",-4,-2,4,6,-2,7,9,0,29,29,1
"1","104",2013,"male","Foreign",21,20,37,17,1,3,2,-2,16,18,0
"1","104",2013,"female","Austrian",4,4,6,2,0,8,8,0,29,29,0
"1","104",2013,"female","Foreign",6,6,36,30,0,2,2,-10,15,25,0
"1","104",2014,"male","Austrian",7,-3,2,5,10,14,4,-4,32,36,3
"1","104",2014,"male","Foreign",-2,-2,28,30,0,2,2,-4,11,15,2
"1","104",2014,"female","Austrian",2,0,3,3,2,9,7,-18,28,46,1
"1","104",2014,"female","Foreign",9,10,35,25,-1,0,1,-6,18,24,2
"1","104",2015,"male","Austrian",-7,-8,3,11,1,9,8,-7,27,34,3
"1","104",2015,"male","Foreign",6,4,25,21,2,3,1,-4,17,21,0
"1","104",2015,"female","Austrian",7,1,5,4,6,8,2,-10,19,29,0
"1","104",2015,"female","Foreign",13,11,26,15,2,3,1,-14,11,25,5
"1","104",2016,"male","Austrian",8,0,5,5,8,20,12,1,25,24,1
"1","104",2016,"male","Foreign",20,12,28,16,8,10,2,-9,17,26,0
"1","104",2016,"female","Austrian",5,0,3,3,5,8,3,-15,12,27,1
"1","104",2016,"female","Foreign",20,17,40,23,3,8,5,-7,21,28,5
"1","104",2017,"male","Austrian",-2,-3,3,6,1,13,12,-2,27,29,4
"1","104",2017,"male","Foreign",7,4,27,23,3,4,1,-1,15,16,1
"1","104",2017,"female","Austrian",-1,-4,4,8,3,11,8,5,27,22,1
"1","104",2017,"female","Foreign",-13,-12,20,32,-1,2,3,14,33,19,1
"1","104",2018,"male","Austrian",1,-1,4,5,2,8,6,-7,21,28,2
"1","104",2018,"male","Foreign",-3,-1,33,34,-2,2,4,-2,20,22,2
"1","104",2018,"female","Austrian",-4,-1,3,4,-3,11,14,-14,22,36,1
"1","104",2018,"female","Foreign",11,15,42,27,-4,1,5,-1,18,19,3
"1","104",2019,"male","Austrian",-1,-1,4,5,0,8,8,-1,26,27,1
"1","104",2019,"male","Foreign",18,19,33,14,-1,3,4,-2,22,24,0
"1","104",2019,"female","Austrian",1,-2,2,4,3,8,5,-8,23,31,1
"1","104",2019,"female","Foreign",2,2,29,27,0,2,2,-10,25,35,3
"1","104",2020,"male","Austrian",2,3,5,2,-1,4,5,-16,19,35,1
"1","104",2020,"male","Foreign",0,0,26,26,0,1,1,-9,10,19,2
"1","104",2020,"female","Austrian",-4,-1,3,4,-3,7,10,-11,18,29,2
"1","104",2020,"female","Foreign",-8,-6,21,27,-2,1,3,-18,15,33,1
"1","104",2021,"male","Austrian",-5,0,4,4,-5,8,13,-29,16,45,8
"1","104",2021,"male","Foreign",4,9,24,15,-5,2,7,-4,16,20,0
"1","104",2021,"female","Austrian",1,-1,3,4,2,8,6,-12,16,28,2
"1","104",2021,"female","Foreign",-4,1,25,24,-5,0,5,2,22,20,3
"1","104",2022,"male","Austrian",1,3,5,2,-2,12,14,-6,20,26,2
"1","104",2022,"male","Foreign",39,39,66,27,0,7,7,-16,17,33,3
"1","104",2022,"female","Austrian",-1,-2,2,4,1,13,12,-14,15,29,1
"1","104",2022,"female","Foreign",66,71,94,23,-5,3,8,-5,26,31,3
"1","104",2023,"male","Austrian",-4,-4,0,4,0,12,12,-16,21,37,1
"1","104",2023,"male","Foreign",56,58,93,35,-2,4,6,-55,23,78,2
"1","104",2023,"female","Austrian",1,2,7,5,-1,7,8,-1,24,25,1
"1","104",2023,"female","Foreign",9,6,48,42,3,7,4,-20,23,43,0
"1","105",2007,"male","Austrian",-1,-2,7,9,1,14,13,-2,49,51,2
"1","105",2007,"male","Foreign",22,18,30,12,4,5,1,1,12,11,0
"1","105",2007,"female","Austrian",-8,-17,2,19,9,24,15,17,46,29,1
"1","105",2007,"female","Foreign",12,10,21,11,2,2,0,-3,12,15,0
"1","105",2008,"male","Austrian",-2,-4,8,12,2,17,15,-12,40,52,2
"1","105",2008,"male","Foreign",-9,-8,22,30,-1,0,1,-15,12,27,0
"1","105",2008,"female","Austrian",-23,-14,2,16,-9,9,18,-15,30,45,5
"1","105",2008,"female","Foreign",9,6,30,24,3,4,1,-22,6,28,0
"1","105",2009,"male","Austrian",-1,-1,7,8,0,15,15,-8,39,47,5
"1","105",2009,"male","Foreign",12,15,31,16,-3,1,4,-12,15,27,0
"1","105",2009,"female","Austrian",4,-1,3,4,5,19,14,-20,37,57,3
"1","105",2009,"female","Foreign",1,8,27,19,-7,1,8,-10,11,21,0
"1","105",2010,"male","Austrian",1,-3,6,9,4,15,11,5,55,50,3
"1","105",2010,"male","Foreign",5,8,26,18,-3,0,3,1,25,24,1
"1","105",2010,"female","Austrian",11,3,10,7,8,23,15,-12,40,52,7
"1","105",2010,"female","Foreign",25,25,44,19,0,4,4,10,39,29,2
"1","105",2011,"male","Austrian",7,-4,4,8,11,18,7,-24,33,57,3
"1","105",2011,"male","Foreign",6,9,34,25,-3,3,6,0,28,28,1
"1","105",2011,"female","Austrian",10,-2,1,3,12,20,8,-15,33,48,4
"1","105",2011,"female","Foreign",4,6,34,28,-2,4,6,5,38,33,3
"1","105",2012,"male","Austrian",11,1,8,7,10,24,14,1,40,39,4
"1","105",2012,"male","Foreign",0,0,21,21,0,6,6,-17,17,34,2
"1","105",2012,"female","Austrian",10,1,5,4,9,21,12,5,39,34,5
"1","105",2012,"female","Foreign",9,10,34,24,-1,5,6,-19,18,37,1
"1","105",2013,"male","Austrian",-3,0,8,8,-3,13,16,-18,35,53,2
"1","105",2013,"male","Foreign",12,8,24,16,4,5,1,0,26,26,0
"1","105",2013,"female","Austrian",1,1,8,7,0,19,19,-22,34,56,2
"1","105",2013,"female","Foreign",19,11,27,16,8,9,1,-1,31,32,1
"1","105",2014,"male","Austrian",-8,-6,6,12,-2,12,14,-5,40,45,3
"1","105",2014,"male","Foreign",37,31,51,20,6,14,8,-12,20,32,0
"1","105",2014,"female","Austrian",7,0,9,9,7,17,10,-8,32,40,1
"1","105",2014,"female","Foreign",43,38,58,20,5,10,5,-3,36,39,1
"1","105",2015,"male","Austrian",7,-2,10,12,9,16,7,-5,39,44,4
"1","105",2015,"male","Foreign",11,14,36,22,-3,2,5,-10,24,34,1
"1","105",2015,"female","Austrian",3,2,7,5,1,11,10,-26,28,54,3
"1","105",2015,"female","Foreign",11,11,43,32,0,5,5,-5,31,36,2
"1","105",2016,"male","Austrian",-2,-3,6,9,1,15,14,7,46,39,0
"1","105",2016,"male","Foreign",15,13,37,24,2,6,4,-15,22,37,1
"1","105",2016,"female","Austrian",-2,-3,4,7,1,15,14,-6,40,46,7
"1","105",2016,"female","Foreign",18,16,38,22,2,8,6,-16,24,40,3
"1","105",2017,"male","Austrian",-4,1,8,7,-5,11,16,-11,34,45,4
"1","105",2017,"male","Foreign",-11,-14,20,34,3,4,1,8,30,22,1
"1","105",2017,"female","Austrian",2,7,11,4,-5,8,13,-17,30,47,5
"1","105",2017,"female","Foreign",-2,-3,21,24,1,5,4,-3,31,34,0
"1","105",2018,"male","Austrian",6,-1,6,7,7,15,8,-3,31,34,4
"1","105",2018,"male","Foreign",3,3,28,25,0,3,3,-3,25,28,3
"1","105",2018,"female","Austrian",4,-3,3,6,7,22,15,-5,31,36,11
"1","105",2018,"female","Foreign",3,1,32,31,2,4,2,-15,20,35,1
"1","105",2019,"male","Austrian",-13,-4,6,10,-9,5,14,-7,40,47,8
"1","105",2019,"male","Foreign",13,10,25,15,3,5,2,0,22,22,2
"1","105",2019,"female","Austrian",-2,-3,2,5,1,9,8,-5,40,45,6
"1","105",2019,"female","Foreign",20,22,48,26,-2,3,5,0,22,22,0
"1","105",2020,"male","Austrian",-2,-1,13,14,-1,16,17,-14,39,53,2
"1","105",2020,"male","Foreign",7,8,33,25,-1,2,3,-5,23,28,1
"1","105",2020,"female","Austrian",2,-2,5,7,4,18,14,-9,38,47,2
"1","105",2020,"female","Foreign",-7,-5,22,27,-2,1,3,-3,30,33,3
"1","105",2021,"male","Austrian",1,7,8,1,-6,11,17,12,51,39,13
"1","105",2021,"male","Foreign",6,8,40,32,-2,3,5,-1,29,30,4
"1","105",2021,"female","Austrian",2,5,7,2,-3,24,27,3,43,40,9
"1","105",2021,"female","Foreign",20,21,44,23,-1,3,4,-4,27,31,7
"1","105",2022,"male","Austrian",7,-1,8,9,8,29,21,10,63,53,3
"1","105",2022,"male","Foreign",87,78,103,25,9,10,1,72,112,40,4
"1","105",2022,"female","Austrian",-2,0,7,7,-2,16,18,4,46,42,3
"1","105",2022,"female","Foreign",135,130,169,39,5,11,6,123,194,71,4
"1","105",2023,"male","Austrian",-8,0,9,9,-8,20,28,-1,45,46,8
"1","105",2023,"male","Foreign",95,63,110,47,32,36,4,-19,99,118,2
"1","105",2023,"female","Austrian",-8,-6,4,10,-2,16,18,7,54,47,8
"1","105",2023,"female","Foreign",132,85,169,84,47,58,11,5,198,193,3
"1","106",2007,"male","Austrian",-6,-1,8,9,-5,11,16,0,58,58,8
"1","106",2007,"male","Foreign",17,18,35,17,-1,1,2,-5,20,25,1
"1","106",2007,"female","Austrian",4,-6,8,14,10,19,9,-8,48,56,9
"1","106",2007,"female","Foreign",7,6,21,15,1,4,3,-7,23,30,0
"1","106",2008,"male","Austrian",-2,-1,9,10,-1,13,14,5,61,56,6
"1","106",2008,"male","Foreign",16,14,34,20,2,4,2,-11,14,25,0
"1","106",2008,"female","Austrian",-18,-11,2,13,-7,15,22,-1,53,54,4
"1","106",2008,"female","Foreign",24,25,45,20,-1,1,2,-10,20,30,0
"1","106",2009,"male","Austrian",-2,-3,12,15,1,19,18,-14,44,58,5
"1","106",2009,"male","Foreign",1,0,22,22,1,2,1,-3,16,19,2
"1","106",2009,"female","Austrian",-19,-5,5,10,-14,21,35,-12,51,63,3
"1","106",2009,"female","Foreign",13,11,33,22,2,7,5,3,24,21,1
"1","106",2010,"male","Austrian",16,1,15,14,15,32,17,-21,42,63,2
"1","106",2010,"male","Foreign",18,21,38,17,-3,0,3,-17,20,37,1
"1","106",2010,"female","Austrian",11,-6,10,16,17,27,10,-8,47,55,3
"1","106",2010,"female","Foreign",21,22,40,18,-1,0,1,-13,21,34,0
"1","106",2011,"male","Austrian",5,2,12,10,3,18,15,-22,51,73,1
"1","106",2011,"male","Foreign",-10,-11,24,35,1,3,2,2,26,24,0
"1","106",2011,"female","Austrian",-10,-6,5,11,-4,13,17,-34,45,79,1
"1","106",2011,"female","Foreign",1,4,26,22,-3,1,4,-12,15,27,2
"1","106",2012,"male","Austrian",3,2,7,5,1,12,11,-22,49,71,5
"1","106",2012,"male","Foreign",13,12,35,23,1,2,1,-15,18,33,1
"1","106",2012,"female","Austrian",-2,-4,7,11,2,16,14,-17,42,59,5
"1","106",2012,"female","Foreign",17,18,36,18,-1,2,3,-7,25,32,1
"1","106",2013,"male","Austrian",4,-2,8,10,6,22,16,-5,52,57,2
"1","106",2013,"male","Foreign",10,7,34,27,3,4,1,-10,17,27,0
"1","106",2013,"female","Austrian",0,-3,3,6,3,14,11,0,54,54,3
"1","106",2013,"female","Foreign",12,11,39,28,1,3,2,-10,19,29,2
"1","106",2014,"male","Austrian",4,-1,9,10,5,21,16,-13,52,65,5
"1","106",2014,"male","Foreign",17,13,36,23,4,6,2,0,22,22,0
"1","106",2014,"female","Austrian",12,7,10,3,5,19,14,10,60,50,1
"1","106",2014,"female","Foreign",18,20,42,22,-2,4,6,-6,28,34,0
"1","106",2015,"male","Austrian",-3,-5,5,10,2,18,16,5,50,45,2
"1","106",2015,"male","Foreign",37,31,49,18,6,9,3,-3,25,28,6
"1","106",2015,"female","Austrian",15,2,8,6,13,28,15,10,47,37,4
"1","106",2015,"female","Foreign",18,18,50,32,0,8,8,-11,24,35,4
"1","106",2016,"male","Austrian",0,2,14,12,-2,16,18,19,75,56,4
"1","106",2016,"male","Foreign",24,20,46,26,4,7,3,-13,32,45,5
"1","106",2016,"female","Austrian",-16,1,5,4,-17,6,23,-6,59,65,3
"1","106",2016,"female","Foreign",16,15,35,20,1,3,2,-17,35,52,3
"1","106",2017,"male","Austrian",3,-4,10,14,7,20,13,-3,70,73,3
"1","106",2017,"male","Foreign",13,14,46,32,-1,3,4,-13,27,40,5
"1","106",2017,"female","Austrian",8,-3,8,11,11,26,15,14,67,53,3
"1","106",2017,"female","Foreign",38,35,54,19,3,4,1,-3,38,41,2
"1","106",2018,"male","Austrian",5,-1,8,9,6,18,12,-10,50,60,3
"1","106",2018,"male","Foreign",21,19,55,36,2,5,3,-18,22,40,2
"1","106",2018,"female","Austrian",-8,-7,2,9,-1,17,18,-20,42,62,5
"1","106",2018,"female","Foreign",16,15,46,31,1,3,2,-27,25,52,2
"1","106",2019,"male","Austrian",0,-2,6,8,2,16,14,-36,42,78,6
"1","106",2019,"male","Foreign",21,18,47,29,3,9,6,-20,24,44,0
"1","106",2019,"female","Austrian",1,-3,6,9,4,19,15,-24,45,69,4
"1","106",2019,"female","Foreign",17,14,42,28,3,9,6,-16,28,44,0
"1","106",2020,"male","Austrian",0,1,7,6,-1,12,13,-19,44,63,5
"1","106",2020,"male","Foreign",15,18,44,26,-3,2,5,-3,32,35,7
"1","106",2020,"female","Austrian",-13,-9,4,13,-4,17,21,-12,71,83,3
"1","106",2020,"female","Foreign",13,13,35,22,0,3,3,3,38,35,11
"1","106",2021,"male","Austrian",-8,-5,3,8,-3,13,16,-1,49,50,3
"1","106",2021,"male","Foreign",11,10,38,28,1,5,4,-22,21,43,2
"1","106",2021,"female","Austrian",-13,-3,3,6,-10,16,26,-25,39,64,2
"1","106",2021,"female","Foreign",14,15,39,24,-1,2,3,-1,35,36,5
"1","106",2022,"male","Austrian",-6,1,7,6,-7,17,24,-23,38,61,2
"1","106",2022,"male","Foreign",83,86,108,22,-3,3,6,-36,32,68,2
"1","106",2022,"female","Austrian",-30,-12,3,15,-18,7,25,-17,38,55,0
"1","106",2022,"female","Foreign",107,116,155,39,-9,3,12,-16,62,78,4
"1","106",2023,"male","Austrian",5,2,5,3,3,22,19,-4,38,42,4
"1","106",2023,"male","Foreign",0,1,29,28,-1,3,4,-11,32,43,3
"1","106",2023,"female","Austrian",6,3,8,5,3,20,17,-24,34,58,6
"1","106",2023,"female","Foreign",23,23,51,28,0,5,5,-20,36,56,4
"1","107",2007,"male","Austrian",-6,-11,7,18,5,22,17,5,68,63,4
"1","107",2007,"male","Foreign",7,11,33,22,-4,2,6,-10,24,34,0
"1","107",2007,"female","Austrian",-5,-4,4,8,-1,18,19,-22,44,66,2
"1","107",2007,"female","Foreign",7,6,24,18,1,5,4,-6,22,28,2
"1","107",2008,"male","Austrian",0,-5,5,10,5,22,17,-12,49,61,2
"1","107",2008,"male","Foreign",7,11,42,31,-4,1,5,-3,29,32,1
"1","107",2008,"female","Austrian",-11,-10,4,14,-1,18,19,-22,35,57,3
"1","107",2008,"female","Foreign",15,12,42,30,3,5,2,14,38,24,1
"1","107",2009,"male","Austrian",11,2,11,9,9,24,15,-3,45,48,6
"1","107",2009,"male","Foreign",20,18,45,27,2,3,1,-17,20,37,2
"1","107",2009,"female","Austrian",6,2,8,6,4,18,14,-5,46,51,4
"1","107",2009,"female","Foreign",14,10,41,31,4,10,6,-6,22,28,2
"1","107",2010,"male","Austrian",-9,-14,3,17,5,20,15,-22,44,66,8
"1","107",2010,"male","Foreign",17,17,48,31,0,1,1,-24,14,38,2
"1","107",2010,"female","Austrian",6,-8,7,15,14,28,14,-11,50,61,2
"1","107",2010,"female","Foreign",1,3,45,42,-2,0,2,-13,28,41,0
"1","107",2011,"male","Austrian",11,12,17,5,-1,20,21,-14,51,65,3
"1","107",2011,"male","Foreign",20,23,46,23,-3,4,7,-8,25,33,0
"1","107",2011,"female","Austrian",7,0,4,4,7,22,15,-17,37,54,1
"1","107",2011,"female","Foreign",28,21,45,24,7,7,0,-5,27,32,2
"1","107",2012,"male","Austrian",10,1,12,11,9,21,12,-13,42,55,8
"1","107",2012,"male","Foreign",19,17,42,25,2,5,3,-1,27,28,4
"1","107",2012,"female","Austrian",-6,-6,5,11,0,16,16,-10,36,46,3
"1","107",2012,"female","Foreign",18,14,45,31,4,6,2,4,33,29,6
"1","107",2013,"male","Austrian",13,2,11,9,11,25,14,-7,53,60,1
"1","107",2013,"male","Foreign",20,24,51,27,-4,2,6,-20,21,41,1
"1","107",2013,"female","Austrian",10,-3,7,10,13,25,12,-10,46,56,3
"1","107",2013,"female","Foreign",-5,-2,40,42,-3,3,6,-14,24,38,0
"1","107",2014,"male","Austrian",1,-6,8,14,7,22,15,1,57,56,4
"1","107",2014,"male","Foreign",10,14,44,30,-4,1,5,-20,19,39,5
"1","107",2014,"female","Austrian",4,1,4,3,3,11,8,-18,49,67,0
"1","107",2014,"female","Foreign",23,25,47,22,-2,2,4,8,47,39,6
"1","107",2015,"male","Austrian",-12,-4,11,15,-8,10,18,-6,44,50,2
"1","107",2015,"male","Foreign",28,24,42,18,4,9,5,-6,26,32,0
"1","107",2015,"female","Austrian",7,0,6,6,7,15,8,-1,40,41,2
"1","107",2015,"female","Foreign",20,18,47,29,2,6,4,-6,34,40,3
"1","107",2016,"male","Austrian",12,-2,9,11,14,26,12,-11,43,54,3
"1","107",2016,"male","Foreign",9,8,42,34,1,3,2,-10,39,49,0
"1","107",2016,"female","Austrian",-1,1,9,8,-2,19,21,-3,51,54,5
"1","107",2016,"female","Foreign",13,10,47,37,3,7,4,4,42,38,1
"1","107",2017,"male","Austrian",-3,4,11,7,-7,13,20,-4,47,51,1
"1","107",2017,"male","Foreign",32,27,56,29,5,5,0,-6,37,43,1
"1","107",2017,"female","Austrian",5,2,7,5,3,17,14,-4,44,48,2
"1","107",2017,"female","Foreign",9,9,43,34,0,5,5,1,38,37,3
"1","107",2018,"male","Austrian",-5,-4,6,10,-1,23,24,-12,50,62,7
"1","107",2018,"male","Foreign",2,2,39,37,0,4,4,0,41,41,5
"1","107",2018,"female","Austrian",-11,-7,5,12,-4,20,24,-4,38,42,2
"1","107",2018,"female","Foreign",11,10,47,37,1,6,5,13,50,37,6
"1","107",2019,"male","Austrian",-6,-2,8,10,-4,18,22,-2,55,57,9
"1","107",2019,"male","Foreign",10,8,47,39,2,5,3,-20,22,42,7
"1","107",2019,"female","Austrian",4,1,7,6,3,18,15,-34,36,70,3
"1","107",2019,"female","Foreign",23,22,55,33,1,3,2,-27,27,54,5
"1","107",2020,"male","Austrian",11,-1,12,13,12,21,9,-16,39,55,3
"1","107",2020,"male","Foreign",21,23,47,24,-2,1,3,-11,35,46,5
"1","107",2020,"female","Austrian",5,-2,8,10,7,16,9,-21,30,51,8
"1","107",2020,"female","Foreign",3,-3,33,36,6,11,5,-23,40,63,8
"1","107",2021,"male","Austrian",6,4,7,3,2,18,16,-11,33,44,4
"1","107",2021,"male","Foreign",-5,-1,31,32,-4,3,7,-9,29,38,0
"1","107",2021,"female","Austrian",-6,2,9,7,-8,12,20,-5,37,42,9
"1","107",2021,"female","Foreign",-9,-7,28,35,-2,3,5,-10,36,46,0
"1","107",2022,"male","Austrian",-2,-3,7,10,1,16,15,-20,39,59,2
"1","107",2022,"male","Foreign",75,69,103,34,6,9,3,-19,44,63,2
"1","107",2022,"female","Austrian",8,-4,7,11,12,21,9,-25,40,65,2
"1","107",2022,"female","Foreign",134,132,166,34,2,13,11,-25,55,80,0
"1","107",2023,"male","Austrian",-10,-5,10,15,-5,12,17,-13,49,62,3
"1","107",2023,"male","Foreign",-3,-2,37,39,-1,4,5,-15,40,55,2
"1","107",2023,"female","Austrian",-14,-7,1,8,-7,11,18,-19,37,56,3
"1","107",2023,"female","Foreign",-6,-9,36,45,3,6,3,-33,47,80,3
"1","199",2007,"male","Austrian",-11,-8,0,8,-3,0,3,-25,1,26,0
"1","199",2007,"male","Foreign",-5,-6,1,7,1,2,1,-7,1,8,0
"1","199",2007,"female","Austrian",-9,-4,0,4,-5,1,6,-15,1,16,0
"1","199",2007,"female","Foreign",-3,-3,1,4,0,0,0,-13,0,13,0
"1","199",2008,"male","Austrian",1,2,2,0,-1,0,1,1,2,1,0
"1","199",2008,"male","Foreign",-1,-1,0,1,0,0,0,-6,0,6,0
"1","199",2008,"female","Austrian",-2,0,0,0,-2,0,2,2,2,0,0
"1","199",2008,"female","Foreign",-1,-1,1,2,0,0,0,-2,0,2,0
"1","199",2009,"male","Austrian",0,0,0,0,0,0,0,-2,0,2,0
"1","199",2009,"male","Foreign",0,0,0,0,0,0,0,0,0,0,0
"1","199",2009,"female","Austrian",-1,-1,0,1,0,0,0,-1,1,2,0
"1","199",2009,"female","Foreign",2,2,2,0,0,0,0,1,1,0,0
"1","199",2010,"male","Austrian",-3,-3,0,3,0,0,0,-3,0,3,0
"1","199",2010,"male","Foreign",1,1,1,0,0,0,0,-1,0,1,0
"1","199",2010,"female","Austrian",0,0,0,0,0,0,0,-4,1,5,0
"1","199",2010,"female","Foreign",-1,0,0,0,-1,0,1,0,0,0,0
"1","199",2011,"male","Austrian",-2,0,0,0,-2,0,2,-1,0,1,0
"1","199",2011,"male","Foreign",0,0,0,0,0,0,0,0,0,0,0
"1","199",2011,"female","Austrian",-2,0,0,0,-2,0,2,-1,0,1,0
"1","199",2011,"female","Foreign",0,0,0,0,0,0,0,1,1,0,0
"1","199",2012,"male","Austrian",-1,0,0,0,-1,0,1,-1,0,1,0
"1","199",2012,"male","Foreign",0,0,0,0,0,0,0,-1,0,1,0
"1","199",2012,"female","Austrian",0,0,0,0,0,0,0,0,0,0,0
"1","199",2012,"female","Foreign",-1,0,0,0,-1,0,1,-1,0,1,0
"1","199",2013,"male","Austrian",-1,-1,0,1,0,0,0,-5,0,5,0
"1","199",2013,"male","Foreign",-1,0,3,3,-1,0,1,-11,1,12,0
"1","199",2013,"female","Austrian",-3,-1,0,1,-2,0,2,-8,0,8,0
"1","199",2013,"female","Foreign",-1,-1,6,7,0,0,0,-10,1,11,0
"1","199",2014,"male","Austrian",-1,0,0,0,-1,0,1,-2,0,2,0
"1","199",2014,"male","Foreign",1,1,2,1,0,0,0,-2,0,2,0
"1","199",2014,"female","Austrian",1,0,0,0,1,1,0,0,1,1,0
"1","199",2014,"female","Foreign",3,3,4,1,0,0,0,-5,0,5,0
"1","199",2015,"male","Austrian",-1,0,0,0,-1,0,1,1,1,0,0
"1","199",2015,"male","Foreign",0,0,1,1,0,0,0,0,0,0,0
"1","199",2015,"female","Austrian",-1,0,0,0,-1,0,1,-2,0,2,0
"1","199",2015,"female","Foreign",0,0,0,0,0,0,0,0,0,0,0
"1","199",2016,"male","Austrian",0,0,0,0,0,0,0,0,0,0,0
"1","199",2016,"male","Foreign",0,0,0,0,0,0,0,-1,0,1,0
"1","199",2016,"female","Austrian",0,0,0,0,0,0,0,0,0,0,0
"1","199",2016,"female","Foreign",0,0,0,0,0,0,0,0,0,0,0
"1","199",2017,"male","Austrian",0,0,0,0,0,0,0,3,3,0,0
"1","199",2017,"male","Foreign",1,0,0,0,1,1,0,0,0,0,0
"1","199",2017,"female","Austrian",-1,-1,0,1,0,0,0,-2,1,3,0
"1","199",2017,"female","Foreign",0,0,0,0,0,0,0,1,1,0,0
"1","199",2018,"male","Austrian",0,0,0,0,0,0,0,-1,0,1,0
"1","199",2018,"male","Foreign",1,1,1,0,0,0,0,-1,0,1,0
"1","199",2018,"female","Austrian",-1,-1,0,1,0,0,0,-2,0,2,0
"1","199",2018,"female","Foreign",-1,-1,0,1,0,0,0,0,0,0,0
"1","199",2019,"male","Austrian",0,0,0,0,0,0,0,0,0,0,0
"1","199",2019,"male","Foreign",0,0,0,0,0,0,0,0,0,0,0
"1","199",2019,"female","Austrian",0,0,0,0,0,0,0,0,0,0,0
"1","199",2019,"female","Foreign",0,0,0,0,0,0,0,0,0,0,0
"1","199",2020,"male","Austrian",0,0,0,0,0,0,0,0,0,0,0
"1","199",2020,"male","Foreign",0,0,0,0,0,0,0,0,0,0,0
"1","199",2020,"female","Austrian",0,0,0,0,0,0,0,1,1,0,0
"1","199",2020,"female","Foreign",0,0,0,0,0,0,0,0,0,0,0
"1","199",2021,"male","Austrian",0,0,0,0,0,0,0,0,0,0,0
"1","199",2021,"male","Foreign",0,0,0,0,0,0,0,0,0,0,0
"1","199",2021,"female","Austrian",0,0,0,0,0,0,0,0,0,0,0
"1","199",2021,"female","Foreign",1,1,1,0,0,0,0,-1,0,1,0
"1","199",2022,"male","Austrian",0,0,0,0,0,0,0,0,0,0,0
"1","199",2022,"male","Foreign",0,0,0,0,0,0,0,0,0,0,0
"1","199",2022,"female","Austrian",0,0,0,0,0,0,0,0,0,0,0
"1","199",2022,"female","Foreign",0,0,0,0,0,0,0,0,0,0,0
"1","199",2023,"male","Austrian",0,0,0,0,0,0,0,0,0,0,0
"1","199",2023,"male","Foreign",1,1,1,0,0,0,0,-1,0,1,0
"1","199",2023,"female","Austrian",0,0,0,0,0,0,0,0,0,0,0
"1","199",2023,"female","Foreign",0,0,0,0,0,0,0,0,0,0,0
"2","201",2007,"male","Austrian",13,5,21,16,8,57,49,103,299,196,36
"2","201",2007,"male","Foreign",25,22,54,32,3,12,9,28,126,98,9
"2","201",2007,"female","Austrian",-7,-5,6,11,-2,48,50,58,261,203,34
"2","201",2007,"female","Foreign",26,27,57,30,-1,10,11,81,146,65,11
"2","201",2008,"male","Austrian",-2,-20,7,27,18,70,52,207,359,152,49
"2","201",2008,"male","Foreign",25,22,59,37,3,11,8,86,167,81,8
"2","201",2008,"female","Austrian",-7,-2,10,12,-5,44,49,187,357,170,50
"2","201",2008,"female","Foreign",47,41,60,19,6,14,8,111,176,65,9
"2","201",2009,"male","Austrian",22,0,14,14,22,80,58,202,390,188,43
"2","201",2009,"male","Foreign",31,19,77,58,12,17,5,74,176,102,12
"2","201",2009,"female","Austrian",27,0,10,10,27,70,43,227,400,173,47
"2","201",2009,"female","Foreign",40,30,73,43,10,14,4,75,172,97,15
"2","201",2010,"male","Austrian",-6,4,28,24,-10,51,61,72,288,216,19
"2","201",2010,"male","Foreign",11,-3,63,66,14,20,6,30,142,112,8
"2","201",2010,"female","Austrian",-29,-14,3,17,-15,46,61,122,301,179,20
"2","201",2010,"female","Foreign",10,2,64,62,8,12,4,31,149,118,4
"2","201",2011,"male","Austrian",39,-7,22,29,46,103,57,201,384,183,38
"2","201",2011,"male","Foreign",59,44,104,60,15,25,10,89,193,104,9
"2","201",2011,"female","Austrian",25,-3,9,12,28,87,59,207,385,178,42
"2","201",2011,"female","Foreign",70,53,91,38,17,27,10,118,213,95,14
"2","201",2012,"male","Austrian",51,0,23,23,51,121,70,320,504,184,55
"2","201",2012,"male","Foreign",96,90,175,85,6,18,12,111,245,134,19
"2","201",2012,"female","Austrian",45,-6,10,16,51,114,63,336,514,178,46
"2","201",2012,"female","Foreign",105,89,157,68,16,26,10,127,251,124,15
"2","201",2013,"male","Austrian",63,-3,22,25,66,139,73,469,696,227,68
"2","201",2013,"male","Foreign",89,86,151,65,3,19,16,219,392,173,36
"2","201",2013,"female","Austrian",56,-1,13,14,57,130,73,399,592,193,57
"2","201",2013,"female","Foreign",95,86,159,73,9,29,20,249,422,173,35
"2","201",2014,"male","Austrian",23,-5,16,21,28,119,91,113,374,261,54
"2","201",2014,"male","Foreign",115,84,188,104,31,43,12,108,283,175,17
"2","201",2014,"female","Austrian",31,0,12,12,31,109,78,118,368,250,46
"2","201",2014,"female","Foreign",136,124,218,94,12,27,15,70,273,203,18
"2","201",2015,"male","Austrian",-22,-4,21,25,-18,79,97,-64,213,277,32
"2","201",2015,"male","Foreign",106,99,213,114,7,29,22,-20,226,246,20
"2","201",2015,"female","Austrian",0,-7,7,14,7,89,82,21,271,250,28
"2","201",2015,"female","Foreign",100,105,218,113,-5,17,22,-22,200,222,15
"2","201",2016,"male","Austrian",-15,-21,12,33,6,97,91,-20,269,289,43
"2","201",2016,"male","Foreign",67,67,194,127,0,25,25,-17,220,237,25
"2","201",2016,"female","Austrian",-20,-11,9,20,-9,80,89,55,293,238,36
"2","201",2016,"female","Foreign",81,78,180,102,3,29,26,-14,189,203,26
"2","201",2017,"male","Austrian",-41,-15,16,31,-26,84,110,56,291,235,48
"2","201",2017,"male","Foreign",56,48,193,145,8,32,24,75,301,226,28
"2","201",2017,"female","Austrian",-42,-5,13,18,-37,74,111,107,347,240,51
"2","201",2017,"female","Foreign",86,89,183,94,-3,27,30,75,279,204,31
"2","201",2018,"male","Austrian",-29,-6,21,27,-23,64,87,-28,251,279,46
"2","201",2018,"male","Foreign",36,28,146,118,8,26,18,52,301,249,25
"2","201",2018,"female","Austrian",-26,-8,13,21,-18,74,92,-3,262,265,53
"2","201",2018,"female","Foreign",20,29,150,121,-9,18,27,50,247,197,22
"2","201",2019,"male","Austrian",0,-8,17,25,8,107,99,372,620,248,131
"2","201",2019,"male","Foreign",109,101,216,115,8,32,24,179,437,258,50
"2","201",2019,"female","Austrian",-19,-12,11,23,-7,92,99,403,642,239,139
"2","201",2019,"female","Foreign",86,89,200,111,-3,27,30,173,399,226,61
"2","201",2020,"male","Austrian",1,-6,11,17,7,102,95,39,313,274,40
"2","201",2020,"male","Foreign",136,135,272,137,1,31,30,55,346,291,35
"2","201",2020,"female","Austrian",26,-5,14,19,31,104,73,0,278,278,31
"2","201",2020,"female","Foreign",135,137,276,139,-2,33,35,72,325,253,25
"2","201",2021,"male","Austrian",-37,-3,22,25,-34,85,119,-80,258,338,43
"2","201",2021,"male","Foreign",116,115,342,227,1,43,42,-47,276,323,26
"2","201",2021,"female","Austrian",-21,-6,12,18,-15,77,92,-49,223,272,51
"2","201",2021,"female","Foreign",148,154,392,238,-6,27,33,-65,238,303,21
"2","201",2022,"male","Austrian",-36,-11,10,21,-25,104,129,197,484,287,96
"2","201",2022,"male","Foreign",263,242,463,221,21,67,46,76,487,411,49
"2","201",2022,"female","Austrian",-22,-14,14,28,-8,88,96,230,474,244,133
"2","201",2022,"female","Foreign",318,296,572,276,22,60,38,54,476,422,51
"2","201",2023,"male","Austrian",54,8,25,17,46,135,89,389,659,270,120
"2","201",2023,"male","Foreign",135,125,435,310,10,49,39,249,594,345,60
"2","201",2023,"female","Austrian",40,-6,15,21,46,138,92,405,637,232,107
"2","201",2023,"female","Foreign",268,244,532,288,24,55,31,259,575,316,66
"2","202",2007,"male","Austrian",-17,-15,23,38,-2,71,73,-94,229,323,30
"2","202",2007,"male","Foreign",77,72,223,151,5,35,30,-25,341,366,31
"2","202",2007,"female","Austrian",-9,-2,12,14,-7,57,64,-150,191,341,31
"2","202",2007,"female","Foreign",93,87,208,121,6,31,25,-65,244,309,29
"2","202",2008,"male","Austrian",10,-9,29,38,19,86,67,-94,216,310,19
"2","202",2008,"male","Foreign",86,44,191,147,42,79,37,-121,288,409,29
"2","202",2008,"female","Austrian",-3,2,30,28,-5,69,74,-121,232,353,28
"2","202",2008,"female","Foreign",109,67,170,103,42,72,30,-133,177,310,21
"2","202",2009,"male","Austrian",-2,-21,24,45,19,85,66,-104,251,355,25
"2","202",2009,"male","Foreign",85,10,192,182,75,95,20,-117,267,384,46
"2","202",2009,"female","Austrian",17,-2,21,23,19,88,69,-89,240,329,37
"2","202",2009,"female","Foreign",132,84,201,117,48,73,25,-79,229,308,26
"2","202",2010,"male","Austrian",16,-3,28,31,19,83,64,-42,244,286,28
"2","202",2010,"male","Foreign",74,45,230,185,29,54,25,-74,288,362,26
"2","202",2010,"female","Austrian",3,-3,28,31,6,92,86,-75,234,309,16
"2","202",2010,"female","Foreign",85,67,212,145,18,41,23,-118,201,319,30
"2","202",2011,"male","Austrian",11,-9,27,36,20,101,81,-11,303,314,26
"2","202",2011,"male","Foreign",85,57,275,218,28,65,37,-77,302,379,34
"2","202",2011,"female","Austrian",29,-1,16,17,30,109,79,-14,263,277,30
"2","202",2011,"female","Foreign",78,75,224,149,3,41,38,-22,260,282,27
"2","202",2012,"male","Austrian",8,-5,34,39,13,105,92,-45,355,400,22
"2","202",2012,"male","Foreign",150,100,285,185,50,87,37,-145,323,468,37
"2","202",2012,"female","Austrian",50,12,21,9,38,110,72,-66,270,336,23
"2","202",2012,"female","Foreign",151,141,243,102,10,41,31,-165,200,365,29
"2","202",2013,"male","Austrian",47,5,45,40,42,116,74,-79,369,448,25
"2","202",2013,"male","Foreign",131,79,248,169,52,90,38,-122,360,482,33
"2","202",2013,"female","Austrian",-3,-10,18,28,7,89,82,-29,298,327,14
"2","202",2013,"female","Foreign",134,124,254,130,10,30,20,-119,252,371,28
"2","202",2014,"male","Austrian",-2,1,61,60,-3,94,97,-66,338,404,20
"2","202",2014,"male","Foreign",278,151,382,231,127,166,39,-78,446,524,33
"2","202",2014,"female","Austrian",-22,-4,24,28,-18,81,99,-79,233,312,21
"2","202",2014,"female","Foreign",160,137,301,164,23,48,25,-113,274,387,18
"2","202",2015,"male","Austrian",40,-3,43,46,43,114,71,-41,330,371,33
"2","202",2015,"male","Foreign",271,163,379,216,108,170,62,-239,477,716,33
"2","202",2015,"female","Austrian",22,-4,25,29,26,87,61,-63,254,317,26
"2","202",2015,"female","Foreign",193,176,334,158,17,55,38,-128,256,384,18
"2","202",2016,"male","Austrian",-1,-11,42,53,10,86,76,-13,342,355,17
"2","202",2016,"male","Foreign",224,110,338,228,114,193,79,-51,624,675,47
"2","202",2016,"female","Austrian",-23,-4,18,22,-19,64,83,6,260,254,16
"2","202",2016,"female","Foreign",171,143,322,179,28,60,32,-104,303,407,24
"2","202",2017,"male","Austrian",6,8,52,44,-2,93,95,-64,319,383,17
"2","202",2017,"male","Foreign",157,94,334,240,63,153,90,-174,593,767,43
"2","202",2017,"female","Austrian",3,6,28,22,-3,89,92,-41,233,274,27
"2","202",2017,"female","Foreign",165,138,329,191,27,61,34,-86,327,413,29
"2","202",2018,"male","Austrian",-1,-3,35,38,2,84,82,-62,298,360,15
"2","202",2018,"male","Foreign",62,52,259,207,10,86,76,-170,523,693,22
"2","202",2018,"female","Austrian",-10,-7,19,26,-3,68,71,-64,227,291,14
"2","202",2018,"female","Foreign",75,50,232,182,25,51,26,-118,277,395,12
"2","202",2019,"male","Austrian",39,15,43,28,24,107,83,-114,307,421,35
"2","202",2019,"male","Foreign",104,78,306,228,26,96,70,-138,532,670,41
"2","202",2019,"female","Austrian",-1,1,21,20,-2,95,97,-67,229,296,29
"2","202",2019,"female","Foreign",35,48,192,144,-13,38,51,-131,308,439,26
"2","202",2020,"male","Austrian",35,16,39,23,19,99,80,-50,334,384,14
"2","202",2020,"male","Foreign",125,75,250,175,50,97,47,-182,439,621,30
"2","202",2020,"female","Austrian",1,4,17,13,-3,73,76,-73,216,289,12
"2","202",2020,"female","Foreign",89,82,195,113,7,37,30,-140,257,397,24
"2","202",2021,"male","Austrian",-2,2,47,45,-4,93,97,-100,280,380,18
"2","202",2021,"male","Foreign",144,46,241,195,98,173,75,-159,462,621,36
"2","202",2021,"female","Austrian",-16,-8,10,18,-8,66,74,-93,199,292,19
"2","202",2021,"female","Foreign",101,44,189,145,57,90,33,-101,226,327,28
"2","202",2022,"male","Austrian",32,4,40,36,28,102,74,-131,255,386,37
"2","202",2022,"male","Foreign",306,163,368,205,143,224,81,-168,555,723,51
"2","202",2022,"female","Austrian",4,4,19,15,0,77,77,-118,167,285,20
"2","202",2022,"female","Foreign",277,270,424,154,7,53,46,-147,286,433,20
"2","202",2023,"male","Austrian",-12,6,42,36,-18,63,81,-112,241,353,23
"2","202",2023,"male","Foreign",245,67,294,227,178,245,67,-266,591,857,50
"2","202",2023,"female","Austrian",8,9,26,17,-1,65,66,-73,203,276,17
"2","202",2023,"female","Foreign",89,59,253,194,30,62,32,-153,298,451,22
"2","203",2007,"male","Austrian",58,7,60,53,51,133,82,-31,352,383,34
"2","203",2007,"male","Foreign",68,65,206,141,3,29,26,-52,196,248,17
"2","203",2007,"female","Austrian",1,-17,14,31,18,121,103,-40,289,329,39
"2","203",2007,"female","Foreign",75,72,185,113,3,16,13,-64,154,218,14
"2","203",2008,"male","Austrian",-17,-38,42,80,21,119,98,-53,315,368,42
"2","203",2008,"male","Foreign",66,55,196,141,11,28,17,-23,218,241,14
"2","203",2008,"female","Austrian",-19,-24,11,35,5,98,93,-43,275,318,32
"2","203",2008,"female","Foreign",85,84,176,92,1,15,14,-69,124,193,13
"2","203",2009,"male","Austrian",1,-28,39,67,29,111,82,-56,332,388,31
"2","203",2009,"male","Foreign",-26,-25,167,192,-1,28,29,-14,234,248,10
"2","203",2009,"female","Austrian",-5,-19,16,35,14,110,96,-55,269,324,24
"2","203",2009,"female","Foreign",34,38,156,118,-4,13,17,-12,184,196,19
"2","203",2010,"male","Austrian",9,-32,38,70,41,121,80,-40,346,386,34
"2","203",2010,"male","Foreign",58,46,202,156,12,40,28,-28,234,262,11
"2","203",2010,"female","Austrian",15,-12,15,27,27,113,86,15,311,296,45
"2","203",2010,"female","Foreign",69,73,174,101,-4,17,21,-31,183,214,8
"2","203",2011,"male","Austrian",14,-6,28,34,20,112,92,-71,319,390,29
"2","203",2011,"male","Foreign",31,21,202,181,10,24,14,-69,214,283,13
"2","203",2011,"female","Austrian",-5,-20,13,33,15,114,99,-95,254,349,18
"2","203",2011,"female","Foreign",66,62,186,124,4,21,17,-46,169,215,20
"2","203",2012,"male","Austrian",-16,-24,32,56,8,100,92,-76,309,385,18
"2","203",2012,"male","Foreign",82,77,231,154,5,23,18,-37,231,268,10
"2","203",2012,"female","Austrian",9,-5,14,19,14,120,106,-79,261,340,14
"2","203",2012,"female","Foreign",133,124,231,107,9,26,17,-17,208,225,14
"2","203",2013,"male","Austrian",38,-10,36,46,48,114,66,-81,303,384,36
"2","203",2013,"male","Foreign",96,87,243,156,9,29,20,-20,216,236,13
"2","203",2013,"female","Austrian",11,-17,17,34,28,107,79,-62,286,348,23
"2","203",2013,"female","Foreign",121,115,250,135,6,30,24,-47,226,273,12
"2","203",2014,"male","Austrian",26,-13,40,53,39,137,98,63,426,363,57
"2","203",2014,"male","Foreign",158,117,286,169,41,75,34,12,271,259,17
"2","203",2014,"female","Austrian",61,-2,12,14,63,154,91,123,439,316,69
"2","203",2014,"female","Foreign",67,67,246,179,0,24,24,-23,249,272,11
"2","203",2015,"male","Austrian",12,-18,32,50,30,120,90,-51,304,355,28
"2","203",2015,"male","Foreign",180,143,318,175,37,73,36,-14,364,378,23
"2","203",2015,"female","Austrian",14,-30,12,42,44,132,88,-57,278,335,39
"2","203",2015,"female","Foreign",131,124,274,150,7,33,26,-38,245,283,17
"2","203",2016,"male","Austrian",11,-17,28,45,28,115,87,-12,319,331,23
"2","203",2016,"male","Foreign",169,127,283,156,42,80,38,-14,385,399,21
"2","203",2016,"female","Austrian",9,-18,9,27,27,120,93,-32,308,340,31
"2","203",2016,"female","Foreign",123,115,273,158,8,35,27,-30,268,298,8
"2","203",2017,"male","Austrian",-8,2,35,33,-10,96,106,-45,282,327,29
"2","203",2017,"male","Foreign",56,32,236,204,24,74,50,-64,388,452,18
"2","203",2017,"female","Austrian",-11,3,14,11,-14,79,93,7,285,278,34
"2","203",2017,"female","Foreign",80,65,204,139,15,42,27,-67,235,302,12
"2","203",2018,"male","Austrian",-17,-8,27,35,-9,94,103,-56,278,334,32
"2","203",2018,"male","Foreign",20,18,177,159,2,42,40,-79,345,424,23
"2","203",2018,"female","Austrian",-1,-17,9,26,16,114,98,-4,293,297,37
"2","203",2018,"female","Foreign",44,32,184,152,12,49,37,-24,285,309,13
"2","203",2019,"male","Austrian",-11,-15,25,40,4,100,96,7,352,345,18
"2","203",2019,"male","Foreign",103,77,238,161,26,56,30,-49,344,393,26
"2","203",2019,"female","Austrian",-4,3,18,15,-7,110,117,19,317,298,27
"2","203",2019,"female","Foreign",60,40,205,165,20,45,25,-44,253,297,29
"2","203",2020,"male","Austrian",17,5,23,18,12,93,81,-52,287,339,35
"2","203",2020,"male","Foreign",59,46,185,139,13,56,43,-123,277,400,20
"2","203",2020,"female","Austrian",-5,-3,12,15,-2,104,106,0,297,297,37
"2","203",2020,"female","Foreign",49,38,170,132,11,34,23,-99,241,340,15
"2","203",2021,"male","Austrian",-28,-5,30,35,-23,92,115,-31,292,323,31
"2","203",2021,"male","Foreign",43,8,169,161,35,69,34,-91,292,383,24
"2","203",2021,"female","Austrian",-40,5,19,14,-45,84,129,-29,296,325,25
"2","203",2021,"female","Foreign",61,57,191,134,4,33,29,-106,215,321,21
"2","203",2022,"male","Austrian",-6,-5,29,34,-1,87,88,-54,269,323,31
"2","203",2022,"male","Foreign",142,134,294,160,8,54,46,-44,330,374,15
"2","203",2022,"female","Austrian",-5,-16,11,27,11,103,92,-67,248,315,27
"2","203",2022,"female","Foreign",273,255,413,158,18,37,19,-44,284,328,21
"2","203",2023,"male","Austrian",-9,-7,17,24,-2,80,82,-27,266,293,37
"2","203",2023,"male","Foreign",140,101,265,164,39,57,18,-76,330,406,16
"2","203",2023,"female","Austrian",-25,-5,13,18,-20,60,80,5,267,262,45
"2","203",2023,"female","Foreign",107,81,234,153,26,42,16,-60,245,305,13
"2","204",2007,"male","Austrian",25,1,62,61,24,108,84,-45,333,378,36
"2","204",2007,"male","Foreign",403,86,703,617,317,449,132,-174,692,866,43
"2","204",2007,"female","Austrian",-5,-19,24,43,14,118,104,-94,275,369,33
"2","204",2007,"female","Foreign",214,171,342,171,43,88,45,-62,306,368,37
"2","204",2008,"male","Austrian",-1,-20,59,79,19,116,97,-93,314,407,37
"2","204",2008,"male","Foreign",392,108,733,625,284,419,135,-196,687,883,51
"2","204",2008,"female","Austrian",-24,-34,25,59,10,116,106,-82,306,388,35
"2","204",2008,"female","Foreign",206,141,366,225,65,130,65,-64,281,345,48
"2","204",2009,"male","Austrian",11,-10,65,75,21,113,92,-82,349,431,36
"2","204",2009,"male","Foreign",479,131,1000,869,348,512,164,-420,857,1277,36
"2","204",2009,"female","Austrian",6,-29,31,60,35,134,99,-50,338,388,41
"2","204",2009,"female","Foreign",171,112,420,308,59,136,77,-109,366,475,23
"2","204",2010,"male","Austrian",31,8,80,72,23,113,90,-52,393,445,37
"2","204",2010,"male","Foreign",101,-173,826,999,274,430,156,-546,863,1409,51
"2","204",2010,"female","Austrian",10,-22,28,50,32,141,109,-60,335,395,50
"2","204",2010,"female","Foreign",45,-24,351,375,69,139,70,-222,348,570,35
"2","204",2011,"male","Austrian",22,-3,80,83,25,130,105,-80,381,461,50
"2","204",2011,"male","Foreign",786,482,1022,540,304,428,124,-248,1068,1316,45
"2","204",2011,"female","Austrian",-19,-33,40,73,14,114,100,-58,341,399,47
"2","204",2011,"female","Foreign",307,221,452,231,86,123,37,-102,457,559,27
"2","204",2012,"male","Austrian",-8,-28,76,104,20,142,122,-27,450,477,52
"2","204",2012,"male","Foreign",-194,-284,569,853,90,170,80,-1067,638,1705,43
"2","204",2012,"female","Austrian",13,-30,33,63,43,138,95,-14,410,424,58
"2","204",2012,"female","Foreign",30,3,351,348,27,78,51,-298,399,697,31
"2","204",2013,"male","Austrian",4,-14,80,94,18,117,99,-24,419,443,49
"2","204",2013,"male","Foreign",216,184,389,205,32,56,24,2,441,439,51
"2","204",2013,"female","Austrian",11,-8,37,45,19,120,101,-41,347,388,42
"2","204",2013,"female","Foreign",205,179,335,156,26,46,20,-68,327,395,38
"2","204",2014,"male","Austrian",-35,-31,60,91,-4,87,91,-65,384,449,35
"2","204",2014,"male","Foreign",170,136,378,242,34,76,42,-74,470,544,25
"2","204",2014,"female","Austrian",1,-38,21,59,39,139,100,-46,331,377,37
"2","204",2014,"female","Foreign",142,106,286,180,36,58,22,-67,333,400,36
"2","204",2015,"male","Austrian",-27,-44,29,73,17,131,114,-143,275,418,29
"2","204",2015,"male","Foreign",188,150,360,210,38,83,45,-145,435,580,38
"2","204",2015,"female","Austrian",-31,-44,18,62,13,108,95,-80,274,354,42
"2","204",2015,"female","Foreign",164,159,328,169,5,39,34,-127,267,394,45
"2","204",2016,"male","Austrian",-4,-16,29,45,12,88,76,7,291,284,40
"2","204",2016,"male","Foreign",131,95,318,223,36,82,46,-7,426,433,35
"2","204",2016,"female","Austrian",-28,-18,21,39,-10,92,102,-53,255,308,38
"2","204",2016,"female","Foreign",136,130,319,189,6,48,42,-51,276,327,34
"2","204",2017,"male","Austrian",-31,-21,28,49,-10,84,94,-50,230,280,38
"2","204",2017,"male","Foreign",95,72,304,232,23,62,39,-81,460,541,36
"2","204",2017,"female","Austrian",-15,-8,29,37,-7,83,90,-54,258,312,34
"2","204",2017,"female","Foreign",145,133,302,169,12,35,23,-83,286,369,30
"2","204",2018,"male","Austrian",-2,-17,27,44,15,93,78,-54,230,284,43
"2","204",2018,"male","Foreign",-1,-2,259,261,1,51,50,-100,414,514,33
"2","204",2018,"female","Austrian",-36,-29,16,45,-7,95,102,-62,230,292,38
"2","204",2018,"female","Foreign",59,51,257,206,8,38,30,-90,272,362,26
"2","204",2019,"male","Austrian",-4,-23,16,39,19,99,80,-76,281,357,25
"2","204",2019,"male","Foreign",52,33,236,203,19,45,26,-123,349,472,24
"2","204",2019,"female","Austrian",-7,-23,21,44,16,110,94,-123,251,374,35
"2","204",2019,"female","Foreign",63,59,234,175,4,33,29,-95,249,344,18
"2","204",2020,"male","Austrian",-32,-28,23,51,-4,87,91,-83,234,317,38
"2","204",2020,"male","Foreign",69,49,222,173,20,67,47,-190,300,490,32
"2","204",2020,"female","Austrian",-25,-24,15,39,-1,102,103,-79,259,338,36
"2","204",2020,"female","Foreign",50,22,191,169,28,49,21,-109,232,341,30
"2","204",2021,"male","Austrian",18,3,33,30,15,95,80,-76,242,318,43
"2","204",2021,"male","Foreign",74,49,223,174,25,58,33,-60,282,342,31
"2","204",2021,"female","Austrian",11,14,31,17,-3,88,91,-88,228,316,32
"2","204",2021,"female","Foreign",29,20,169,149,9,34,25,-45,270,315,21
"2","204",2022,"male","Austrian",-28,-15,31,46,-13,78,91,-82,225,307,34
"2","204",2022,"male","Foreign",177,155,331,176,22,65,43,-122,280,402,46
"2","204",2022,"female","Austrian",-20,-23,15,38,3,99,96,-54,268,322,38
"2","204",2022,"female","Foreign",275,267,433,166,8,39,31,-76,315,391,29
"2","204",2023,"male","Austrian",-7,-12,28,40,5,71,66,-101,227,328,40
"2","204",2023,"male","Foreign",96,47,231,184,49,87,38,-62,330,392,40
"2","204",2023,"female","Austrian",-17,-7,25,32,-10,81,91,-89,224,313,38
"2","204",2023,"female","Foreign",97,77,243,166,20,43,23,-44,324,368,37
"2","205",2007,"male","Austrian",-1,-20,24,44,19,67,48,-48,171,219,15
"2","205",2007,"male","Foreign",102,99,187,88,3,20,17,-66,156,222,24
"2","205",2007,"female","Austrian",11,3,15,12,8,69,61,-67,151,218,20
"2","205",2007,"female","Foreign",94,86,154,68,8,21,13,-19,121,140,17
"2","205",2008,"male","Austrian",-2,-3,23,26,1,51,50,-38,191,229,16
"2","205",2008,"male","Foreign",36,27,125,98,9,22,13,-48,135,183,17
"2","205",2008,"female","Austrian",15,1,20,19,14,69,55,-56,149,205,27
"2","205",2008,"female","Foreign",73,60,150,90,13,27,14,-23,133,156,21
"2","205",2009,"male","Austrian",12,-9,32,41,21,68,47,-23,186,209,15
"2","205",2009,"male","Foreign",36,19,153,134,17,42,25,-37,165,202,16
"2","205",2009,"female","Austrian",4,-9,13,22,13,64,51,-41,161,202,29
"2","205",2009,"female","Foreign",23,23,133,110,0,14,14,-66,118,184,17
"2","205",2010,"male","Austrian",8,-24,22,46,32,85,53,-29,178,207,15
"2","205",2010,"male","Foreign",43,33,150,117,10,18,8,-31,140,171,23
"2","205",2010,"female","Austrian",3,-21,14,35,24,81,57,-70,149,219,18
"2","205",2010,"female","Foreign",64,58,153,95,6,20,14,6,149,143,25
"2","205",2011,"male","Austrian",13,-10,19,29,23,72,49,-15,181,196,23
"2","205",2011,"male","Foreign",76,43,164,121,33,42,9,-32,126,158,13
"2","205",2011,"female","Austrian",-17,-18,9,27,1,67,66,-27,162,189,14
"2","205",2011,"female","Foreign",47,38,140,102,9,20,11,-2,150,152,7
"2","205",2012,"male","Austrian",10,-22,11,33,32,71,39,-39,186,225,18
"2","205",2012,"male","Foreign",40,31,159,128,9,28,19,-38,140,178,9
"2","205",2012,"female","Austrian",24,-23,8,31,47,90,43,-75,142,217,19
"2","205",2012,"female","Foreign",64,55,149,94,9,26,17,-34,130,164,11
"2","205",2013,"male","Austrian",-2,-7,19,26,5,60,55,-63,155,218,19
"2","205",2013,"male","Foreign",98,82,199,117,16,33,17,-49,176,225,7
"2","205",2013,"female","Austrian",18,-5,14,19,23,72,49,-77,148,225,21
"2","205",2013,"female","Foreign",68,57,165,108,11,21,10,-10,161,171,15
"2","205",2014,"male","Austrian",0,-20,23,43,20,73,53,-59,173,232,22
"2","205",2014,"male","Foreign",145,101,228,127,44,65,21,-49,181,230,21
"2","205",2014,"female","Austrian",6,-3,18,21,9,62,53,-69,165,234,25
"2","205",2014,"female","Foreign",52,54,156,102,-2,17,19,1,196,195,25
"2","205",2015,"male","Austrian",15,3,26,23,12,72,60,-33,174,207,18
"2","205",2015,"male","Foreign",195,108,239,131,87,117,30,-42,275,317,13
"2","205",2015,"female","Austrian",-5,-13,14,27,8,74,66,-41,159,200,15
"2","205",2015,"female","Foreign",117,112,222,110,5,28,23,-19,194,213,9
"2","205",2016,"male","Austrian",-19,-21,9,30,2,72,70,3,182,179,24
"2","205",2016,"male","Foreign",115,77,229,152,38,75,37,-35,308,343,42
"2","205",2016,"female","Austrian",-13,-2,15,17,-11,62,73,-8,183,191,24
"2","205",2016,"female","Foreign",113,91,201,110,22,44,22,-12,235,247,19
"2","205",2017,"male","Austrian",6,-10,18,28,16,74,58,-30,162,192,23
"2","205",2017,"male","Foreign",35,38,206,168,-3,35,38,46,332,286,11
"2","205",2017,"female","Austrian",-5,-8,9,17,3,66,63,-14,158,172,8
"2","205",2017,"female","Foreign",62,61,168,107,1,31,30,0,251,251,22
"2","205",2018,"male","Austrian",1,-4,21,25,5,64,59,-59,150,209,19
"2","205",2018,"male","Foreign",15,29,177,148,-14,25,39,-60,269,329,15
"2","205",2018,"female","Austrian",-2,3,15,12,-5,61,66,-52,127,179,20
"2","205",2018,"female","Foreign",42,43,144,101,-1,25,26,-48,217,265,13
"2","205",2019,"male","Austrian",-6,-13,22,35,7,59,52,-52,164,216,36
"2","205",2019,"male","Foreign",33,43,179,136,-10,33,43,-57,238,295,19
"2","205",2019,"female","Austrian",16,2,17,15,14,72,58,-82,150,232,32
"2","205",2019,"female","Foreign",52,64,163,99,-12,19,31,-43,204,247,30
"2","205",2020,"male","Austrian",11,2,20,18,9,69,60,-49,159,208,15
"2","205",2020,"male","Foreign",70,41,161,120,29,55,26,-90,263,353,20
"2","205",2020,"female","Austrian",15,0,16,16,15,85,70,-33,161,194,22
"2","205",2020,"female","Foreign",21,22,136,114,-1,28,29,-113,199,312,19
"2","205",2021,"male","Austrian",9,-7,10,17,16,61,45,-48,158,206,20
"2","205",2021,"male","Foreign",41,5,148,143,36,69,33,-37,255,292,18
"2","205",2021,"female","Austrian",14,-6,10,16,20,64,44,-34,153,187,14
"2","205",2021,"female","Foreign",28,36,126,90,-8,17,25,-53,180,233,12
"2","205",2022,"male","Austrian",-10,-7,18,25,-3,69,72,-19,162,181,20
"2","205",2022,"male","Foreign",124,98,240,142,26,67,41,-18,317,335,22
"2","205",2022,"female","Austrian",-22,-3,18,21,-19,51,70,-55,137,192,27
"2","205",2022,"female","Foreign",172,170,305,135,2,33,31,-9,249,258,25
"2","205",2023,"male","Austrian",5,-2,8,10,7,52,45,-35,140,175,13
"2","205",2023,"male","Foreign",77,47,172,125,30,69,39,-81,254,335,24
"2","205",2023,"female","Austrian",-16,-1,8,9,-15,35,50,-38,144,182,12
"2","205",2023,"female","Foreign",34,35,162,127,-1,29,30,-60,186,246,23
"2","206",2007,"male","Austrian",-8,-6,16,22,-2,45,47,1,108,107,14
"2","206",2007,"male","Foreign",1,5,60,55,-4,6,10,-6,71,77,5
"2","206",2007,"female","Austrian",-15,-7,3,10,-8,35,43,47,146,99,9
"2","206",2007,"female","Foreign",37,35,63,28,2,12,10,-10,57,67,6
"2","206",2008,"male","Austrian",-8,0,19,19,-8,44,52,13,140,127,22
"2","206",2008,"male","Foreign",-9,-8,52,60,-1,5,6,-6,62,68,6
"2","206",2008,"female","Austrian",-12,-2,4,6,-10,25,35,3,137,134,26
"2","206",2008,"female","Foreign",21,25,53,28,-4,6,10,-15,51,66,3
"2","206",2009,"male","Austrian",-22,-3,12,15,-19,21,40,-25,129,154,15
"2","206",2009,"male","Foreign",11,17,49,32,-6,7,13,8,76,68,2
"2","206",2009,"female","Austrian",-9,-9,7,16,0,38,38,5,159,154,27
"2","206",2009,"female","Foreign",16,20,47,27,-4,4,8,24,84,60,3
"2","206",2010,"male","Austrian",-12,-12,7,19,0,31,31,44,142,98,13
"2","206",2010,"male","Foreign",28,26,74,48,2,12,10,-24,69,93,1
"2","206",2010,"female","Austrian",10,-7,11,18,17,46,29,15,148,133,14
"2","206",2010,"female","Foreign",20,17,59,42,3,12,9,-26,62,88,2
"2","206",2011,"male","Austrian",-14,-6,8,14,-8,40,48,33,156,123,12
"2","206",2011,"male","Foreign",32,30,93,63,2,8,6,-3,86,89,10
"2","206",2011,"female","Austrian",-3,-4,5,9,1,45,44,38,164,126,4
"2","206",2011,"female","Foreign",58,51,78,27,7,16,9,10,65,55,4
"2","206",2012,"male","Austrian",5,-3,16,19,8,35,27,-3,150,153,28
"2","206",2012,"male","Foreign",52,51,96,45,1,6,5,20,104,84,2
"2","206",2012,"female","Austrian",5,-2,7,9,7,41,34,5,144,139,24
"2","206",2012,"female","Foreign",34,29,70,41,5,14,9,36,124,88,2
"2","206",2013,"male","Austrian",35,-5,10,15,40,66,26,-26,134,160,21
"2","206",2013,"male","Foreign",111,100,154,54,11,18,7,43,148,105,7
"2","206",2013,"female","Austrian",17,-14,5,19,31,76,45,5,160,155,18
"2","206",2013,"female","Foreign",105,100,145,45,5,18,13,56,148,92,5
"2","206",2014,"male","Austrian",4,-4,10,14,8,55,47,12,158,146,6
"2","206",2014,"male","Foreign",51,48,157,109,3,12,9,-2,156,158,11
"2","206",2014,"female","Austrian",1,4,20,16,-3,44,47,-55,154,209,11
"2","206",2014,"female","Foreign",90,84,165,81,6,10,4,-35,127,162,6
"2","206",2015,"male","Austrian",32,-7,12,19,39,85,46,22,146,124,20
"2","206",2015,"male","Foreign",213,209,304,95,4,20,16,69,224,155,14
"2","206",2015,"female","Austrian",21,-3,7,10,24,67,43,-22,136,158,21
"2","206",2015,"female","Foreign",177,175,252,77,2,16,14,43,156,113,13
"2","206",2016,"male","Austrian",29,2,13,11,27,80,53,-3,155,158,20
"2","206",2016,"male","Foreign",229,201,341,140,28,55,27,-25,224,249,14
"2","206",2016,"female","Austrian",10,-3,10,13,13,62,49,6,156,150,17
"2","206",2016,"female","Foreign",174,172,292,120,2,28,26,-33,162,195,12
"2","206",2017,"male","Austrian",2,-7,9,16,9,55,46,-13,172,185,16
"2","206",2017,"male","Foreign",97,79,259,180,18,39,21,-45,216,261,21
"2","206",2017,"female","Austrian",17,10,18,8,7,47,40,-16,144,160,13
"2","206",2017,"female","Foreign",133,122,264,142,11,28,17,-52,154,206,19
"2","206",2018,"male","Austrian",19,-7,9,16,26,87,61,95,268,173,33
"2","206",2018,"male","Foreign",127,132,329,197,-5,24,29,-39,214,253,42
"2","206",2018,"female","Austrian",33,-1,14,15,34,76,42,18,190,172,25
"2","206",2018,"female","Foreign",135,142,340,198,-7,23,30,-23,194,217,40
"2","206",2019,"male","Austrian",22,3,22,19,19,70,51,-17,180,197,26
"2","206",2019,"male","Foreign",139,126,342,216,13,33,20,-51,220,271,24
"2","206",2019,"female","Austrian",-2,-5,7,12,3,62,59,-15,150,165,20
"2","206",2019,"female","Foreign",127,119,317,198,8,21,13,-71,176,247,20
"2","206",2020,"male","Austrian",-1,-10,9,19,9,63,54,-35,141,176,13
"2","206",2020,"male","Foreign",40,50,260,210,-10,20,30,-94,164,258,26
"2","206",2020,"female","Austrian",-12,-4,7,11,-8,53,61,-12,169,181,11
"2","206",2020,"female","Foreign",60,62,241,179,-2,16,18,-153,119,272,17
"2","206",2021,"male","Austrian",-3,-2,10,12,-1,49,50,28,191,163,13
"2","206",2021,"male","Foreign",81,79,277,198,2,26,24,-19,190,209,29
"2","206",2021,"female","Austrian",-3,3,9,6,-6,45,51,37,162,125,20
"2","206",2021,"female","Foreign",104,92,250,158,12,24,12,-34,175,209,27
"2","206",2022,"male","Austrian",-22,-7,10,17,-15,44,59,-33,143,176,17
"2","206",2022,"male","Foreign",214,196,424,228,18,45,27,-69,217,286,21
"2","206",2022,"female","Austrian",-12,1,10,9,-13,38,51,-2,136,138,20
"2","206",2022,"female","Foreign",349,340,499,159,9,35,26,-122,201,323,24
"2","206",2023,"male","Austrian",-12,-7,7,14,-5,44,49,-22,131,153,29
"2","206",2023,"male","Foreign",122,119,369,250,3,25,22,-74,224,298,22
"2","206",2023,"female","Austrian",0,-2,11,13,2,49,47,19,148,129,29
"2","206",2023,"female","Foreign",149,149,387,238,0,29,29,-53,218,271,26
"2","207",2007,"male","Austrian",7,2,32,30,5,94,89,-101,275,376,45
"2","207",2007,"male","Foreign",171,159,390,231,12,47,35,-60,392,452,56
"2","207",2007,"female","Austrian",12,-9,14,23,21,108,87,-103,265,368,40
"2","207",2007,"female","Foreign",173,176,373,197,-3,33,36,-72,302,374,31
"2","207",2008,"male","Austrian",1,-16,32,48,17,105,88,-57,300,357,35
"2","207",2008,"male","Foreign",94,84,324,240,10,52,42,-115,343,458,43
"2","207",2008,"female","Austrian",-37,-19,9,28,-18,82,100,-149,199,348,25
"2","207",2008,"female","Foreign",193,170,388,218,23,53,30,-87,284,371,31
"2","207",2009,"male","Austrian",-2,-16,32,48,14,104,90,-125,253,378,29
"2","207",2009,"male","Foreign",87,75,357,282,12,36,24,-120,318,438,39
"2","207",2009,"female","Austrian",1,-12,14,26,13,92,79,-179,188,367,22
"2","207",2009,"female","Foreign",117,114,327,213,3,32,29,-94,277,371,34
"2","207",2010,"male","Austrian",16,-14,34,48,30,117,87,-38,295,333,26
"2","207",2010,"male","Foreign",153,143,360,217,10,47,37,-42,372,414,38
"2","207",2010,"female","Austrian",32,-15,17,32,47,121,74,-87,238,325,25
"2","207",2010,"female","Foreign",178,151,339,188,27,49,22,-65,278,343,43
"2","207",2011,"male","Austrian",37,-8,29,37,45,126,81,-135,228,363,31
"2","207",2011,"male","Foreign",-97,-130,362,492,33,58,25,-138,349,487,38
"2","207",2011,"female","Austrian",23,-10,11,21,33,108,75,-85,235,320,26
"2","207",2011,"female","Foreign",-100,-107,350,457,7,47,40,-103,263,366,28
"2","207",2012,"male","Austrian",46,-11,24,35,57,132,75,-82,271,353,32
"2","207",2012,"male","Foreign",213,204,470,266,9,52,43,-55,392,447,37
"2","207",2012,"female","Austrian",35,-7,12,19,42,109,67,-90,227,317,16
"2","207",2012,"female","Foreign",208,216,417,201,-8,33,41,-73,289,362,30
"2","207",2013,"male","Austrian",26,-13,23,36,39,116,77,-90,248,338,22
"2","207",2013,"male","Foreign",166,158,487,329,8,47,39,-99,427,526,38
"2","207",2013,"female","Austrian",32,-7,19,26,39,108,69,-95,222,317,25
"2","207",2013,"female","Foreign",191,171,474,303,20,39,19,-156,314,470,36
"2","207",2014,"male","Austrian",-3,-14,22,36,11,90,79,-76,240,316,24
"2","207",2014,"male","Foreign",209,172,504,332,37,75,38,-98,438,536,36
"2","207",2014,"female","Austrian",-16,-22,8,30,6,97,91,-51,219,270,15
"2","207",2014,"female","Foreign",183,177,504,327,6,42,36,-125,304,429,41
"2","207",2015,"male","Austrian",9,-15,26,41,24,103,79,-76,222,298,19
"2","207",2015,"male","Foreign",221,183,555,372,38,98,60,-167,460,627,32
"2","207",2015,"female","Austrian",27,0,19,19,27,111,84,-75,240,315,22
"2","207",2015,"female","Foreign",304,307,566,259,-3,49,52,-188,331,519,33
"2","207",2016,"male","Austrian",2,-14,22,36,16,105,89,-49,223,272,20
"2","207",2016,"male","Foreign",202,149,541,392,53,97,44,-91,527,618,40
"2","207",2016,"female","Austrian",4,-2,14,16,6,91,85,-43,228,271,12
"2","207",2016,"female","Foreign",147,120,530,410,27,60,33,-185,317,502,36
"2","207",2017,"male","Austrian",19,1,34,33,18,99,81,-34,239,273,21
"2","207",2017,"male","Foreign",179,129,515,386,50,116,66,-120,554,674,36
"2","207",2017,"female","Austrian",13,-4,17,21,17,103,86,-65,214,279,22
"2","207",2017,"female","Foreign",156,129,548,419,27,66,39,-148,316,464,32
"2","207",2018,"male","Austrian",-14,-18,21,39,4,83,79,-75,221,296,43
"2","207",2018,"male","Foreign",-7,2,489,487,-9,59,68,-81,539,620,56
"2","207",2018,"female","Austrian",-18,-12,13,25,-6,76,82,-92,208,300,23
"2","207",2018,"female","Foreign",22,18,524,506,4,51,47,-121,327,448,43
"2","207",2019,"male","Austrian",-3,-9,19,28,6,88,82,-94,214,308,19
"2","207",2019,"male","Foreign",56,68,506,438,-12,60,72,-137,445,582,28
"2","207",2019,"female","Austrian",-49,-32,7,39,-17,81,98,-99,190,289,17
"2","207",2019,"female","Foreign",67,76,519,443,-9,48,57,-61,358,419,27
"2","207",2020,"male","Austrian",-7,-7,12,19,0,96,96,-57,212,269,18
"2","207",2020,"male","Foreign",116,92,365,273,24,78,54,-133,456,589,44
"2","207",2020,"female","Austrian",-13,-4,7,11,-9,83,92,-66,206,272,17
"2","207",2020,"female","Foreign",77,75,374,299,2,52,50,-118,312,430,32
"2","207",2021,"male","Austrian",14,7,29,22,7,91,84,-85,200,285,24
"2","207",2021,"male","Foreign",125,83,395,312,42,107,65,-156,414,570,23
"2","207",2021,"female","Austrian",31,2,16,14,29,101,72,-66,209,275,19
"2","207",2021,"female","Foreign",171,151,414,263,20,58,38,-215,254,469,34
"2","207",2022,"male","Austrian",-6,-8,22,30,2,87,85,-56,196,252,28
"2","207",2022,"male","Foreign",232,159,491,332,73,131,58,-180,481,661,53
"2","207",2022,"female","Austrian",-24,-5,13,18,-19,75,94,-64,188,252,16
"2","207",2022,"female","Foreign",321,287,684,397,34,57,23,-115,358,473,41
"2","207",2023,"male","Austrian",5,4,22,18,1,77,76,-69,205,274,22
"2","207",2023,"male","Foreign",223,134,502,368,89,162,73,-166,538,704,37
"2","207",2023,"female","Austrian",6,-4,15,19,10,76,66,-76,188,264,26
"2","207",2023,"female","Foreign",148,141,574,433,7,57,50,-125,346,471,42
"2","208",2007,"male","Austrian",-7,-1,1,2,-6,3,9,29,53,24,5
"2","208",2007,"male","Foreign",5,7,12,5,-2,1,3,9,23,14,1
"2","208",2007,"female","Austrian",-4,-1,0,1,-3,8,11,1,37,36,8
"2","208",2007,"female","Foreign",-1,2,5,3,-3,0,3,14,23,9,1
"2","208",2008,"male","Austrian",-7,-1,3,4,-6,1,7,13,34,21,10
"2","208",2008,"male","Foreign",-3,-3,10,13,0,1,1,-5,11,16,2
"2","208",2008,"female","Austrian",-6,-1,1,2,-5,6,11,3,40,37,5
"2","208",2008,"female","Foreign",2,3,5,2,-1,0,1,4,12,8,1
"2","208",2009,"male","Austrian",-3,0,2,2,-3,5,8,11,47,36,6
"2","208",2009,"male","Foreign",-1,-1,6,7,0,2,2,3,18,15,5
"2","208",2009,"female","Austrian",7,-2,0,2,9,11,2,11,51,40,4
"2","208",2009,"female","Foreign",-1,0,5,5,-1,0,1,7,19,12,1
"2","208",2010,"male","Austrian",7,1,6,5,6,16,10,50,90,40,7
"2","208",2010,"male","Foreign",21,20,26,6,1,3,2,35,48,13,3
"2","208",2010,"female","Austrian",0,-1,0,1,1,10,9,142,175,33,14
"2","208",2010,"female","Foreign",16,16,19,3,0,1,1,43,55,12,0
"2","208",2011,"male","Austrian",-3,1,5,4,-4,7,11,9,43,34,5
"2","208",2011,"male","Foreign",5,5,16,11,0,0,0,7,29,22,1
"2","208",2011,"female","Austrian",-6,-4,0,4,-2,8,10,18,56,38,4
"2","208",2011,"female","Foreign",11,12,15,3,-1,1,2,8,36,28,1
"2","208",2012,"male","Austrian",-5,-1,2,3,-4,8,12,55,92,37,2
"2","208",2012,"male","Foreign",-3,1,20,19,-4,1,5,24,35,11,0
"2","208",2012,"female","Austrian",-4,2,5,3,-6,10,16,80,112,32,6
"2","208",2012,"female","Foreign",4,9,15,6,-5,4,9,13,34,21,0
"2","208",2013,"male","Austrian",8,4,4,0,4,16,12,53,78,25,6
"2","208",2013,"male","Foreign",26,27,37,10,-1,2,3,-6,32,38,2
"2","208",2013,"female","Austrian",9,3,3,0,6,23,17,65,89,24,2
"2","208",2013,"female","Foreign",15,16,26,10,-1,4,5,8,34,26,0
"2","208",2014,"male","Austrian",7,-1,3,4,8,15,7,50,85,35,9
"2","208",2014,"male","Foreign",11,8,29,21,3,5,2,7,34,27,1
"2","208",2014,"female","Austrian",0,-7,1,8,7,17,10,42,81,39,9
"2","208",2014,"female","Foreign",22,22,35,13,0,4,4,-1,26,27,1
"2","208",2015,"male","Austrian",5,-1,4,5,6,14,8,23,78,55,11
"2","208",2015,"male","Foreign",67,67,85,18,0,1,1,1,34,33,1
"2","208",2015,"female","Austrian",3,0,5,5,3,14,11,26,73,47,18
"2","208",2015,"female","Foreign",47,42,62,20,5,6,1,0,32,32,0
"2","208",2016,"male","Austrian",-4,1,4,3,-5,6,11,36,83,47,13
"2","208",2016,"male","Foreign",170,170,250,80,0,38,38,-178,210,388,118
"2","208",2016,"female","Austrian",-4,1,5,4,-5,11,16,38,83,45,5
"2","208",2016,"female","Foreign",73,88,106,18,-15,6,21,-67,81,148,4
"2","208",2017,"male","Austrian",-10,-2,3,5,-8,11,19,19,74,55,11
"2","208",2017,"male","Foreign",8,13,29,16,-5,2,7,-11,63,74,1
"2","208",2017,"female","Austrian",4,1,2,1,3,16,13,29,77,48,11
"2","208",2017,"female","Foreign",-4,-1,19,20,-3,2,5,3,63,60,6
"2","208",2018,"male","Austrian",-1,-3,2,5,2,13,11,16,59,43,3
"2","208",2018,"male","Foreign",17,17,45,28,0,9,9,-30,49,79,2
"2","208",2018,"female","Austrian",-13,-2,1,3,-11,7,18,30,67,37,8
"2","208",2018,"female","Foreign",34,25,44,19,9,14,5,-14,63,77,1
"2","208",2019,"male","Austrian",-14,-1,5,6,-13,7,20,3,55,52,7
"2","208",2019,"male","Foreign",32,37,63,26,-5,2,7,-22,76,98,1
"2","208",2019,"female","Austrian",-13,-1,0,1,-12,6,18,36,72,36,7
"2","208",2019,"female","Foreign",40,43,60,17,-3,4,7,-30,80,110,1
"2","208",2020,"male","Austrian",8,6,9,3,2,13,11,62,95,33,17
"2","208",2020,"male","Foreign",19,13,31,18,6,7,1,-10,51,61,5
"2","208",2020,"female","Austrian",-3,2,2,0,-5,12,17,53,95,42,15
"2","208",2020,"female","Foreign",30,18,36,18,12,13,1,-17,56,73,3
"2","208",2021,"male","Austrian",-1,0,2,2,-1,17,18,41,77,36,5
"2","208",2021,"male","Foreign",49,29,37,8,20,20,0,2,68,66,4
"2","208",2021,"female","Austrian",4,1,4,3,3,15,12,43,77,34,7
"2","208",2021,"female","Foreign",32,12,25,13,20,24,4,-16,57,73,3
"2","208",2022,"male","Austrian",25,4,13,9,21,48,27,154,199,45,9
"2","208",2022,"male","Foreign",182,148,164,16,34,39,5,105,192,87,18
"2","208",2022,"female","Austrian",24,0,4,4,24,46,22,116,153,37,3
"2","208",2022,"female","Foreign",222,189,211,22,33,37,4,125,226,101,14
"2","208",2023,"male","Austrian",0,-1,10,11,1,22,21,38,115,77,8
"2","208",2023,"male","Foreign",67,56,113,57,11,23,12,-24,89,113,12
"2","208",2023,"female","Austrian",4,4,11,7,0,22,22,48,109,61,9
"2","208",2023,"female","Foreign",60,43,94,51,17,24,7,-12,98,110,7
"2","209",2007,"male","Austrian",-33,-8,30,38,-25,53,78,-45,292,337,62
"2","209",2007,"male","Foreign",64,48,129,81,16,29,13,48,273,225,20
"2","209",2007,"female","Austrian",-37,-9,11,20,-28,67,95,-9,319,328,74
"2","209",2007,"female","Foreign",94,77,129,52,17,28,11,15,201,186,18
"2","209",2008,"male","Austrian",-47,-21,23,44,-26,60,86,-67,306,373,56
"2","209",2008,"male","Foreign",20,5,125,120,15,44,29,65,278,213,19
"2","209",2008,"female","Austrian",-44,-13,15,28,-31,51,82,-44,294,338,71
"2","209",2008,"female","Foreign",53,43,102,59,10,28,18,37,199,162,27
"2","209",2009,"male","Austrian",8,-16,27,43,24,94,70,255,542,287,58
"2","209",2009,"male","Foreign",45,26,139,113,19,42,23,98,345,247,19
"2","209",2009,"female","Austrian",-13,-14,12,26,1,80,79,243,552,309,70
"2","209",2009,"female","Foreign",45,17,99,82,28,36,8,131,311,180,14
"2","209",2010,"male","Austrian",7,-4,22,26,11,75,64,56,351,295,36
"2","209",2010,"male","Foreign",52,39,149,110,13,36,23,54,268,214,10
"2","209",2010,"female","Austrian",7,-13,14,27,20,73,53,71,347,276,59
"2","209",2010,"female","Foreign",56,47,109,62,9,28,19,64,223,159,9
"2","209",2011,"male","Austrian",-25,-28,15,43,3,65,62,-16,308,324,44
"2","209",2011,"male","Foreign",31,-5,136,141,36,57,21,37,254,217,26
"2","209",2011,"female","Austrian",-1,5,13,8,-6,60,66,13,305,292,57
"2","209",2011,"female","Foreign",69,33,116,83,36,47,11,34,233,199,20
"2","209",2012,"male","Austrian",-49,-18,22,40,-31,48,79,13,318,305,55
"2","209",2012,"male","Foreign",93,67,199,132,26,50,24,0,265,265,16
"2","209",2012,"female","Austrian",-14,-6,9,15,-8,66,74,57,367,310,47
"2","209",2012,"female","Foreign",38,35,131,96,3,21,18,1,208,207,26
"2","209",2013,"male","Austrian",-16,-18,26,44,2,68,66,-16,325,341,40
"2","209",2013,"male","Foreign",85,78,213,135,7,33,26,-56,256,312,13
"2","209",2013,"female","Austrian",-31,-15,9,24,-16,53,69,67,354,287,59
"2","209",2013,"female","Foreign",84,77,133,56,7,26,19,-34,220,254,16
"2","209",2014,"male","Austrian",-14,-3,27,30,-11,61,72,-25,266,291,42
"2","209",2014,"male","Foreign",122,82,201,119,40,71,31,9,277,268,27
"2","209",2014,"female","Austrian",-30,-14,10,24,-16,59,75,15,285,270,50
"2","209",2014,"female","Foreign",92,68,142,74,24,36,12,27,248,221,16
"2","209",2015,"male","Austrian",-10,-10,29,39,0,61,61,-12,253,265,42
"2","209",2015,"male","Foreign",107,85,204,119,22,61,39,-54,288,342,23
"2","209",2015,"female","Austrian",-29,-13,12,25,-16,69,85,5,298,293,44
"2","209",2015,"female","Foreign",102,103,168,65,-1,26,27,-28,203,231,15
"2","209",2016,"male","Austrian",-26,-14,17,31,-12,62,74,-36,274,310,46
"2","209",2016,"male","Foreign",124,81,192,111,43,87,44,-15,388,403,30
"2","209",2016,"female","Austrian",-24,-4,16,20,-20,61,81,-20,286,306,41
"2","209",2016,"female","Foreign",98,88,160,72,10,29,19,3,239,236,16
"2","209",2017,"male","Austrian",-30,-11,19,30,-19,75,94,-58,257,315,34
"2","209",2017,"male","Foreign",36,13,153,140,23,71,48,-112,315,427,28
"2","209",2017,"female","Austrian",-35,-11,13,24,-24,51,75,-51,246,297,42
"2","209",2017,"female","Foreign",36,43,142,99,-7,27,34,16,278,262,22
"2","209",2018,"male","Austrian",-45,-14,21,35,-31,55,86,-13,294,307,36
"2","209",2018,"male","Foreign",55,43,152,109,12,43,31,38,376,338,35
"2","209",2018,"female","Austrian",-51,-15,14,29,-36,48,84,-53,268,321,35
"2","209",2018,"female","Foreign",46,37,112,75,9,30,21,4,239,235,26
"2","209",2019,"male","Austrian",5,1,29,28,4,80,76,0,309,309,54
"2","209",2019,"male","Foreign",33,36,143,107,-3,32,35,51,362,311,23
"2","209",2019,"female","Austrian",-28,-5,18,23,-23,51,74,44,308,264,37
"2","209",2019,"female","Foreign",19,40,128,88,-21,17,38,80,311,231,24
"2","209",2020,"male","Austrian",-17,-1,25,26,-16,67,83,-50,231,281,31
"2","209",2020,"male","Foreign",59,50,140,90,9,31,22,28,303,275,15
"2","209",2020,"female","Austrian",-30,3,15,12,-33,52,85,-10,271,281,26
"2","209",2020,"female","Foreign",45,45,101,56,0,26,26,69,281,212,16
"2","209",2021,"male","Austrian",-45,-15,13,28,-30,57,87,-68,247,315,45
"2","209",2021,"male","Foreign",55,49,147,98,6,43,37,13,302,289,22
"2","209",2021,"female","Austrian",-44,-8,8,16,-36,54,90,-28,243,271,45
"2","209",2021,"female","Foreign",7,18,106,88,-11,29,40,26,247,221,24
"2","209",2022,"male","Austrian",-46,-3,16,19,-43,45,88,131,393,262,88
"2","209",2022,"male","Foreign",132,116,238,122,16,46,30,61,367,306,50
"2","209",2022,"female","Austrian",-42,-11,11,22,-31,53,84,155,398,243,93
"2","209",2022,"female","Foreign",201,207,300,93,-6,32,38,80,355,275,42
"2","209",2023,"male","Austrian",-31,-12,20,32,-19,45,64,15,291,276,34
"2","209",2023,"male","Foreign",39,16,148,132,23,59,36,15,330,315,40
"2","209",2023,"female","Austrian",-6,-4,14,18,-2,54,56,-3,263,266,36
"2","209",2023,"female","Foreign",55,54,161,107,1,28,27,18,298,280,23
"2","210",2007,"male","Austrian",0,0,0,0,0,0,0,0,0,0,0
"2","210",2007,"male","Foreign",0,0,0,0,0,0,0,0,0,0,0
"2","210",2007,"female","Austrian",-1,0,0,0,-1,0,1,0,0,0,0
"2","210",2007,"female","Foreign",0,0,0,0,0,0,0,0,0,0,0
"2","210",2008,"male","Austrian",0,0,0,0,0,0,0,0,0,0,0
"2","210",2008,"male","Foreign",1,1,1,0,0,0,0,0,0,0,0
"2","210",2008,"female","Austrian",0,0,0,0,0,0,0,0,0,0,0
"2","210",2008,"female","Foreign",0,0,0,0,0,0,0,0,0,0,0
"2","210",2009,"male","Austrian",0,0,0,0,0,0,0,0,0,0,0
"2","210",2009,"male","Foreign",-1,-1,0,1,0,0,0,0,0,0,0
"2","210",2009,"female","Austrian",0,0,0,0,0,0,0,0,0,0,0
"2","210",2009,"female","Foreign",0,0,0,0,0,0,0,0,0,0,0
"2","210",2010,"male","Austrian",0,0,0,0,0,0,0,0,0,0,0
"2","210",2010,"male","Foreign",0,0,0,0,0,0,0,0,0,0,0
"2","210",2010,"female","Austrian",0,0,0,0,0,0,0,0,0,0,0
"2","210",2010,"female","Foreign",0,0,0,0,0,0,0,0,0,0,0
"2","210",2011,"male","Austrian",0,0,0,0,0,0,0,0,0,0,0
"2","210",2011,"male","Foreign",0,0,0,0,0,0,0,0,0,0,0
"2","210",2011,"female","Austrian",0,0,0,0,0,0,0,0,0,0,0
"2","210",2011,"female","Foreign",0,0,0,0,0,0,0,0,0,0,0
"2","210",2012,"male","Austrian",0,0,0,0,0,0,0,0,0,0,0
"2","210",2012,"male","Foreign",0,0,0,0,0,0,0,0,0,0,0
"2","210",2012,"female","Austrian",0,0,0,0,0,0,0,0,0,0,0
"2","210",2012,"female","Foreign",0,0,0,0,0,0,0,0,0,0,0
"2","210",2013,"male","Austrian",0,0,0,0,0,0,0,0,0,0,0
"2","210",2013,"male","Foreign",-1,-1,0,1,0,0,0,0,0,0,0
"2","210",2013,"female","Austrian",0,0,0,0,0,0,0,0,0,0,0
"2","210",2013,"female","Foreign",0,0,0,0,0,0,0,0,0,0,0
"2","210",2014,"male","Austrian",0,0,0,0,0,0,0,0,0,0,0
"2","210",2014,"male","Foreign",0,0,0,0,0,0,0,0,0,0,0
"2","210",2014,"female","Austrian",0,0,0,0,0,0,0,0,0,0,0
"2","210",2014,"female","Foreign",0,0,0,0,0,0,0,0,0,0,0
"2","210",2015,"male","Austrian",0,0,0,0,0,0,0,0,0,0,0
"2","210",2015,"male","Foreign",-1,-1,0,1,0,0,0,0,0,0,0
"2","210",2015,"female","Austrian",0,0,0,0,0,0,0,0,0,0,0
"2","210",2015,"female","Foreign",0,0,0,0,0,0,0,0,0,0,0
"2","210",2016,"male","Austrian",0,0,0,0,0,0,0,0,0,0,0
"2","210",2016,"male","Foreign",0,0,0,0,0,0,0,0,0,0,0
"2","210",2016,"female","Austrian",0,0,0,0,0,0,0,0,0,0,0
"2","210",2016,"female","Foreign",0,0,0,0,0,0,0,0,0,0,0
"2","210",2017,"male","Austrian",0,0,0,0,0,0,0,0,0,0,0
"2","210",2017,"male","Foreign",0,0,0,0,0,0,0,0,0,0,0
"2","210",2017,"female","Austrian",0,0,0,0,0,0,0,0,0,0,0
"2","210",2017,"female","Foreign",0,0,0,0,0,0,0,0,0,0,0
"2","210",2018,"male","Austrian",0,0,0,0,0,0,0,0,0,0,0
"2","210",2018,"male","Foreign",0,0,0,0,0,0,0,0,0,0,0
"2","210",2018,"female","Austrian",0,0,0,0,0,0,0,0,0,0,0
"2","210",2018,"female","Foreign",0,0,0,0,0,0,0,0,0,0,0
"2","210",2019,"male","Austrian",0,0,0,0,0,0,0,0,0,0,0
"2","210",2019,"male","Foreign",0,0,0,0,0,0,0,0,0,0,0
"2","210",2019,"female","Austrian",0,0,0,0,0,0,0,0,0,0,0
"2","210",2019,"female","Foreign",0,0,0,0,0,0,0,0,0,0,0
"2","210",2020,"male","Austrian",0,0,0,0,0,0,0,0,0,0,0
"2","210",2020,"male","Foreign",0,0,0,0,0,0,0,0,0,0,0
"2","210",2020,"female","Austrian",0,0,0,0,0,0,0,0,0,0,0
"2","210",2020,"female","Foreign",0,0,0,0,0,0,0,0,0,0,0
"2","210",2021,"male","Austrian",0,0,0,0,0,0,0,0,0,0,0
"2","210",2021,"male","Foreign",0,0,0,0,0,0,0,0,0,0,0
"2","210",2021,"female","Austrian",0,0,0,0,0,0,0,0,0,0,0
"2","210",2021,"female","Foreign",0,0,0,0,0,0,0,0,0,0,0
"2","210",2022,"male","Austrian",0,0,0,0,0,0,0,0,0,0,0
"2","210",2022,"male","Foreign",0,0,0,0,0,0,0,0,0,0,0
"2","210",2022,"female","Austrian",0,0,0,0,0,0,0,0,0,0,0
"2","210",2022,"female","Foreign",0,0,0,0,0,0,0,0,0,0,0
"2","210",2023,"male","Austrian",0,0,0,0,0,0,0,0,0,0,0
"2","210",2023,"male","Foreign",0,0,0,0,0,0,0,0,0,0,0
"2","210",2023,"female","Austrian",0,0,0,0,0,0,0,0,0,0,0
"2","210",2023,"female","Foreign",0,0,0,0,0,0,0,0,0,0,0
"2","299",2007,"male","Austrian",-29,-8,0,8,-21,1,22,-74,9,83,0
"2","299",2007,"male","Foreign",-24,-22,2,24,-2,0,2,-22,0,22,0
"2","299",2007,"female","Austrian",-26,-8,0,8,-18,0,18,-70,5,75,0
"2","299",2007,"female","Foreign",-8,-6,0,6,-2,0,2,-30,0,30,0
"2","299",2008,"male","Austrian",0,0,1,1,0,2,2,7,27,20,0
"2","299",2008,"male","Foreign",-3,0,3,3,-3,0,3,2,11,9,0
"2","299",2008,"female","Austrian",-7,-2,0,2,-5,0,5,12,24,12,0
"2","299",2008,"female","Foreign",4,6,6,0,-2,1,3,3,11,8,0
"2","299",2009,"male","Austrian",-3,-2,0,2,-1,2,3,-10,5,15,0
"2","299",2009,"male","Foreign",-1,-1,1,2,0,0,0,-5,2,7,0
"2","299",2009,"female","Austrian",-1,0,0,0,-1,0,1,-4,5,9,0
"2","299",2009,"female","Foreign",-2,-1,2,3,-1,0,1,-8,2,10,0
"2","299",2010,"male","Austrian",-3,0,1,1,-3,0,3,-16,3,19,0
"2","299",2010,"male","Foreign",-1,-1,1,2,0,1,1,-6,2,8,0
"2","299",2010,"female","Austrian",-4,-2,0,2,-2,0,2,-7,5,12,0
"2","299",2010,"female","Foreign",0,0,0,0,0,0,0,-1,2,3,0
"2","299",2011,"male","Austrian",-3,-2,0,2,-1,0,1,-9,0,9,0
"2","299",2011,"male","Foreign",-5,-5,0,5,0,0,0,-1,1,2,0
"2","299",2011,"female","Austrian",-4,-2,0,2,-2,0,2,-5,2,7,0
"2","299",2011,"female","Foreign",-3,-3,0,3,0,0,0,-5,0,5,0
"2","299",2012,"male","Austrian",-1,-1,0,1,0,0,0,-12,1,13,0
"2","299",2012,"male","Foreign",1,0,0,0,1,1,0,-1,0,1,0
"2","299",2012,"female","Austrian",-3,0,0,0,-3,0,3,-7,2,9,0
"2","299",2012,"female","Foreign",-2,-2,1,3,0,0,0,-1,0,1,0
"2","299",2013,"male","Austrian",-6,-4,0,4,-2,3,5,-15,3,18,0
"2","299",2013,"male","Foreign",-1,-1,3,4,0,0,0,-4,0,4,0
"2","299",2013,"female","Austrian",-4,-3,0,3,-1,3,4,-12,1,13,0
"2","299",2013,"female","Foreign",0,0,2,2,0,0,0,-5,2,7,0
"2","299",2014,"male","Austrian",-2,0,0,0,-2,0,2,2,7,5,0
"2","299",2014,"male","Foreign",2,2,2,0,0,0,0,-5,1,6,0
"2","299",2014,"female","Austrian",-3,0,0,0,-3,0,3,-1,3,4,0
"2","299",2014,"female","Foreign",1,2,3,1,-1,0,1,-6,2,8,0
"2","299",2015,"male","Austrian",0,0,0,0,0,0,0,-2,0,2,0
"2","299",2015,"male","Foreign",1,1,1,0,0,0,0,-1,0,1,0
"2","299",2015,"female","Austrian",0,0,0,0,0,0,0,-2,0,2,0
"2","299",2015,"female","Foreign",0,0,2,2,0,0,0,0,0,0,0
"2","299",2016,"male","Austrian",-2,0,0,0,-2,0,2,-4,1,5,1
"2","299",2016,"male","Foreign",-2,0,0,0,-2,0,2,1,2,1,0
"2","299",2016,"female","Austrian",0,0,0,0,0,0,0,-7,0,7,0
"2","299",2016,"female","Foreign",0,0,0,0,0,0,0,-4,0,4,0
"2","299",2017,"male","Austrian",0,0,0,0,0,0,0,-6,2,8,0
"2","299",2017,"male","Foreign",0,0,1,1,0,0,0,-1,0,1,0
"2","299",2017,"female","Austrian",-1,-1,0,1,0,0,0,-5,5,10,0
"2","299",2017,"female","Foreign",0,0,0,0,0,0,0,0,0,0,0
"2","299",2018,"male","Austrian",-2,0,0,0,-2,0,2,-6,0,6,0
"2","299",2018,"male","Foreign",0,0,0,0,0,0,0,0,1,1,0
"2","299",2018,"female","Austrian",0,0,0,0,0,0,0,-1,0,1,0
"2","299",2018,"female","Foreign",1,1,1,0,0,0,0,0,0,0,0
"2","299",2019,"male","Austrian",0,0,0,0,0,0,0,1,3,2,0
"2","299",2019,"male","Foreign",1,1,1,0,0,0,0,1,1,0,0
"2","299",2019,"female","Austrian",0,0,0,0,0,0,0,0,0,0,0
"2","299",2019,"female","Foreign",1,0,0,0,1,1,0,2,2,0,0
"2","299",2020,"male","Austrian",0,0,0,0,0,0,0,1,1,0,0
"2","299",2020,"male","Foreign",2,1,1,0,1,1,0,1,2,1,0
"2","299",2020,"female","Austrian",1,1,1,0,0,0,0,0,0,0,0
"2","299",2020,"female","Foreign",0,0,0,0,0,0,0,1,2,1,0
"2","299",2021,"male","Austrian",1,0,0,0,1,1,0,0,0,0,0
"2","299",2021,"male","Foreign",1,1,1,0,0,0,0,1,1,0,0
"2","299",2021,"female","Austrian",0,0,0,0,0,0,0,0,1,1,0
"2","299",2021,"female","Foreign",3,3,3,0,0,0,0,-1,0,1,0
"2","299",2022,"male","Austrian",0,0,0,0,0,0,0,0,0,0,0
"2","299",2022,"male","Foreign",0,0,0,0,0,0,0,0,0,0,0
"2","299",2022,"female","Austrian",0,0,0,0,0,0,0,1,1,0,0
"2","299",2022,"female","Foreign",1,1,1,0,0,0,0,1,1,0,0
"2","299",2023,"male","Austrian",0,0,0,0,0,0,0,0,0,0,0
"2","299",2023,"male","Foreign",1,1,1,0,0,0,0,-1,0,1,0
"2","299",2023,"female","Austrian",0,0,0,0,0,0,0,0,0,0,0
"2","299",2023,"female","Foreign",0,0,0,0,0,0,0,1,1,0,0
"3","301",2007,"male","Austrian",6,-24,15,39,30,112,82,-86,220,306,33
"3","301",2007,"male","Foreign",46,45,138,93,1,15,14,-38,142,180,9
"3","301",2007,"female","Austrian",28,-5,16,21,33,115,82,-71,241,312,38
"3","301",2007,"female","Foreign",68,67,137,70,1,15,14,-45,112,157,6
"3","301",2008,"male","Austrian",14,-8,17,25,22,82,60,-44,213,257,34
"3","301",2008,"male","Foreign",30,36,122,86,-6,10,16,-28,132,160,6
"3","301",2008,"female","Austrian",-1,-4,22,26,3,90,87,-45,199,244,30
"3","301",2008,"female","Foreign",48,58,118,60,-10,13,23,-35,127,162,10
"3","301",2009,"male","Austrian",-10,-18,22,40,8,100,92,-87,210,297,31
"3","301",2009,"male","Foreign",26,18,128,110,8,22,14,-7,129,136,7
"3","301",2009,"female","Austrian",15,-15,10,25,30,109,79,-47,204,251,35
"3","301",2009,"female","Foreign",52,42,116,74,10,25,15,-22,120,142,3
"3","301",2010,"male","Austrian",24,-20,18,38,44,117,73,-33,231,264,33
"3","301",2010,"male","Foreign",80,67,172,105,13,25,12,-28,145,173,6
"3","301",2010,"female","Austrian",19,-17,6,23,36,118,82,-38,211,249,19
"3","301",2010,"female","Foreign",53,54,154,100,-1,11,12,-25,121,146,10
"3","301",2011,"male","Austrian",31,0,30,30,31,105,74,-32,236,268,34
"3","301",2011,"male","Foreign",27,22,171,149,5,17,12,-9,169,178,11
"3","301",2011,"female","Austrian",-33,-20,10,30,-13,82,95,-36,234,270,26
"3","301",2011,"female","Foreign",42,23,134,111,19,33,14,-19,153,172,10
"3","301",2012,"male","Austrian",22,-21,23,44,43,114,71,-57,203,260,27
"3","301",2012,"male","Foreign",37,48,168,120,-11,14,25,-23,148,171,9
"3","301",2012,"female","Austrian",9,-3,20,23,12,111,99,-11,234,245,29
"3","301",2012,"female","Foreign",81,73,167,94,8,24,16,-25,149,174,15
"3","301",2013,"male","Austrian",17,-3,27,30,20,99,79,-20,247,267,39
"3","301",2013,"male","Foreign",80,75,182,107,5,24,19,-18,183,201,9
"3","301",2013,"female","Austrian",11,-13,14,27,24,114,90,-41,241,282,31
"3","301",2013,"female","Foreign",117,113,199,86,4,22,18,-66,145,211,9
"3","301",2014,"male","Austrian",-10,-10,24,34,0,83,83,-12,227,239,26
"3","301",2014,"male","Foreign",107,82,176,94,25,35,10,-33,165,198,12
"3","301",2014,"female","Austrian",14,-4,12,16,18,90,72,-28,235,263,28
"3","301",2014,"female","Foreign",83,76,173,97,7,28,21,-49,163,212,12
"3","301",2015,"male","Austrian",22,4,31,27,18,100,82,-35,216,251,25
"3","301",2015,"male","Foreign",334,337,453,116,-3,48,51,37,307,270,17
"3","301",2015,"female","Austrian",25,-6,13,19,31,116,85,-80,224,304,27
"3","301",2015,"female","Foreign",167,188,277,89,-21,17,38,20,227,207,20
"3","301",2016,"male","Austrian",-6,-16,26,42,10,81,71,-14,232,246,35
"3","301",2016,"male","Foreign",317,349,533,184,-32,68,100,-510,345,855,23
"3","301",2016,"female","Austrian",-9,-23,11,34,14,99,85,-30,229,259,22
"3","301",2016,"female","Foreign",164,198,321,123,-34,29,63,-164,251,415,26
"3","301",2017,"male","Austrian",10,0,21,21,10,99,89,-123,193,316,30
"3","301",2017,"male","Foreign",70,34,161,127,36,73,37,-27,281,308,24
"3","301",2017,"female","Austrian",7,-5,19,24,12,95,83,-66,206,272,30
"3","301",2017,"female","Foreign",69,53,164,111,16,34,18,-73,170,243,23
"3","301",2018,"male","Austrian",10,5,26,21,5,92,87,-73,214,287,21
"3","301",2018,"male","Foreign",23,36,175,139,-13,35,48,-21,272,293,20
"3","301",2018,"female","Austrian",-14,-4,12,16,-10,84,94,-60,200,260,28
"3","301",2018,"female","Foreign",55,52,159,107,3,29,26,-51,193,244,16
"3","301",2019,"male","Austrian",-14,-7,17,24,-7,76,83,-32,216,248,24
"3","301",2019,"male","Foreign",40,31,167,136,9,27,18,-39,217,256,19
"3","301",2019,"female","Austrian",0,-7,12,19,7,90,83,-47,218,265,19
"3","301",2019,"female","Foreign",51,57,183,126,-6,14,20,-82,155,237,20
"3","301",2020,"male","Austrian",12,2,21,19,10,84,74,-79,179,258,24
"3","301",2020,"male","Foreign",84,65,157,92,19,45,26,-66,202,268,14
"3","301",2020,"female","Austrian",-12,-1,18,19,-11,80,91,-71,191,262,28
"3","301",2020,"female","Foreign",43,48,157,109,-5,22,27,-59,170,229,10
"3","301",2021,"male","Austrian",-41,-6,15,21,-35,67,102,-34,206,240,25
"3","301",2021,"male","Foreign",105,93,220,127,12,44,32,-84,191,275,20
"3","301",2021,"female","Austrian",-13,2,17,15,-15,87,102,-45,194,239,20
"3","301",2021,"female","Foreign",91,78,176,98,13,25,12,-29,163,192,20
"3","301",2022,"male","Austrian",-26,-26,18,44,0,93,93,-28,185,213,31
"3","301",2022,"male","Foreign",150,126,264,138,24,57,33,-80,234,314,11
"3","301",2022,"female","Austrian",-39,-3,24,27,-36,60,96,-85,156,241,31
"3","301",2022,"female","Foreign",216,210,346,136,6,41,35,-48,212,260,20
"3","301",2023,"male","Austrian",-19,-1,20,21,-18,66,84,-12,196,208,26
"3","301",2023,"male","Foreign",65,51,204,153,14,63,49,-64,261,325,26
"3","301",2023,"female","Austrian",-32,-11,8,19,-21,70,91,-69,209,278,29
"3","301",2023,"female","Foreign",72,67,221,154,5,30,25,-20,211,231,23
"3","302",2007,"male","Austrian",-5,-8,20,28,3,63,60,-11,168,179,16
"3","302",2007,"male","Foreign",40,33,84,51,7,11,4,-20,71,91,4
"3","302",2007,"female","Austrian",-5,-4,15,19,-1,70,71,-36,164,200,16
"3","302",2007,"female","Foreign",26,21,88,67,5,12,7,-45,70,115,8
"3","302",2008,"male","Austrian",-7,-6,18,24,-1,60,61,3,173,170,13
"3","302",2008,"male","Foreign",31,34,93,59,-3,7,10,-27,76,103,5
"3","302",2008,"female","Austrian",-4,-15,11,26,11,76,65,-57,161,218,16
"3","302",2008,"female","Foreign",46,46,105,59,0,9,9,-11,76,87,4
"3","302",2009,"male","Austrian",19,-16,12,28,35,65,30,-6,180,186,21
"3","302",2009,"male","Foreign",34,30,93,63,4,9,5,4,79,75,6
"3","302",2009,"female","Austrian",20,-8,9,17,28,76,48,-27,194,221,29
"3","302",2009,"female","Foreign",36,34,114,80,2,6,4,12,95,83,2
"3","302",2010,"male","Austrian",9,-11,17,28,20,74,54,16,190,174,16
"3","302",2010,"male","Foreign",23,17,82,65,6,13,7,-25,76,101,2
"3","302",2010,"female","Austrian",-4,-14,8,22,10,59,49,-57,132,189,11
"3","302",2010,"female","Foreign",17,17,93,76,0,16,16,-3,103,106,2
"3","302",2011,"male","Austrian",-10,-12,10,22,2,66,64,-12,161,173,31
"3","302",2011,"male","Foreign",27,34,102,68,-7,5,12,15,89,74,5
"3","302",2011,"female","Austrian",10,-12,9,21,22,75,53,-13,156,169,26
"3","302",2011,"female","Foreign",67,64,123,59,3,16,13,-27,94,121,7
"3","302",2012,"male","Austrian",12,-4,19,23,16,67,51,-41,170,211,11
"3","302",2012,"male","Foreign",16,15,85,70,1,7,6,-2,89,91,4
"3","302",2012,"female","Austrian",35,13,16,3,22,75,53,-54,169,223,10
"3","302",2012,"female","Foreign",52,49,129,80,3,16,13,-2,126,128,2
"3","302",2013,"male","Austrian",26,0,20,20,26,80,54,-25,183,208,17
"3","302",2013,"male","Foreign",73,62,123,61,11,20,9,7,109,102,7
"3","302",2013,"female","Austrian",23,-4,11,15,27,79,52,-18,177,195,18
"3","302",2013,"female","Foreign",70,62,132,70,8,25,17,-24,111,135,3
"3","302",2014,"male","Austrian",13,-19,9,28,32,90,58,20,176,156,14
"3","302",2014,"male","Foreign",78,45,122,77,33,41,8,-35,110,145,7
"3","302",2014,"female","Austrian",-12,-3,9,12,-9,51,60,-18,148,166,15
"3","302",2014,"female","Foreign",75,63,147,84,12,23,11,-18,136,154,9
"3","302",2015,"male","Austrian",11,-10,14,24,21,72,51,-51,172,223,13
"3","302",2015,"male","Foreign",82,80,158,78,2,25,23,68,186,118,5
"3","302",2015,"female","Austrian",-12,-16,7,23,4,70,66,-12,183,195,16
"3","302",2015,"female","Foreign",90,83,181,98,7,27,20,-18,144,162,5
"3","302",2016,"male","Austrian",6,-2,27,29,8,71,63,-38,174,212,17
"3","302",2016,"male","Foreign",52,48,158,110,4,24,20,3,223,220,12
"3","302",2016,"female","Austrian",1,-11,16,27,12,73,61,-32,169,201,16
"3","302",2016,"female","Foreign",67,69,162,93,-2,12,14,-21,164,185,12
"3","302",2017,"male","Austrian",-19,-10,16,26,-9,62,71,-17,181,198,19
"3","302",2017,"male","Foreign",37,32,143,111,5,33,28,-109,216,325,10
"3","302",2017,"female","Austrian",-12,-11,7,18,-1,60,61,3,165,162,24
"3","302",2017,"female","Foreign",56,59,146,87,-3,22,25,-13,204,217,7
"3","302",2018,"male","Austrian",6,-10,14,24,16,71,55,-53,169,222,16
"3","302",2018,"male","Foreign",37,28,123,95,9,24,15,3,152,149,6
"3","302",2018,"female","Austrian",-21,-18,4,22,-3,66,69,-63,152,215,26
"3","302",2018,"female","Foreign",26,20,132,112,6,19,13,-48,128,176,13
"3","302",2019,"male","Austrian",-6,-8,20,28,2,61,59,-43,161,204,14
"3","302",2019,"male","Foreign",9,7,123,116,2,18,16,-32,140,172,11
"3","302",2019,"female","Austrian",3,2,16,14,1,69,68,-34,144,178,16
"3","302",2019,"female","Foreign",39,35,138,103,4,20,16,-54,107,161,11
"3","302",2020,"male","Austrian",-12,11,27,16,-23,46,69,-28,160,188,14
"3","302",2020,"male","Foreign",42,39,120,81,3,21,18,-45,116,161,11
"3","302",2020,"female","Austrian",11,3,20,17,8,65,57,-57,162,219,10
"3","302",2020,"female","Foreign",59,53,138,85,6,26,20,-49,124,173,8
"3","302",2021,"male","Austrian",15,-3,15,18,18,86,68,-6,158,164,19
"3","302",2021,"male","Foreign",27,25,104,79,2,18,16,-27,130,157,4
"3","302",2021,"female","Austrian",-24,-5,8,13,-19,56,75,-17,163,180,13
"3","302",2021,"female","Foreign",56,51,127,76,5,17,12,-23,141,164,12
"3","302",2022,"male","Austrian",6,-4,18,22,10,65,55,-13,172,185,21
"3","302",2022,"male","Foreign",93,94,184,90,-1,25,26,-10,151,161,5
"3","302",2022,"female","Austrian",-6,-6,11,17,0,54,54,-25,157,182,25
"3","302",2022,"female","Foreign",166,171,268,97,-5,20,25,-44,159,203,9
"3","302",2023,"male","Austrian",-14,-6,18,24,-8,54,62,-34,163,197,11
"3","302",2023,"male","Foreign",62,50,130,80,12,32,20,-31,158,189,6
"3","302",2023,"female","Austrian",-12,-2,12,14,-10,52,62,-32,183,215,16
"3","302",2023,"female","Foreign",42,46,146,100,-4,24,28,-54,153,207,9
"3","303",2007,"male","Austrian",16,-6,12,18,22,55,33,-25,105,130,9
"3","303",2007,"male","Foreign",23,16,72,56,7,13,6,-6,52,58,7
"3","303",2007,"female","Austrian",7,-7,12,19,14,51,37,-29,89,118,6
"3","303",2007,"female","Foreign",30,29,87,58,1,10,9,-7,65,72,10
"3","303",2008,"male","Austrian",-13,-9,10,19,-4,35,39,-25,90,115,15
"3","303",2008,"male","Foreign",24,24,70,46,0,10,10,-7,50,57,15
"3","303",2008,"female","Austrian",3,-4,14,18,7,40,33,-6,121,127,18
"3","303",2008,"female","Foreign",40,42,95,53,-2,8,10,-7,71,78,21
"3","303",2009,"male","Austrian",20,2,15,13,18,47,29,-11,128,139,9
"3","303",2009,"male","Foreign",31,20,81,61,11,13,2,-29,35,64,5
"3","303",2009,"female","Austrian",13,3,8,5,10,57,47,-22,103,125,1
"3","303",2009,"female","Foreign",35,25,89,64,10,14,4,-63,37,100,7
"3","303",2010,"male","Austrian",8,0,17,17,8,46,38,-30,100,130,7
"3","303",2010,"male","Foreign",14,5,72,67,9,13,4,8,68,60,5
"3","303",2010,"female","Austrian",-16,-16,12,28,0,43,43,-35,97,132,13
"3","303",2010,"female","Foreign",34,23,90,67,11,17,6,11,64,53,7
"3","303",2011,"male","Austrian",5,-10,16,26,15,52,37,-28,86,114,9
"3","303",2011,"male","Foreign",10,14,77,63,-4,7,11,-1,68,69,6
"3","303",2011,"female","Austrian",17,-5,12,17,22,54,32,-10,115,125,13
"3","303",2011,"female","Foreign",21,24,89,65,-3,9,12,-13,63,76,10
"3","303",2012,"male","Austrian",2,5,18,13,-3,46,49,-8,116,124,6
"3","303",2012,"male","Foreign",54,50,110,60,4,10,6,8,65,57,9
"3","303",2012,"female","Austrian",13,-2,10,12,15,47,32,-30,112,142,10
"3","303",2012,"female","Foreign",62,63,120,57,-1,11,12,17,83,66,14
"3","303",2013,"male","Austrian",5,-7,8,15,12,57,45,-27,114,141,7
"3","303",2013,"male","Foreign",37,36,99,63,1,17,16,-20,78,98,6
"3","303",2013,"female","Austrian",-4,-13,5,18,9,51,42,-28,122,150,11
"3","303",2013,"female","Foreign",48,42,114,72,6,22,16,-16,87,103,6
"3","303",2014,"male","Austrian",-1,-2,15,17,1,46,45,-3,103,106,9
"3","303",2014,"male","Foreign",49,46,102,56,3,11,8,4,92,88,11
"3","303",2014,"female","Austrian",3,3,13,10,0,45,45,-18,98,116,7
"3","303",2014,"female","Foreign",96,96,138,42,0,9,9,-48,82,130,18
"3","303",2015,"male","Austrian",5,-5,11,16,10,54,44,-24,101,125,13
"3","303",2015,"male","Foreign",57,56,135,79,1,6,5,-41,72,113,3
"3","303",2015,"female","Austrian",0,1,13,12,-1,49,50,-36,96,132,13
"3","303",2015,"female","Foreign",72,62,141,79,10,20,10,-31,85,116,17
"3","303",2016,"male","Austrian",-2,-3,8,11,1,52,51,-3,104,107,8
"3","303",2016,"male","Foreign",52,31,122,91,21,34,13,-10,79,89,4
"3","303",2016,"female","Austrian",4,-5,7,12,9,52,43,-35,97,132,8
"3","303",2016,"female","Foreign",29,18,122,104,11,25,14,-8,109,117,5
"3","303",2017,"male","Austrian",-3,-4,11,15,1,43,42,-9,102,111,14
"3","303",2017,"male","Foreign",58,45,119,74,13,27,14,-12,102,114,10
"3","303",2017,"female","Austrian",-35,-13,7,20,-22,24,46,-25,84,109,14
"3","303",2017,"female","Foreign",61,50,129,79,11,25,14,21,119,98,8
"3","303",2018,"male","Austrian",38,10,19,9,28,57,29,20,128,108,8
"3","303",2018,"male","Foreign",53,50,132,82,3,16,13,9,122,113,7
"3","303",2018,"female","Austrian",12,2,16,14,10,49,39,41,141,100,11
"3","303",2018,"female","Foreign",54,48,121,73,6,21,15,-7,117,124,15
"3","303",2019,"male","Austrian",-11,-3,13,16,-8,38,46,-42,109,151,16
"3","303",2019,"male","Foreign",8,11,114,103,-3,14,17,-8,100,108,2
"3","303",2019,"female","Austrian",-6,1,11,10,-7,35,42,-35,103,138,13
"3","303",2019,"female","Foreign",9,17,117,100,-8,13,21,2,118,116,9
"3","303",2020,"male","Austrian",-16,1,11,10,-17,40,57,0,125,125,11
"3","303",2020,"male","Foreign",19,21,105,84,-2,13,15,-29,94,123,12
"3","303",2020,"female","Austrian",28,2,10,8,26,54,28,-7,116,123,6
"3","303",2020,"female","Foreign",-7,11,90,79,-18,13,31,0,121,121,15
"3","303",2021,"male","Austrian",-11,-12,20,32,1,56,55,25,146,121,14
"3","303",2021,"male","Foreign",27,25,107,82,2,25,23,16,130,114,12
"3","303",2021,"female","Austrian",13,-5,13,18,18,68,50,-10,113,123,12
"3","303",2021,"female","Foreign",43,36,126,90,7,25,18,17,145,128,12
"3","303",2022,"male","Austrian",-3,-10,11,21,7,38,31,-29,103,132,7
"3","303",2022,"male","Foreign",130,120,182,62,10,25,15,-2,122,124,11
"3","303",2022,"female","Austrian",-17,-10,10,20,-7,43,50,-11,115,126,9
"3","303",2022,"female","Foreign",206,196,269,73,10,26,16,-1,148,149,13
"3","303",2023,"male","Austrian",-18,-6,6,12,-12,34,46,-20,114,134,6
"3","303",2023,"male","Foreign",52,47,150,103,5,16,11,26,127,101,16
"3","303",2023,"female","Austrian",-2,3,7,4,-5,40,45,-29,112,141,7
"3","303",2023,"female","Foreign",19,23,135,112,-4,17,21,20,143,123,26
"3","304",2007,"male","Austrian",12,-16,23,39,28,127,99,-95,218,313,26
"3","304",2007,"male","Foreign",54,50,171,121,4,28,24,-60,244,304,21
"3","304",2007,"female","Austrian",29,-13,9,22,42,130,88,-112,189,301,42
"3","304",2007,"female","Foreign",125,109,220,111,16,34,18,-84,178,262,24
"3","304",2008,"male","Austrian",5,-14,20,34,19,98,79,-73,192,265,22
"3","304",2008,"male","Foreign",67,49,181,132,18,44,26,-36,226,262,21
"3","304",2008,"female","Austrian",21,-9,13,22,30,109,79,-29,218,247,20
"3","304",2008,"female","Foreign",61,58,178,120,3,29,26,-14,221,235,36
"3","304",2009,"male","Austrian",13,-6,20,26,19,107,88,-60,217,277,15
"3","304",2009,"male","Foreign",36,20,198,178,16,39,23,-19,240,259,21
"3","304",2009,"female","Austrian",21,-10,13,23,31,121,90,-75,216,291,17
"3","304",2009,"female","Foreign",52,48,176,128,4,32,28,-35,203,238,26
"3","304",2010,"male","Austrian",15,-12,24,36,27,119,92,-41,214,255,11
"3","304",2010,"male","Foreign",34,22,184,162,12,40,28,-17,223,240,21
"3","304",2010,"female","Austrian",27,-18,4,22,45,138,93,-40,208,248,25
"3","304",2010,"female","Foreign",77,58,207,149,19,52,33,-18,239,257,28
"3","304",2011,"male","Austrian",37,3,28,25,34,122,88,-57,216,273,11
"3","304",2011,"male","Foreign",58,53,221,168,5,29,24,-17,274,291,11
"3","304",2011,"female","Austrian",14,-8,13,21,22,124,102,-46,210,256,7
"3","304",2011,"female","Foreign",91,91,218,127,0,34,34,-71,212,283,20
"3","304",2012,"male","Austrian",54,7,27,20,47,123,76,-89,212,301,23
"3","304",2012,"male","Foreign",91,95,266,171,-4,40,44,-92,269,361,24
"3","304",2012,"female","Austrian",38,-3,10,13,41,123,82,-97,213,310,25
"3","304",2012,"female","Foreign",139,118,257,139,21,52,31,-16,281,297,19
"3","304",2013,"male","Austrian",44,6,30,24,38,106,68,-92,192,284,16
"3","304",2013,"male","Foreign",136,132,309,177,4,32,28,-75,250,325,21
"3","304",2013,"female","Austrian",8,-11,10,21,19,104,85,-76,188,264,12
"3","304",2013,"female","Foreign",106,104,261,157,2,28,26,-79,243,322,20
"3","304",2014,"male","Austrian",26,-12,17,29,38,110,72,-64,197,261,13
"3","304",2014,"male","Foreign",171,143,336,193,28,66,38,-53,302,355,22
"3","304",2014,"female","Austrian",19,-8,11,19,27,116,89,-83,161,244,15
"3","304",2014,"female","Foreign",174,171,307,136,3,51,48,-87,265,352,26
"3","304",2015,"male","Austrian",4,-22,20,42,26,108,82,-49,209,258,23
"3","304",2015,"male","Foreign",145,133,340,207,12,75,63,5,354,349,22
"3","304",2015,"female","Austrian",11,-6,11,17,17,111,94,-37,207,244,21
"3","304",2015,"female","Foreign",191,185,328,143,6,38,32,-49,320,369,22
"3","304",2016,"male","Austrian",20,-2,19,21,22,105,83,-28,207,235,10
"3","304",2016,"male","Foreign",140,118,313,195,22,94,72,-46,398,444,27
"3","304",2016,"female","Austrian",9,-3,14,17,12,104,92,-56,194,250,13
"3","304",2016,"female","Foreign",139,137,295,158,2,48,46,-74,297,371,21
"3","304",2017,"male","Austrian",-6,-13,13,26,7,112,105,-19,211,230,14
"3","304",2017,"male","Foreign",87,50,268,218,37,92,55,-38,453,491,34
"3","304",2017,"female","Austrian",5,-13,8,21,18,102,84,-68,172,240,15
"3","304",2017,"female","Foreign",92,81,236,155,11,59,48,-129,311,440,36
"3","304",2018,"male","Austrian",19,-7,16,23,26,104,78,-102,187,289,15
"3","304",2018,"male","Foreign",45,43,249,206,2,52,50,-34,429,463,40
"3","304",2018,"female","Austrian",14,0,14,14,14,96,82,-80,169,249,19
"3","304",2018,"female","Foreign",60,57,239,182,3,38,35,-37,340,377,32
"3","304",2019,"male","Austrian",-18,-8,16,24,-10,79,89,-88,174,262,18
"3","304",2019,"male","Foreign",80,70,262,192,10,72,62,-102,391,493,22
"3","304",2019,"female","Austrian",17,-8,10,18,25,117,92,-97,166,263,12
"3","304",2019,"female","Foreign",89,80,242,162,9,51,42,-99,300,399,29
"3","304",2020,"male","Austrian",20,1,16,15,19,97,78,-73,177,250,16
"3","304",2020,"male","Foreign",79,50,228,178,29,76,47,-53,331,384,22
"3","304",2020,"female","Austrian",15,2,17,15,13,109,96,-77,164,241,23
"3","304",2020,"female","Foreign",71,64,198,134,7,52,45,-61,265,326,15
"3","304",2021,"male","Austrian",20,6,24,18,14,90,76,-79,176,255,14
"3","304",2021,"male","Foreign",67,23,212,189,44,88,44,-91,357,448,19
"3","304",2021,"female","Austrian",-20,0,12,12,-20,85,105,-66,197,263,22
"3","304",2021,"female","Foreign",108,100,235,135,8,49,41,-102,257,359,22
"3","304",2022,"male","Austrian",23,-3,18,21,26,113,87,-49,179,228,5
"3","304",2022,"male","Foreign",202,185,354,169,17,76,59,-133,348,481,19
"3","304",2022,"female","Austrian",11,-6,16,22,17,97,80,-74,165,239,9
"3","304",2022,"female","Foreign",310,296,465,169,14,56,42,-110,296,406,21
"3","304",2023,"male","Austrian",2,1,22,21,1,98,97,-76,144,220,25
"3","304",2023,"male","Foreign",205,104,270,166,101,155,54,-87,488,575,27
"3","304",2023,"female","Austrian",14,-1,15,16,15,106,91,-72,151,223,21
"3","304",2023,"female","Foreign",128,91,267,176,37,66,29,-124,296,420,32
"3","305",2007,"male","Austrian",-30,-5,14,19,-25,58,83,-18,159,177,20
"3","305",2007,"male","Foreign",47,37,94,57,10,18,8,-7,97,104,5
"3","305",2007,"female","Austrian",-24,-8,10,18,-16,60,76,10,187,177,23
"3","305",2007,"female","Foreign",63,61,110,49,2,10,8,0,90,90,9
"3","305",2008,"male","Austrian",-14,-8,11,19,-6,67,73,-45,157,202,16
"3","305",2008,"male","Foreign",40,26,87,61,14,22,8,-35,84,119,6
"3","305",2008,"female","Austrian",-15,0,11,11,-15,60,75,-4,175,179,22
"3","305",2008,"female","Foreign",40,34,95,61,6,18,12,-9,89,98,3
"3","305",2009,"male","Austrian",17,-3,13,16,20,79,59,-35,159,194,9
"3","305",2009,"male","Foreign",50,48,117,69,2,13,11,-3,133,136,8
"3","305",2009,"female","Austrian",4,-7,12,19,11,74,63,-25,156,181,11
"3","305",2009,"female","Foreign",20,18,85,67,2,19,17,-10,116,126,4
"3","305",2010,"male","Austrian",16,-5,18,23,21,84,63,23,216,193,16
"3","305",2010,"male","Foreign",43,40,113,73,3,13,10,-5,131,136,3
"3","305",2010,"female","Austrian",25,-11,9,20,36,96,60,49,212,163,16
"3","305",2010,"female","Foreign",33,36,99,63,-3,13,16,38,154,116,11
"3","305",2011,"male","Austrian",-5,-5,12,17,0,63,63,-14,185,199,21
"3","305",2011,"male","Foreign",23,7,104,97,16,23,7,-1,120,121,4
"3","305",2011,"female","Austrian",-10,-5,8,13,-5,79,84,-42,153,195,17
"3","305",2011,"female","Foreign",5,9,90,81,-4,14,18,21,118,97,9
"3","305",2012,"male","Austrian",-2,-1,14,15,-1,49,50,-31,163,194,8
"3","305",2012,"male","Foreign",62,56,146,90,6,17,11,-20,131,151,10
"3","305",2012,"female","Austrian",19,5,10,5,14,86,72,-52,150,202,14
"3","305",2012,"female","Foreign",55,48,120,72,7,13,6,-36,123,159,11
"3","305",2013,"male","Austrian",9,-5,15,20,14,78,64,-21,172,193,14
"3","305",2013,"male","Foreign",51,43,139,96,8,22,14,-19,129,148,5
"3","305",2013,"female","Austrian",3,-8,8,16,11,74,63,16,182,166,17
"3","305",2013,"female","Foreign",82,79,152,73,3,20,17,-9,144,153,4
"3","305",2014,"male","Austrian",-3,-8,11,19,5,56,51,-46,168,214,10
"3","305",2014,"male","Foreign",71,58,148,90,13,29,16,-12,139,151,9
"3","305",2014,"female","Austrian",18,-5,8,13,23,75,52,-47,167,214,13
"3","305",2014,"female","Foreign",97,89,152,63,8,24,16,-48,119,167,10
"3","305",2015,"male","Austrian",9,-9,14,23,18,67,49,-38,142,180,10
"3","305",2015,"male","Foreign",77,68,165,97,9,31,22,1,168,167,6
"3","305",2015,"female","Austrian",12,3,13,10,9,68,59,-22,167,189,10
"3","305",2015,"female","Foreign",87,101,180,79,-14,21,35,-21,162,183,11
"3","305",2016,"male","Austrian",11,4,18,14,7,64,57,-7,151,158,16
"3","305",2016,"male","Foreign",85,65,153,88,20,38,18,9,208,199,12
"3","305",2016,"female","Austrian",14,-2,7,9,16,76,60,-8,173,181,19
"3","305",2016,"female","Foreign",70,59,163,104,11,30,19,9,166,157,12
"3","305",2017,"male","Austrian",31,-4,14,18,35,83,48,14,161,147,6
"3","305",2017,"male","Foreign",61,51,146,95,10,36,26,3,232,229,20
"3","305",2017,"female","Austrian",7,2,13,11,5,69,64,-4,170,174,12
"3","305",2017,"female","Foreign",80,57,165,108,23,37,14,35,195,160,16
"3","305",2018,"male","Austrian",-21,3,21,18,-24,47,71,-33,172,205,13
"3","305",2018,"male","Foreign",64,50,178,128,14,36,22,2,233,231,10
"3","305",2018,"female","Austrian",-8,1,9,8,-9,59,68,-10,194,204,17
"3","305",2018,"female","Foreign",91,64,167,103,27,42,15,-27,210,237,10
"3","305",2019,"male","Austrian",35,-6,16,22,41,77,36,-44,164,208,15
"3","305",2019,"male","Foreign",87,68,196,128,19,39,20,-38,204,242,11
"3","305",2019,"female","Austrian",34,1,10,9,33,76,43,-40,184,224,11
"3","305",2019,"female","Foreign",51,44,163,119,7,31,24,-86,167,253,5
"3","305",2020,"male","Austrian",17,3,14,11,14,78,64,-53,146,199,10
"3","305",2020,"male","Foreign",53,32,143,111,21,48,27,-71,184,255,12
"3","305",2020,"female","Austrian",4,6,12,6,-2,74,76,-36,162,198,14
"3","305",2020,"female","Foreign",80,44,148,104,36,59,23,-23,206,229,14
"3","305",2021,"male","Austrian",-40,-14,13,27,-26,52,78,-53,134,187,15
"3","305",2021,"male","Foreign",41,28,146,118,13,44,31,-24,202,226,11
"3","305",2021,"female","Austrian",11,-3,7,10,14,86,72,-14,171,185,9
"3","305",2021,"female","Foreign",24,17,142,125,7,34,27,-66,165,231,8
"3","305",2022,"male","Austrian",23,0,13,13,23,86,63,-18,148,166,14
"3","305",2022,"male","Foreign",128,109,210,101,19,45,26,-16,242,258,23
"3","305",2022,"female","Austrian",-14,-12,4,16,-2,71,73,22,191,169,20
"3","305",2022,"female","Foreign",225,198,299,101,27,47,20,-61,213,274,23
"3","305",2023,"male","Austrian",-2,-6,5,11,4,63,59,-34,135,169,7
"3","305",2023,"male","Foreign",98,42,176,134,56,95,39,-22,285,307,23
"3","305",2023,"female","Austrian",1,-4,7,11,5,66,61,-31,153,184,4
"3","305",2023,"female","Foreign",63,27,164,137,36,60,24,-45,205,250,16
"3","306",2007,"male","Austrian",-3,-26,26,52,23,111,88,-58,325,383,63
"3","306",2007,"male","Foreign",57,50,140,90,7,20,13,-20,207,227,17
"3","306",2007,"female","Austrian",3,-10,18,28,13,120,107,-116,304,420,54
"3","306",2007,"female","Foreign",95,87,156,69,8,24,16,9,187,178,23
"3","306",2008,"male","Austrian",27,-8,30,38,35,130,95,-14,324,338,35
"3","306",2008,"male","Foreign",21,23,140,117,-2,21,23,-9,221,230,25
"3","306",2008,"female","Austrian",2,-22,14,36,24,128,104,-26,312,338,35
"3","306",2008,"female","Foreign",41,30,125,95,11,30,19,-6,193,199,14
"3","306",2009,"male","Austrian",9,0,39,39,9,112,103,4,347,343,50
"3","306",2009,"male","Foreign",45,34,156,122,11,30,19,8,225,217,19
"3","306",2009,"female","Austrian",7,-1,19,20,8,129,121,13,356,343,59
"3","306",2009,"female","Foreign",64,56,149,93,8,28,20,-70,160,230,23
"3","306",2010,"male","Austrian",-11,-24,28,52,13,112,99,-61,328,389,42
"3","306",2010,"male","Foreign",58,30,143,113,28,50,22,-32,203,235,12
"3","306",2010,"female","Austrian",-5,-9,19,28,4,115,111,-61,298,359,36
"3","306",2010,"female","Foreign",90,77,158,81,13,34,21,-32,188,220,13
"3","306",2011,"male","Austrian",-2,-22,29,51,20,119,99,-63,307,370,38
"3","306",2011,"male","Foreign",76,57,195,138,19,45,26,-8,234,242,16
"3","306",2011,"female","Austrian",-29,-27,20,47,-2,128,130,-27,314,341,36
"3","306",2011,"female","Foreign",84,75,189,114,9,34,25,26,219,193,22
"3","306",2012,"male","Austrian",-15,-22,30,52,7,108,101,-73,289,362,42
"3","306",2012,"male","Foreign",92,84,222,138,8,37,29,-64,244,308,18
"3","306",2012,"female","Austrian",7,-11,11,22,18,114,96,-82,287,369,53
"3","306",2012,"female","Foreign",118,112,216,104,6,21,15,-41,214,255,20
"3","306",2013,"male","Austrian",-4,-13,20,33,9,112,103,-34,291,325,27
"3","306",2013,"male","Foreign",168,133,274,141,35,67,32,-25,267,292,12
"3","306",2013,"female","Austrian",15,0,23,23,15,102,87,-58,284,342,35
"3","306",2013,"female","Foreign",118,110,239,129,8,37,29,-38,239,277,17
"3","306",2014,"male","Austrian",-17,-18,23,41,1,88,87,-3,296,299,23
"3","306",2014,"male","Foreign",98,92,253,161,6,43,37,-9,278,287,23
"3","306",2014,"female","Austrian",-2,-19,16,35,17,120,103,-58,275,333,38
"3","306",2014,"female","Foreign",128,119,255,136,9,34,25,-18,215,233,20
"3","306",2015,"male","Austrian",24,4,29,25,20,111,91,-98,249,347,32
"3","306",2015,"male","Foreign",162,131,281,150,31,52,21,-74,300,374,24
"3","306",2015,"female","Austrian",-8,-13,10,23,5,119,114,-117,228,345,29
"3","306",2015,"female","Foreign",143,135,255,120,8,32,24,-16,257,273,23
"3","306",2016,"male","Austrian",-30,-19,16,35,-11,88,99,-45,280,325,45
"3","306",2016,"male","Foreign",163,131,252,121,32,70,38,-52,360,412,23
"3","306",2016,"female","Austrian",4,-2,14,16,6,114,108,-85,264,349,35
"3","306",2016,"female","Foreign",122,105,222,117,17,45,28,-21,281,302,22
"3","306",2017,"male","Austrian",-16,-8,24,32,-8,93,101,-46,257,303,39
"3","306",2017,"male","Foreign",86,79,236,157,7,52,45,-6,372,378,23
"3","306",2017,"female","Austrian",-14,-9,20,29,-5,104,109,-69,279,348,39
"3","306",2017,"female","Foreign",91,103,247,144,-12,26,38,-20,289,309,22
"3","306",2018,"male","Austrian",-47,-20,15,35,-27,65,92,-29,272,301,31
"3","306",2018,"male","Foreign",47,40,213,173,7,39,32,-16,410,426,14
"3","306",2018,"female","Austrian",-21,-4,14,18,-17,96,113,-81,285,366,28
"3","306",2018,"female","Foreign",43,39,191,152,4,33,29,20,345,325,16
"3","306",2019,"male","Austrian",-27,-3,20,23,-24,76,100,-37,271,308,27
"3","306",2019,"male","Foreign",46,63,258,195,-17,31,48,36,426,390,19
"3","306",2019,"female","Austrian",-5,2,23,21,-7,101,108,-71,264,335,33
"3","306",2019,"female","Foreign",66,79,201,122,-13,32,45,-15,322,337,21
"3","306",2020,"male","Austrian",-14,-12,21,33,-2,92,94,-50,266,316,27
"3","306",2020,"male","Foreign",65,66,212,146,-1,45,46,-61,334,395,23
"3","306",2020,"female","Austrian",-28,-3,15,18,-25,105,130,-81,268,349,40
"3","306",2020,"female","Foreign",68,69,181,112,-1,40,41,-57,266,323,30
"3","306",2021,"male","Austrian",-21,-16,16,32,-5,81,86,-47,242,289,25
"3","306",2021,"male","Foreign",42,8,182,174,34,71,37,-68,324,392,21
"3","306",2021,"female","Austrian",-38,-7,16,23,-31,85,116,-62,251,313,24
"3","306",2021,"female","Foreign",28,13,138,125,15,44,29,-91,229,320,27
"3","306",2022,"male","Austrian",-5,5,22,17,-10,88,98,-76,235,311,31
"3","306",2022,"male","Foreign",211,148,297,149,63,105,42,-11,377,388,29
"3","306",2022,"female","Austrian",-11,-9,15,24,-2,102,104,-56,249,305,24
"3","306",2022,"female","Foreign",228,209,353,144,19,56,37,-15,333,348,41
"3","306",2023,"male","Austrian",-52,-5,22,27,-47,71,118,-24,220,244,22
"3","306",2023,"male","Foreign",126,77,241,164,49,108,59,-9,429,438,32
"3","306",2023,"female","Austrian",-20,-13,13,26,-7,94,101,-58,237,295,33
"3","306",2023,"female","Foreign",112,101,240,139,11,56,45,-49,295,344,24
"3","307",2007,"male","Austrian",-15,-6,9,15,-9,22,31,-27,119,146,6
"3","307",2007,"male","Foreign",46,39,82,43,7,10,3,5,104,99,6
"3","307",2007,"female","Austrian",1,-3,5,8,4,28,24,-6,132,138,15
"3","307",2007,"female","Foreign",17,12,48,36,5,7,2,-1,79,80,5
"3","307",2008,"male","Austrian",-20,-7,8,15,-13,22,35,1,97,96,4
"3","307",2008,"male","Foreign",-1,-6,58,64,5,13,8,-21,96,117,6
"3","307",2008,"female","Austrian",-25,-6,1,7,-19,24,43,38,140,102,15
"3","307",2008,"female","Foreign",44,40,60,20,4,12,8,8,75,67,4
"3","307",2009,"male","Austrian",22,3,6,3,19,47,28,116,235,119,18
"3","307",2009,"male","Foreign",39,23,80,57,16,21,5,25,136,111,5
"3","307",2009,"female","Austrian",2,1,5,4,1,32,31,104,239,135,25
"3","307",2009,"female","Foreign",60,47,68,21,13,18,5,19,106,87,2
"3","307",2010,"male","Austrian",19,-2,12,14,21,46,25,119,250,131,20
"3","307",2010,"male","Foreign",64,63,131,68,1,14,13,9,127,118,5
"3","307",2010,"female","Austrian",35,-3,7,10,38,58,20,149,287,138,28
"3","307",2010,"female","Foreign",70,65,102,37,5,15,10,31,139,108,10
"3","307",2011,"male","Austrian",14,-2,12,14,16,35,19,-9,123,132,11
"3","307",2011,"male","Foreign",31,18,107,89,13,22,9,-59,108,167,3
"3","307",2011,"female","Austrian",-4,-6,4,10,2,19,17,0,114,114,24
"3","307",2011,"female","Foreign",33,20,76,56,13,18,5,-74,83,157,2
"3","307",2012,"male","Austrian",1,-2,10,12,3,34,31,20,130,110,8
"3","307",2012,"male","Foreign",64,49,101,52,15,25,10,-37,104,141,2
"3","307",2012,"female","Austrian",8,1,5,4,7,44,37,33,149,116,24
"3","307",2012,"female","Foreign",56,50,79,29,6,14,8,-12,81,93,2
"3","307",2013,"male","Austrian",-2,-6,8,14,4,31,27,-20,98,118,4
"3","307",2013,"male","Foreign",51,36,95,59,15,22,7,-44,92,136,2
"3","307",2013,"female","Austrian",-23,-9,1,10,-14,20,34,-1,125,126,12
"3","307",2013,"female","Foreign",78,64,100,36,14,18,4,-38,81,119,2
"3","307",2014,"male","Austrian",-9,-7,6,13,-2,25,27,0,111,111,20
"3","307",2014,"male","Foreign",333,330,382,52,3,83,80,-68,119,187,3
"3","307",2014,"female","Austrian",-3,-3,3,6,0,30,30,23,130,107,24
"3","307",2014,"female","Foreign",68,62,106,44,6,18,12,-6,104,110,6
"3","307",2015,"male","Austrian",-6,-6,7,13,0,37,37,-15,100,115,4
"3","307",2015,"male","Foreign",641,917,1039,122,-276,366,642,-187,126,313,3
"3","307",2015,"female","Austrian",-16,-5,3,8,-11,27,38,9,124,115,21
"3","307",2015,"female","Foreign",22,44,95,51,-22,11,33,-79,83,162,1
"3","307",2016,"male","Austrian",-13,-3,7,10,-10,36,46,-10,97,107,7
"3","307",2016,"male","Foreign",-132,-166,171,337,34,66,32,35,552,517,7
"3","307",2016,"female","Austrian",-27,-6,3,9,-21,27,48,25,125,100,26
"3","307",2016,"female","Foreign",46,34,72,38,12,23,11,36,155,119,5
"3","307",2017,"male","Austrian",1,4,10,6,-3,44,47,3,114,111,6
"3","307",2017,"male","Foreign",-13,-21,96,117,8,46,38,50,503,453,4
"3","307",2017,"female","Austrian",-12,-9,2,11,-3,34,37,12,126,114,14
"3","307",2017,"female","Foreign",39,37,82,45,2,16,14,-16,121,137,5
"3","307",2018,"male","Austrian",-15,-6,12,18,-9,38,47,24,141,117,7
"3","307",2018,"male","Foreign",-32,-43,93,136,11,34,23,31,429,398,5
"3","307",2018,"female","Austrian",-22,0,11,11,-22,29,51,42,163,121,18
"3","307",2018,"female","Foreign",36,13,70,57,23,33,10,-7,168,175,2
"3","307",2019,"male","Austrian",-3,-9,6,15,6,37,31,33,152,119,13
"3","307",2019,"male","Foreign",-15,-15,127,142,0,32,32,-37,315,352,5
"3","307",2019,"female","Austrian",2,-3,3,6,5,37,32,13,115,102,17
"3","307",2019,"female","Foreign",28,27,77,50,1,10,9,39,182,143,2
"3","307",2020,"male","Austrian",17,2,11,9,15,65,50,353,484,131,29
"3","307",2020,"male","Foreign",46,28,113,85,18,40,22,45,377,332,18
"3","307",2020,"female","Austrian",59,0,2,2,59,94,35,339,450,111,39
"3","307",2020,"female","Foreign",73,60,98,38,13,32,19,153,356,203,12
"3","307",2021,"male","Austrian",19,-10,7,17,29,76,47,88,241,153,15
"3","307",2021,"male","Foreign",182,118,208,90,64,91,27,-143,253,396,9
"3","307",2021,"female","Austrian",2,-5,8,13,7,59,52,109,241,132,31
"3","307",2021,"female","Foreign",130,121,165,44,9,20,11,113,257,144,9
"3","307",2022,"male","Austrian",20,-4,13,17,24,78,54,79,250,171,17
"3","307",2022,"male","Foreign",524,423,536,113,101,137,36,20,402,382,18
"3","307",2022,"female","Austrian",3,-5,12,17,8,74,66,56,226,170,22
"3","307",2022,"female","Foreign",566,548,685,137,18,52,34,181,478,297,27
"3","307",2023,"male","Austrian",17,-10,15,25,27,88,61,462,602,140,40
"3","307",2023,"male","Foreign",206,160,332,172,46,83,37,234,660,426,44
"3","307",2023,"female","Austrian",19,0,12,12,19,82,63,350,521,171,37
"3","307",2023,"female","Foreign",162,146,314,168,16,45,29,289,588,299,51
"3","308",2007,"male","Austrian",0,0,29,29,0,17,17,-7,81,88,5
"3","308",2007,"male","Foreign",-12,-6,17,23,-6,1,7,-103,55,158,1
"3","308",2007,"female","Austrian",-6,-10,11,21,4,15,11,13,89,76,5
"3","308",2007,"female","Foreign",7,5,11,6,2,3,1,-35,39,74,0
"3","308",2008,"male","Austrian",-5,1,21,20,-6,15,21,15,96,81,1
"3","308",2008,"male","Foreign",1,1,14,13,0,2,2,23,44,21,0
"3","308",2008,"female","Austrian",1,8,22,14,-7,12,19,5,85,80,3
"3","308",2008,"female","Foreign",6,6,17,11,0,2,2,21,39,18,0
"3","308",2009,"male","Austrian",3,10,33,23,-7,9,16,-15,91,106,5
"3","308",2009,"male","Foreign",-1,3,16,13,-4,0,4,-20,49,69,0
"3","308",2009,"female","Austrian",-13,-8,10,18,-5,11,16,-23,116,139,6
"3","308",2009,"female","Foreign",7,10,15,5,-3,0,3,-29,54,83,0
"3","308",2010,"male","Austrian",19,16,42,26,3,10,7,-11,105,116,9
"3","308",2010,"male","Foreign",11,12,23,11,-1,2,3,6,23,17,1
"3","308",2010,"female","Austrian",4,0,18,18,4,10,6,-1,80,81,4
"3","308",2010,"female","Foreign",3,2,10,8,1,1,0,0,17,17,1
"3","308",2011,"male","Austrian",10,14,49,35,-4,17,21,-23,86,109,6
"3","308",2011,"male","Foreign",10,12,28,16,-2,1,3,16,36,20,0
"3","308",2011,"female","Austrian",-9,3,14,11,-12,17,29,-18,51,69,4
"3","308",2011,"female","Foreign",5,7,15,8,-2,1,3,13,32,19,1
"3","308",2012,"male","Austrian",-9,6,25,19,-15,13,28,-35,72,107,2
"3","308",2012,"male","Foreign",-12,-9,12,21,-3,2,5,-1,35,36,0
"3","308",2012,"female","Austrian",-12,-5,19,24,-7,16,23,10,94,84,0
"3","308",2012,"female","Foreign",2,3,18,15,-1,2,3,5,43,38,0
"3","308",2013,"male","Austrian",2,-1,32,33,3,19,16,6,124,118,1
"3","308",2013,"male","Foreign",4,7,17,10,-3,2,5,9,45,36,0
"3","308",2013,"female","Austrian",-13,-6,16,22,-7,12,19,29,123,94,1
"3","308",2013,"female","Foreign",3,5,13,8,-2,4,6,10,51,41,0
"3","308",2014,"male","Austrian",11,2,38,36,9,27,18,29,148,119,4
"3","308",2014,"male","Foreign",14,6,22,16,8,11,3,27,71,44,0
"3","308",2014,"female","Austrian",0,-3,21,24,3,24,21,29,164,135,2
"3","308",2014,"female","Foreign",30,24,33,9,6,8,2,34,85,51,0
"3","308",2015,"male","Austrian",19,16,44,28,3,22,19,1,123,122,7
"3","308",2015,"male","Foreign",17,10,38,28,7,9,2,8,47,39,1
"3","308",2015,"female","Austrian",2,-2,15,17,4,26,22,8,140,132,6
"3","308",2015,"female","Foreign",7,7,28,21,0,6,6,17,78,61,1
"3","308",2016,"male","Austrian",8,5,35,30,3,28,25,21,170,149,7
"3","308",2016,"male","Foreign",5,2,26,24,3,7,4,34,87,53,2
"3","308",2016,"female","Austrian",6,1,17,16,5,22,17,-13,134,147,5
"3","308",2016,"female","Foreign",9,4,23,19,5,8,3,12,70,58,2
"3","308",2017,"male","Austrian",31,19,36,17,12,39,27,11,207,196,16
"3","308",2017,"male","Foreign",10,10,46,36,0,7,7,-10,70,80,4
"3","308",2017,"female","Austrian",3,-1,16,17,4,21,17,-9,133,142,10
"3","308",2017,"female","Foreign",1,4,21,17,-3,5,8,-4,51,55,6
"3","308",2018,"male","Austrian",6,6,27,21,0,24,24,46,213,167,11
"3","308",2018,"male","Foreign",6,0,29,29,6,9,3,22,98,76,0
"3","308",2018,"female","Austrian",-10,4,9,5,-14,15,29,15,122,107,11
"3","308",2018,"female","Foreign",0,0,16,16,0,5,5,9,61,52,4
"3","308",2019,"male","Austrian",4,7,33,26,-3,29,32,3,278,275,20
"3","308",2019,"male","Foreign",9,18,43,25,-9,8,17,40,162,122,16
"3","308",2019,"female","Austrian",16,6,19,13,10,25,15,17,154,137,14
"3","308",2019,"female","Foreign",22,29,46,17,-7,9,16,12,88,76,5
"3","308",2020,"male","Austrian",15,16,34,18,-1,35,36,-2,263,265,17
"3","308",2020,"male","Foreign",32,34,85,51,-2,9,11,-1,148,149,13
"3","308",2020,"female","Austrian",3,3,7,4,0,37,37,8,130,122,13
"3","308",2020,"female","Foreign",27,29,47,18,-2,6,8,14,84,70,6
"3","308",2021,"male","Austrian",18,10,28,18,8,44,36,-71,273,344,18
"3","308",2021,"male","Foreign",33,29,62,33,4,14,10,-6,188,194,4
"3","308",2021,"female","Austrian",6,-1,9,10,7,37,30,28,171,143,10
"3","308",2021,"female","Foreign",23,19,58,39,4,7,3,12,113,101,2
"3","308",2022,"male","Austrian",-21,3,15,12,-24,24,48,-1,160,161,10
"3","308",2022,"male","Foreign",39,41,103,62,-2,11,13,13,169,156,2
"3","308",2022,"female","Austrian",-3,-2,9,11,-1,21,22,-16,122,138,11
"3","308",2022,"female","Foreign",53,51,92,41,2,5,3,-15,76,91,4
"3","308",2023,"male","Austrian",6,6,18,12,0,27,27,104,309,205,16
"3","308",2023,"male","Foreign",8,13,64,51,-5,9,14,23,209,186,4
"3","308",2023,"female","Austrian",2,8,15,7,-6,27,33,-14,110,124,10
"3","308",2023,"female","Foreign",14,9,55,46,5,8,3,-4,101,105,4
"3","309",2007,"male","Austrian",5,-14,11,25,19,80,61,10,186,176,14
"3","309",2007,"male","Foreign",14,18,73,55,-4,7,11,2,66,64,5
"3","309",2007,"female","Austrian",3,-4,10,14,7,69,62,5,191,186,14
"3","309",2007,"female","Foreign",37,34,82,48,3,15,12,8,83,75,11
"3","309",2008,"male","Austrian",6,-4,11,15,10,68,58,-42,142,184,19
"3","309",2008,"male","Foreign",40,36,97,61,4,10,6,-12,73,85,4
"3","309",2008,"female","Austrian",-12,-13,6,19,1,52,51,-29,137,166,17
"3","309",2008,"female","Foreign",22,18,78,60,4,11,7,6,73,67,5
"3","309",2009,"male","Austrian",7,-7,20,27,14,84,70,-81,139,220,19
"3","309",2009,"male","Foreign",-4,-6,69,75,2,6,4,3,73,70,1
"3","309",2009,"female","Austrian",-14,-12,9,21,-2,70,72,-61,154,215,13
"3","309",2009,"female","Foreign",32,33,103,70,-1,7,8,4,96,92,3
"3","309",2010,"male","Austrian",22,6,27,21,16,70,54,-40,164,204,24
"3","309",2010,"male","Foreign",35,32,94,62,3,10,7,-5,70,75,5
"3","309",2010,"female","Austrian",5,1,9,8,4,60,56,-35,161,196,27
"3","309",2010,"female","Foreign",13,16,87,71,-3,10,13,9,88,79,13
"3","309",2011,"male","Austrian",-22,-12,10,22,-10,70,80,2,188,186,19
"3","309",2011,"male","Foreign",61,65,122,57,-4,8,12,-7,85,92,11
"3","309",2011,"female","Austrian",-19,-12,3,15,-7,60,67,-18,177,195,23
"3","309",2011,"female","Foreign",97,91,137,46,6,16,10,-15,105,120,10
"3","309",2012,"male","Austrian",3,-3,22,25,6,64,58,7,193,186,20
"3","309",2012,"male","Foreign",37,36,107,71,1,10,9,0,85,85,6
"3","309",2012,"female","Austrian",5,-3,18,21,8,75,67,-29,182,211,18
"3","309",2012,"female","Foreign",29,32,105,73,-3,9,12,-15,91,106,10
"3","309",2013,"male","Austrian",-8,-6,18,24,-2,70,72,-46,156,202,14
"3","309",2013,"male","Foreign",56,58,137,79,-2,10,12,6,116,110,4
"3","309",2013,"female","Austrian",-11,-6,6,12,-5,68,73,-40,153,193,16
"3","309",2013,"female","Foreign",25,32,109,77,-7,7,14,46,148,102,7
"3","309",2014,"male","Austrian",16,4,20,16,12,70,58,-62,123,185,12
"3","309",2014,"male","Foreign",37,36,107,71,1,9,8,-4,93,97,11
"3","309",2014,"female","Austrian",20,-2,14,16,22,76,54,-16,138,154,11
"3","309",2014,"female","Foreign",49,48,128,80,1,10,9,2,110,108,11
"3","309",2015,"male","Austrian",1,-2,21,23,3,61,58,-6,173,179,10
"3","309",2015,"male","Foreign",32,29,114,85,3,14,11,5,109,104,4
"3","309",2015,"female","Austrian",8,4,23,19,4,59,55,-19,164,183,14
"3","309",2015,"female","Foreign",24,27,112,85,-3,11,14,6,122,116,4
"3","309",2016,"male","Austrian",5,-6,11,17,11,63,52,-10,176,186,22
"3","309",2016,"male","Foreign",61,39,120,81,22,26,4,10,140,130,6
"3","309",2016,"female","Austrian",23,2,9,7,21,81,60,25,182,157,18
"3","309",2016,"female","Foreign",67,58,134,76,9,21,12,-1,141,142,11
"3","309",2017,"male","Austrian",-1,-9,9,18,8,67,59,-1,169,170,27
"3","309",2017,"male","Foreign",36,39,128,89,-3,15,18,50,172,122,11
"3","309",2017,"female","Austrian",13,-16,6,22,29,91,62,-16,170,186,27
"3","309",2017,"female","Foreign",20,14,114,100,6,18,12,29,136,107,16
"3","309",2018,"male","Austrian",-3,-9,12,21,6,69,63,-5,169,174,22
"3","309",2018,"male","Foreign",38,30,132,102,8,17,9,-20,139,159,6
"3","309",2018,"female","Austrian",-12,-6,11,17,-6,60,66,-32,149,181,13
"3","309",2018,"female","Foreign",26,19,116,97,7,19,12,-14,132,146,14
"3","309",2019,"male","Austrian",-14,4,23,19,-18,50,68,-34,178,212,16
"3","309",2019,"male","Foreign",3,7,107,100,-4,18,22,-37,135,172,14
"3","309",2019,"female","Austrian",-2,-2,18,20,0,65,65,-31,150,181,19
"3","309",2019,"female","Foreign",38,32,109,77,6,21,15,-37,120,157,13
"3","309",2020,"male","Austrian",-6,-5,14,19,-1,63,64,-75,163,238,20
"3","309",2020,"male","Foreign",41,41,106,65,0,22,22,-26,138,164,8
"3","309",2020,"female","Austrian",-24,-10,8,18,-14,56,70,-46,168,214,27
"3","309",2020,"female","Foreign",48,41,101,60,7,17,10,-4,132,136,7
"3","309",2021,"male","Austrian",-15,5,19,14,-20,60,80,3,194,191,20
"3","309",2021,"male","Foreign",17,24,95,71,-7,15,22,-6,119,125,9
"3","309",2021,"female","Austrian",-6,10,20,10,-16,55,71,-28,151,179,18
"3","309",2021,"female","Foreign",27,25,84,59,2,22,20,-7,126,133,8
"3","309",2022,"male","Austrian",-9,-2,22,24,-7,57,64,-72,127,199,20
"3","309",2022,"male","Foreign",97,94,176,82,3,21,18,-24,125,149,9
"3","309",2022,"female","Austrian",-11,-4,12,16,-7,64,71,-77,133,210,27
"3","309",2022,"female","Foreign",139,127,205,78,12,38,26,-16,154,170,12
"3","309",2023,"male","Austrian",-27,-2,15,17,-25,52,77,-43,149,192,19
"3","309",2023,"male","Foreign",5,3,110,107,2,16,14,-44,125,169,18
"3","309",2023,"female","Austrian",0,2,17,15,-2,53,55,-36,141,177,16
"3","309",2023,"female","Foreign",5,12,116,104,-7,15,22,7,175,168,16
"3","310",2007,"male","Austrian",-17,-1,21,22,-16,52,68,-15,205,220,24
"3","310",2007,"male","Foreign",-1,7,95,88,-8,10,18,-41,138,179,15
"3","310",2007,"female","Austrian",-20,-12,6,18,-8,46,54,-65,168,233,30
"3","310",2007,"female","Foreign",23,24,91,67,-1,9,10,-8,131,139,7
"3","310",2008,"male","Austrian",-5,4,30,26,-9,48,57,-47,182,229,27
"3","310",2008,"male","Foreign",11,15,92,77,-4,12,16,-12,157,169,10
"3","310",2008,"female","Austrian",-15,-10,6,16,-5,61,66,-23,182,205,26
"3","310",2008,"female","Foreign",24,21,77,56,3,14,11,-21,116,137,8
"3","310",2009,"male","Austrian",-19,-9,21,30,-10,45,55,-19,201,220,21
"3","310",2009,"male","Foreign",-8,0,89,89,-8,14,22,-21,159,180,20
"3","310",2009,"female","Austrian",-22,-6,11,17,-16,38,54,-26,184,210,17
"3","310",2009,"female","Foreign",23,30,76,46,-7,11,18,-5,139,144,10
"3","310",2010,"male","Austrian",7,-7,23,30,14,52,38,7,220,213,28
"3","310",2010,"male","Foreign",43,52,112,60,-9,6,15,2,135,133,8
"3","310",2010,"female","Austrian",-20,-10,9,19,-10,45,55,-27,178,205,30
"3","310",2010,"female","Foreign",27,28,96,68,-1,10,11,20,140,120,3
"3","310",2011,"male","Austrian",7,-2,25,27,9,56,47,36,230,194,34
"3","310",2011,"male","Foreign",12,15,106,91,-3,14,17,13,168,155,11
"3","310",2011,"female","Austrian",6,3,16,13,3,65,62,12,186,174,17
"3","310",2011,"female","Foreign",41,38,93,55,3,12,9,32,155,123,13
"3","310",2012,"male","Austrian",4,-6,18,24,10,62,52,-75,173,248,24
"3","310",2012,"male","Foreign",19,23,98,75,-4,12,16,-9,145,154,12
"3","310",2012,"female","Austrian",-25,-13,4,17,-12,60,72,-56,160,216,20
"3","310",2012,"female","Foreign",48,43,98,55,5,14,9,22,144,122,22
"3","310",2013,"male","Austrian",16,0,17,17,16,59,43,9,156,147,20
"3","310",2013,"male","Foreign",70,66,135,69,4,22,18,33,182,149,11
"3","310",2013,"female","Austrian",6,-7,7,14,13,59,46,-2,162,164,11
"3","310",2013,"female","Foreign",68,62,114,52,6,20,14,-4,150,154,7
"3","310",2014,"male","Austrian",-19,-14,12,26,-5,40,45,-42,149,191,18
"3","310",2014,"male","Foreign",24,20,115,95,4,20,16,4,205,201,10
"3","310",2014,"female","Austrian",-14,-7,1,8,-7,49,56,-50,131,181,14
"3","310",2014,"female","Foreign",60,53,113,60,7,19,12,25,172,147,14
"3","310",2015,"male","Austrian",-14,-2,30,32,-12,46,58,-29,191,220,20
"3","310",2015,"male","Foreign",99,87,163,76,12,24,12,-23,197,220,12
"3","310",2015,"female","Austrian",6,-2,6,8,8,48,40,-74,156,230,13
"3","310",2015,"female","Foreign",75,66,131,65,9,19,10,-5,189,194,6
"3","310",2016,"male","Austrian",16,-4,19,23,20,60,40,-71,157,228,13
"3","310",2016,"male","Foreign",30,22,115,93,8,33,25,-1,230,231,11
"3","310",2016,"female","Austrian",-17,-8,7,15,-9,48,57,-53,150,203,6
"3","310",2016,"female","Foreign",20,24,103,79,-4,13,17,-53,155,208,8
"3","310",2017,"male","Austrian",-19,-5,17,22,-14,37,51,-30,166,196,15
"3","310",2017,"male","Foreign",52,40,119,79,12,37,25,14,230,216,11
"3","310",2017,"female","Austrian",-13,-5,15,20,-8,42,50,-2,163,165,13
"3","310",2017,"female","Foreign",47,40,107,67,7,17,10,-2,159,161,7
"3","310",2018,"male","Austrian",7,-4,18,22,11,81,70,59,285,226,14
"3","310",2018,"male","Foreign",76,67,162,95,9,43,34,169,376,207,15
"3","310",2018,"female","Austrian",-19,-9,10,19,-10,61,71,66,239,173,19
"3","310",2018,"female","Foreign",76,62,154,92,14,35,21,153,319,166,16
"3","310",2019,"male","Austrian",13,-3,21,24,16,75,59,12,196,184,9
"3","310",2019,"male","Foreign",65,68,169,101,-3,35,38,33,282,249,10
"3","310",2019,"female","Austrian",-3,-9,12,21,6,66,60,2,179,177,14
"3","310",2019,"female","Foreign",72,73,150,77,-1,22,23,39,221,182,4
"3","310",2020,"male","Austrian",57,0,15,15,57,125,68,129,324,195,21
"3","310",2020,"male","Foreign",135,118,215,97,17,48,31,128,388,260,21
"3","310",2020,"female","Austrian",80,9,22,13,71,128,57,126,302,176,20
"3","310",2020,"female","Foreign",97,83,160,77,14,41,27,167,345,178,24
"3","310",2021,"male","Austrian",-11,-1,12,13,-10,67,77,-11,232,243,17
"3","310",2021,"male","Foreign",62,51,184,133,11,53,42,36,307,271,40
"3","310",2021,"female","Austrian",0,-1,9,10,1,81,80,-35,190,225,13
"3","310",2021,"female","Foreign",80,70,166,96,10,38,28,75,264,189,22
"3","310",2022,"male","Austrian",-16,-5,14,19,-11,61,72,-92,164,256,13
"3","310",2022,"male","Foreign",114,92,220,128,22,74,52,-39,312,351,31
"3","310",2022,"female","Austrian",-23,-7,11,18,-16,63,79,-54,180,234,14
"3","310",2022,"female","Foreign",147,145,248,103,2,33,31,13,257,244,28
"3","310",2023,"male","Austrian",-22,-19,9,28,-3,68,71,-93,158,251,23
"3","310",2023,"male","Foreign",65,18,166,148,47,81,34,28,364,336,30
"3","310",2023,"female","Austrian",-32,-10,12,22,-22,59,81,-111,153,264,26
"3","310",2023,"female","Foreign",29,21,154,133,8,37,29,15,251,236,37
"3","311",2007,"male","Austrian",1,4,7,3,-3,10,13,-8,62,70,16
"3","311",2007,"male","Foreign",13,6,12,6,7,8,1,15,31,16,3
"3","311",2007,"female","Austrian",-10,-1,0,1,-9,7,16,0,52,52,11
"3","311",2007,"female","Foreign",9,10,13,3,-1,3,4,13,30,17,2
"3","311",2008,"male","Austrian",-15,-2,6,8,-13,9,22,1,69,68,7
"3","311",2008,"male","Foreign",-2,-5,11,16,3,4,1,11,40,29,1
"3","311",2008,"female","Austrian",-6,-2,4,6,-4,9,13,-4,57,61,2
"3","311",2008,"female","Foreign",-4,-5,10,15,1,1,0,16,39,23,5
"3","311",2009,"male","Austrian",-18,-3,7,10,-15,8,23,5,68,63,7
"3","311",2009,"male","Foreign",7,6,22,16,1,4,3,1,32,31,1
"3","311",2009,"female","Austrian",-7,1,2,1,-8,4,12,-19,49,68,4
"3","311",2009,"female","Foreign",-3,1,10,9,-4,2,6,12,30,18,0
"3","311",2010,"male","Austrian",-18,-2,4,6,-16,6,22,12,62,50,8
"3","311",2010,"male","Foreign",6,4,14,10,2,3,1,10,45,35,5
"3","311",2010,"female","Austrian",-2,-3,5,8,1,12,11,-12,42,54,9
"3","311",2010,"female","Foreign",0,3,15,12,-3,1,4,12,29,17,2
"3","311",2011,"male","Austrian",-1,-6,7,13,5,19,14,111,166,55,7
"3","311",2011,"male","Foreign",7,6,18,12,1,3,2,43,78,35,4
"3","311",2011,"female","Austrian",1,-1,1,2,2,15,13,118,184,66,7
"3","311",2011,"female","Foreign",4,7,14,7,-3,1,4,37,66,29,0
"3","311",2012,"male","Austrian",21,-4,7,11,25,36,11,214,286,72,7
"3","311",2012,"male","Foreign",15,9,21,12,6,8,2,60,105,45,2
"3","311",2012,"female","Austrian",31,-2,4,6,33,44,11,236,300,64,8
"3","311",2012,"female","Foreign",0,-2,10,12,2,5,3,91,122,31,1
"3","311",2013,"male","Austrian",2,-1,9,10,3,19,16,26,98,72,10
"3","311",2013,"male","Foreign",13,9,25,16,4,8,4,20,54,34,2
"3","311",2013,"female","Austrian",-4,0,4,4,-4,21,25,50,119,69,7
"3","311",2013,"female","Foreign",14,14,20,6,0,3,3,34,56,22,0
"3","311",2014,"male","Austrian",16,-3,2,5,19,34,15,89,177,88,6
"3","311",2014,"male","Foreign",13,15,34,19,-2,6,8,81,127,46,5
"3","311",2014,"female","Austrian",3,-4,2,6,7,33,26,111,183,72,11
"3","311",2014,"female","Foreign",37,33,45,12,4,6,2,87,127,40,2
"3","311",2015,"male","Austrian",-7,1,9,8,-8,20,28,7,80,73,7
"3","311",2015,"male","Foreign",24,15,31,16,9,12,3,-10,60,70,3
"3","311",2015,"female","Austrian",-8,-4,8,12,-4,24,28,-8,77,85,5
"3","311",2015,"female","Foreign",15,15,34,19,0,4,4,8,65,57,2
"3","311",2016,"male","Austrian",-28,-6,3,9,-22,8,30,-13,79,92,5
"3","311",2016,"male","Foreign",12,5,29,24,7,13,6,11,55,44,0
"3","311",2016,"female","Austrian",-12,0,3,3,-12,22,34,-6,53,59,9
"3","311",2016,"female","Foreign",12,10,34,24,2,7,5,-9,43,52,1
"3","311",2017,"male","Austrian",-8,1,9,8,-9,14,23,-15,70,85,11
"3","311",2017,"male","Foreign",20,18,44,26,2,13,11,36,87,51,3
"3","311",2017,"female","Austrian",-14,-8,4,12,-6,14,20,-4,85,89,10
"3","311",2017,"female","Foreign",21,17,31,14,4,12,8,42,88,46,6
"3","311",2018,"male","Austrian",4,-4,6,10,8,28,20,40,119,79,14
"3","311",2018,"male","Foreign",45,39,73,34,6,10,4,63,124,61,9
"3","311",2018,"female","Austrian",2,-4,5,9,6,28,22,8,109,101,10
"3","311",2018,"female","Foreign",42,33,49,16,9,14,5,70,134,64,7
"3","311",2019,"male","Austrian",8,-6,6,12,14,32,18,-2,88,90,9
"3","311",2019,"male","Foreign",3,8,42,34,-5,7,12,15,72,57,4
"3","311",2019,"female","Austrian",-5,-2,2,4,-3,24,27,5,68,63,10
"3","311",2019,"female","Foreign",17,9,35,26,8,12,4,39,92,53,5
"3","311",2020,"male","Austrian",-12,0,5,5,-12,22,34,-1,84,85,11
"3","311",2020,"male","Foreign",2,9,40,31,-7,7,14,40,94,54,6
"3","311",2020,"female","Austrian",-16,2,8,6,-18,15,33,7,106,99,14
"3","311",2020,"female","Foreign",10,18,34,16,-8,6,14,20,80,60,1
"3","311",2021,"male","Austrian",-4,-4,6,10,0,18,18,-6,75,81,4
"3","311",2021,"male","Foreign",1,-3,35,38,4,11,7,37,100,63,2
"3","311",2021,"female","Austrian",-18,-6,4,10,-12,19,31,4,87,83,10
"3","311",2021,"female","Foreign",-6,-7,24,31,1,12,11,51,97,46,2
"3","311",2022,"male","Austrian",-25,-9,4,13,-16,32,48,27,113,86,6
"3","311",2022,"male","Foreign",51,49,76,27,2,14,12,12,88,76,14
"3","311",2022,"female","Austrian",-14,-3,1,4,-11,29,40,21,92,71,13
"3","311",2022,"female","Foreign",67,79,109,30,-12,9,21,28,117,89,9
"3","311",2023,"male","Austrian",-22,-3,4,7,-19,22,41,-20,72,92,9
"3","311",2023,"male","Foreign",12,16,49,33,-4,14,18,25,104,79,10
"3","311",2023,"female","Austrian",-25,-1,4,5,-24,18,42,-15,77,92,10
"3","311",2023,"female","Foreign",23,28,58,30,-5,8,13,9,111,102,6
"3","399",2007,"male","Austrian",-22,-6,0,6,-16,1,17,-50,5,55,0
"3","399",2007,"male","Foreign",-17,-14,0,14,-3,0,3,-24,0,24,0
"3","399",2007,"female","Austrian",-18,-6,1,7,-12,1,13,-64,2,66,0
"3","399",2007,"female","Foreign",-15,-13,0,13,-2,0,2,-15,0,15,0
"3","399",2008,"male","Austrian",-3,-1,0,1,-2,1,3,-17,1,18,0
"3","399",2008,"male","Foreign",-4,-4,2,6,0,0,0,-9,0,9,0
"3","399",2008,"female","Austrian",-4,-1,0,1,-3,0,3,-9,1,10,0
"3","399",2008,"female","Foreign",-1,-1,1,2,0,0,0,-3,0,3,0
"3","399",2009,"male","Austrian",-3,-1,0,1,-2,0,2,-6,14,20,0
"3","399",2009,"male","Foreign",0,0,1,1,0,0,0,-5,2,7,0
"3","399",2009,"female","Austrian",-5,-3,0,3,-2,0,2,-4,13,17,0
"3","399",2009,"female","Foreign",4,3,4,1,1,1,0,-2,3,5,0
"3","399",2010,"male","Austrian",-4,-4,0,4,0,0,0,-7,0,7,0
"3","399",2010,"male","Foreign",-3,-2,1,3,-1,0,1,-4,1,5,0
"3","399",2010,"female","Austrian",-3,0,1,1,-3,0,3,-9,2,11,0
"3","399",2010,"female","Foreign",-2,-2,2,4,0,0,0,-6,1,7,0
"3","399",2011,"male","Austrian",-2,0,1,1,-2,0,2,-12,0,12,0
"3","399",2011,"male","Foreign",-2,-1,0,1,-1,0,1,-2,0,2,0
"3","399",2011,"female","Austrian",-2,-1,0,1,-1,0,1,-15,1,16,0
"3","399",2011,"female","Foreign",-4,-3,0,3,-1,0,1,-4,0,4,0
"3","399",2012,"male","Austrian",-7,-2,0,2,-5,0,5,-18,3,21,0
"3","399",2012,"male","Foreign",0,0,0,0,0,0,0,-1,1,2,0
"3","399",2012,"female","Austrian",-3,-1,0,1,-2,0,2,-8,6,14,0
"3","399",2012,"female","Foreign",0,0,0,0,0,0,0,-3,0,3,0
"3","399",2013,"male","Austrian",-1,0,1,1,-1,1,2,-10,8,18,0
"3","399",2013,"male","Foreign",3,4,6,2,-1,1,2,-11,4,15,0
"3","399",2013,"female","Austrian",-3,0,0,0,-3,0,3,-6,5,11,0
"3","399",2013,"female","Foreign",4,4,5,1,0,0,0,-9,4,13,0
"3","399",2014,"male","Austrian",-1,1,1,0,-2,0,2,-2,1,3,0
"3","399",2014,"male","Foreign",-1,0,2,2,-1,0,1,-3,0,3,0
"3","399",2014,"female","Austrian",-1,0,0,0,-1,0,1,-1,1,2,0
"3","399",2014,"female","Foreign",1,1,2,1,0,0,0,-2,0,2,0
"3","399",2015,"male","Austrian",-1,0,0,0,-1,0,1,-6,0,6,0
"3","399",2015,"male","Foreign",-1,0,0,0,-1,0,1,-6,0,6,0
"3","399",2015,"female","Austrian",-2,0,0,0,-2,0,2,-1,0,1,0
"3","399",2015,"female","Foreign",-2,-1,0,1,-1,0,1,-3,0,3,0
"3","399",2016,"male","Austrian",-3,0,0,0,-3,0,3,-4,0,4,0
"3","399",2016,"male","Foreign",0,0,0,0,0,1,1,-2,0,2,0
"3","399",2016,"female","Austrian",-4,-2,0,2,-2,0,2,-6,0,6,0
"3","399",2016,"female","Foreign",-2,-1,0,1,-1,0,1,-2,0,2,0
"3","399",2017,"male","Austrian",4,1,1,0,3,3,0,-5,1,6,0
"3","399",2017,"male","Foreign",2,2,2,0,0,0,0,3,3,0,0
"3","399",2017,"female","Austrian",-1,0,0,0,-1,0,1,5,7,2,0
"3","399",2017,"female","Foreign",2,2,3,1,0,0,0,4,5,1,0
"3","399",2018,"male","Austrian",-2,-1,0,1,-1,0,1,0,0,0,0
"3","399",2018,"male","Foreign",0,0,0,0,0,0,0,0,1,1,0
"3","399",2018,"female","Austrian",0,0,0,0,0,0,0,-3,0,3,0
"3","399",2018,"female","Foreign",-1,-1,0,1,0,0,0,-2,0,2,0
"3","399",2019,"male","Austrian",1,0,0,0,1,1,0,1,2,1,0
"3","399",2019,"male","Foreign",0,0,0,0,0,0,0,0,0,0,0
"3","399",2019,"female","Austrian",0,0,0,0,0,0,0,0,0,0,0
"3","399",2019,"female","Foreign",0,0,0,0,0,0,0,0,0,0,0
"3","399",2020,"male","Austrian",0,0,0,0,0,0,0,1,1,0,0
"3","399",2020,"male","Foreign",0,0,0,0,0,0,0,0,0,0,0
"3","399",2020,"female","Austrian",0,0,0,0,0,0,0,3,3,0,0
"3","399",2020,"female","Foreign",0,0,0,0,0,0,0,2,2,0,0
"3","399",2021,"male","Austrian",0,0,0,0,0,0,0,0,0,0,0
"3","399",2021,"male","Foreign",0,0,0,0,0,0,0,0,0,0,0
"3","399",2021,"female","Austrian",0,0,0,0,0,0,0,0,0,0,0
"3","399",2021,"female","Foreign",0,0,0,0,0,0,0,0,0,0,0
"3","399",2022,"male","Austrian",1,0,0,0,1,1,0,0,0,0,0
"3","399",2022,"male","Foreign",3,2,2,0,1,1,0,1,1,0,0
"3","399",2022,"female","Austrian",0,0,0,0,0,0,0,0,0,0,0
"3","399",2022,"female","Foreign",2,2,2,0,0,0,0,4,4,0,0
"3","399",2023,"male","Austrian",0,0,0,0,0,0,0,1,1,0,0
"3","399",2023,"male","Foreign",2,2,2,0,0,0,0,4,4,0,0
"3","399",2023,"female","Austrian",0,0,0,0,0,0,0,0,1,1,0
"3","399",2023,"female","Foreign",4,4,4,0,0,0,0,2,2,0,0
"4","401",2007,"male","Austrian",6,-2,4,6,8,23,15,-7,49,56,2
"4","401",2007,"male","Foreign",23,23,45,22,0,3,3,5,38,33,1
"4","401",2007,"female","Austrian",-6,-11,4,15,5,17,12,-16,31,47,4
"4","401",2007,"female","Foreign",30,30,46,16,0,5,5,-2,31,33,2
"4","401",2008,"male","Austrian",14,2,10,8,12,24,12,15,64,49,2
"4","401",2008,"male","Foreign",32,32,49,17,0,3,3,-22,16,38,4
"4","401",2008,"female","Austrian",16,1,5,4,15,29,14,-4,48,52,1
"4","401",2008,"female","Foreign",26,20,46,26,6,6,0,-3,27,30,3
"4","401",2009,"male","Austrian",-1,-7,3,10,6,21,15,-2,51,53,3
"4","401",2009,"male","Foreign",-7,-9,27,36,2,6,4,-3,30,33,4
"4","401",2009,"female","Austrian",-5,-2,3,5,-3,13,16,-20,32,52,1
"4","401",2009,"female","Foreign",2,3,40,37,-1,2,3,-16,32,48,6
"4","401",2010,"male","Austrian",-1,-5,4,9,4,17,13,-7,53,60,3
"4","401",2010,"male","Foreign",15,14,45,31,1,6,5,-12,26,38,3
"4","401",2010,"female","Austrian",7,2,6,4,5,23,18,8,59,51,4
"4","401",2010,"female","Foreign",24,24,50,26,0,4,4,-23,25,48,7
"4","401",2011,"male","Austrian",5,-5,6,11,10,24,14,-9,45,54,2
"4","401",2011,"male","Foreign",-3,1,31,30,-4,2,6,-7,31,38,2
"4","401",2011,"female","Austrian",3,-2,3,5,5,23,18,3,48,45,0
"4","401",2011,"female","Foreign",10,7,38,31,3,6,3,-2,39,41,5
"4","401",2012,"male","Austrian",15,0,5,5,15,22,7,-22,41,63,0
"4","401",2012,"male","Foreign",12,12,44,32,0,3,3,-15,23,38,0
"4","401",2012,"female","Austrian",13,6,9,3,7,18,11,-23,39,62,0
"4","401",2012,"female","Foreign",21,19,50,31,2,6,4,-17,24,41,1
"4","401",2013,"male","Austrian",1,1,9,8,0,14,14,-3,36,39,3
"4","401",2013,"male","Foreign",27,33,58,25,-6,4,10,-1,30,31,3
"4","401",2013,"female","Austrian",16,-1,4,5,17,29,12,-15,39,54,1
"4","401",2013,"female","Foreign",31,35,59,24,-4,3,7,-22,30,52,5
"4","401",2014,"male","Austrian",4,-3,3,6,7,14,7,-6,37,43,1
"4","401",2014,"male","Foreign",19,14,53,39,5,6,1,-17,37,54,5
"4","401",2014,"female","Austrian",-4,-2,5,7,-2,14,16,1,54,53,1
"4","401",2014,"female","Foreign",23,21,52,31,2,5,3,-26,33,59,5
"4","401",2015,"male","Austrian",-1,-1,5,6,0,18,18,-9,57,66,3
"4","401",2015,"male","Foreign",24,22,45,23,2,5,3,-1,44,45,5
"4","401",2015,"female","Austrian",3,-1,4,5,4,24,20,-5,47,52,2
"4","401",2015,"female","Foreign",46,42,59,17,4,9,5,-17,29,46,4
"4","401",2016,"male","Austrian",-1,-7,4,11,6,23,17,0,56,56,3
"4","401",2016,"male","Foreign",46,29,62,33,17,20,3,-13,65,78,12
"4","401",2016,"female","Austrian",1,-2,4,6,3,23,20,-9,50,59,3
"4","401",2016,"female","Foreign",33,29,62,33,4,8,4,-26,26,52,1
"4","401",2017,"male","Austrian",6,-1,9,10,7,22,15,-9,34,43,1
"4","401",2017,"male","Foreign",20,11,64,53,9,13,4,-9,65,74,9
"4","401",2017,"female","Austrian",-1,-2,6,8,1,14,13,-23,35,58,1
"4","401",2017,"female","Foreign",21,13,60,47,8,11,3,-7,41,48,5
"4","401",2018,"male","Austrian",2,-4,7,11,6,19,13,1,50,49,2
"4","401",2018,"male","Foreign",11,12,53,41,-1,5,6,-10,38,48,1
"4","401",2018,"female","Austrian",-6,-2,8,10,-4,16,20,7,54,47,1
"4","401",2018,"female","Foreign",23,25,52,27,-2,4,6,-11,43,54,0
"4","401",2019,"male","Austrian",6,4,8,4,2,15,13,-8,41,49,0
"4","401",2019,"male","Foreign",22,21,56,35,1,7,6,-13,36,49,2
"4","401",2019,"female","Austrian",-6,-2,5,7,-4,13,17,-7,38,45,0
"4","401",2019,"female","Foreign",22,19,50,31,3,3,0,-21,34,55,3
"4","401",2020,"male","Austrian",3,1,3,2,2,17,15,-19,45,64,1
"4","401",2020,"male","Foreign",22,13,50,37,9,16,7,-27,35,62,3
"4","401",2020,"female","Austrian",8,5,7,2,3,23,20,-22,46,68,2
"4","401",2020,"female","Foreign",34,29,60,31,5,7,2,-38,27,65,0
"4","401",2021,"male","Austrian",-10,-4,3,7,-6,12,18,-14,54,68,7
"4","401",2021,"male","Foreign",-15,-10,29,39,-5,2,7,-2,50,52,1
"4","401",2021,"female","Austrian",8,0,7,7,8,20,12,-26,42,68,2
"4","401",2021,"female","Foreign",11,5,46,41,6,7,1,-9,39,48,5
"4","401",2022,"male","Austrian",-5,-1,6,7,-4,14,18,-17,41,58,1
"4","401",2022,"male","Foreign",42,40,67,27,2,10,8,1,43,42,1
"4","401",2022,"female","Austrian",4,6,13,7,-2,18,20,3,53,50,0
"4","401",2022,"female","Foreign",59,58,97,39,1,4,3,-21,40,61,1
"4","401",2023,"male","Austrian",-5,2,8,6,-7,10,17,-16,39,55,0
"4","401",2023,"male","Foreign",27,23,51,28,4,9,5,-10,48,58,2
"4","401",2023,"female","Austrian",-7,-6,1,7,-1,14,15,-21,35,56,2
"4","401",2023,"female","Foreign",15,18,58,40,-3,5,8,-5,57,62,1
"4","402",2007,"male","Austrian",9,-24,19,43,33,81,48,-39,170,209,26
"4","402",2007,"male","Foreign",38,37,136,99,1,20,19,9,133,124,17
"4","402",2007,"female","Austrian",34,-11,19,30,45,99,54,-11,180,191,21
"4","402",2007,"female","Foreign",68,71,143,72,-3,14,17,-10,125,135,15
"4","402",2008,"male","Austrian",-14,-18,22,40,4,88,84,-26,196,222,9
"4","402",2008,"male","Foreign",67,55,165,110,12,23,11,-33,132,165,11
"4","402",2008,"female","Austrian",3,-16,15,31,19,103,84,-55,184,239,21
"4","402",2008,"female","Foreign",57,61,166,105,-4,13,17,-28,133,161,9
"4","402",2009,"male","Austrian",2,4,28,24,-2,80,82,-55,189,244,27
"4","402",2009,"male","Foreign",41,39,156,117,2,15,13,-12,138,150,13
"4","402",2009,"female","Austrian",-10,-9,15,24,-1,94,95,-80,215,295,30
"4","402",2009,"female","Foreign",60,63,155,92,-3,16,19,-2,170,172,13
"4","402",2010,"male","Austrian",-3,-20,29,49,17,94,77,-1,207,208,38
"4","402",2010,"male","Foreign",62,55,188,133,7,29,22,-9,161,170,13
"4","402",2010,"female","Austrian",1,-10,21,31,11,85,74,-42,192,234,30
"4","402",2010,"female","Foreign",95,96,200,104,-1,17,18,-10,150,160,14
"4","402",2011,"male","Austrian",50,10,47,37,40,114,74,-8,263,271,28
"4","402",2011,"male","Foreign",77,73,211,138,4,23,19,-10,149,159,30
"4","402",2011,"female","Austrian",22,-1,19,20,23,96,73,-37,182,219,23
"4","402",2011,"female","Foreign",84,78,191,113,6,22,16,-50,134,184,26
"4","402",2012,"male","Austrian",29,4,37,33,25,101,76,-40,265,305,28
"4","402",2012,"male","Foreign",81,88,235,147,-7,14,21,-37,155,192,26
"4","402",2012,"female","Austrian",10,-2,16,18,12,89,77,-62,216,278,23
"4","402",2012,"female","Foreign",104,112,231,119,-8,22,30,12,164,152,22
"4","402",2013,"male","Austrian",26,-1,30,31,27,89,62,-33,192,225,25
"4","402",2013,"male","Foreign",101,80,241,161,21,36,15,48,220,172,12
"4","402",2013,"female","Austrian",25,-3,20,23,28,97,69,-36,178,214,28
"4","402",2013,"female","Foreign",100,95,222,127,5,23,18,-13,177,190,14
"4","402",2014,"male","Austrian",-12,-11,22,33,-1,80,81,-17,195,212,28
"4","402",2014,"male","Foreign",136,129,247,118,7,23,16,-87,198,285,20
"4","402",2014,"female","Austrian",20,3,24,21,17,87,70,-26,177,203,32
"4","402",2014,"female","Foreign",146,138,256,118,8,23,15,-39,182,221,24
"4","402",2015,"male","Austrian",56,37,72,35,19,94,75,129,459,330,15
"4","402",2015,"male","Foreign",197,185,359,174,12,33,21,181,546,365,21
"4","402",2015,"female","Austrian",7,8,33,25,-1,86,87,3,296,293,17
"4","402",2015,"female","Foreign",148,149,278,129,-1,21,22,46,327,281,30
"4","402",2016,"male","Austrian",8,9,97,88,-1,88,89,7,428,421,31
"4","402",2016,"male","Foreign",87,88,298,210,-1,46,47,14,462,448,14
"4","402",2016,"female","Austrian",14,3,34,31,11,92,81,-69,246,315,27
"4","402",2016,"female","Foreign",70,63,249,186,7,37,30,-24,287,311,19
"4","402",2017,"male","Austrian",59,38,100,62,21,100,79,-37,426,463,20
"4","402",2017,"male","Foreign",108,116,311,195,-8,34,42,11,496,485,31
"4","402",2017,"female","Austrian",44,3,40,37,41,104,63,12,303,291,17
"4","402",2017,"female","Foreign",97,96,271,175,1,30,29,17,311,294,28
"4","402",2018,"male","Austrian",16,26,114,88,-10,92,102,-71,481,552,28
"4","402",2018,"male","Foreign",75,73,289,216,2,42,40,-117,445,562,16
"4","402",2018,"female","Austrian",26,4,37,33,22,98,76,-81,265,346,20
"4","402",2018,"female","Foreign",94,88,244,156,6,33,27,-72,269,341,24
"4","402",2019,"male","Austrian",42,40,116,76,2,84,82,-48,496,544,26
"4","402",2019,"male","Foreign",82,78,302,224,4,46,42,-66,479,545,20
"4","402",2019,"female","Austrian",27,5,33,28,22,73,51,-39,277,316,23
"4","402",2019,"female","Foreign",38,44,226,182,-6,29,35,-34,298,332,24
"4","402",2020,"male","Austrian",19,27,102,75,-8,80,88,-37,512,549,20
"4","402",2020,"male","Foreign",62,72,251,179,-10,30,40,-69,408,477,12
"4","402",2020,"female","Austrian",14,11,44,33,3,90,87,-48,275,323,21
"4","402",2020,"female","Foreign",59,58,236,178,1,35,34,-56,268,324,16
"4","402",2021,"male","Austrian",44,51,98,47,-7,78,85,-71,460,531,24
"4","402",2021,"male","Foreign",44,56,231,175,-12,31,43,-5,513,518,23
"4","402",2021,"female","Austrian",-1,1,36,35,-2,70,72,-33,288,321,29
"4","402",2021,"female","Foreign",54,54,207,153,0,29,29,-65,239,304,18
"4","402",2022,"male","Austrian",49,54,114,60,-5,86,91,-63,481,544,22
"4","402",2022,"male","Foreign",182,196,374,178,-14,40,54,-13,569,582,26
"4","402",2022,"female","Austrian",-42,-6,32,38,-36,55,91,-85,257,342,24
"4","402",2022,"female","Foreign",256,266,440,174,-10,33,43,-13,337,350,34
"4","402",2023,"male","Austrian",10,21,100,79,-11,76,87,-78,464,542,18
"4","402",2023,"male","Foreign",80,91,301,210,-11,43,54,2,567,565,29
"4","402",2023,"female","Austrian",-53,-18,19,37,-35,65,100,-28,250,278,29
"4","402",2023,"female","Foreign",56,69,241,172,-13,23,36,-50,311,361,33
"4","403",2007,"male","Austrian",40,2,30,28,38,118,80,-24,237,261,29
"4","403",2007,"male","Foreign",97,92,175,83,5,16,11,26,168,142,13
"4","403",2007,"female","Austrian",8,-12,11,23,20,124,104,-20,252,272,38
"4","403",2007,"female","Foreign",95,87,161,74,8,16,8,29,165,136,15
"4","403",2008,"male","Austrian",9,-18,29,47,27,104,77,-9,234,243,26
"4","403",2008,"male","Foreign",61,42,152,110,19,28,9,-25,145,170,10
"4","403",2008,"female","Austrian",-28,-19,13,32,-9,96,105,-1,235,236,35
"4","403",2008,"female","Foreign",82,74,174,100,8,23,15,-23,161,184,9
"4","403",2009,"male","Austrian",5,-20,16,36,25,111,86,-51,220,271,37
"4","403",2009,"male","Foreign",-5,-1,136,137,-4,16,20,-13,151,164,8
"4","403",2009,"female","Austrian",18,-5,20,25,23,135,112,-4,250,254,27
"4","403",2009,"female","Foreign",80,70,183,113,10,23,13,-24,152,176,10
"4","403",2010,"male","Austrian",14,-24,24,48,38,127,89,-27,252,279,24
"4","403",2010,"male","Foreign",35,32,166,134,3,19,16,20,188,168,14
"4","403",2010,"female","Austrian",31,-15,17,32,46,131,85,-14,248,262,22
"4","403",2010,"female","Foreign",59,56,183,127,3,22,19,-10,167,177,9
"4","403",2011,"male","Austrian",11,-6,18,24,17,110,93,-9,255,264,34
"4","403",2011,"male","Foreign",62,57,193,136,5,22,17,-40,152,192,21
"4","403",2011,"female","Austrian",36,-18,14,32,54,143,89,-32,282,314,36
"4","403",2011,"female","Foreign",36,43,182,139,-7,21,28,-18,162,180,13
"4","403",2012,"male","Austrian",22,-4,21,25,26,117,91,-63,260,323,36
"4","403",2012,"male","Foreign",75,47,203,156,28,53,25,-22,209,231,8
"4","403",2012,"female","Austrian",27,-7,18,25,34,120,86,-87,231,318,38
"4","403",2012,"female","Foreign",124,118,259,141,6,28,22,-27,193,220,16
"4","403",2013,"male","Austrian",14,0,36,36,14,110,96,-27,240,267,23
"4","403",2013,"male","Foreign",93,87,247,160,6,26,20,-16,202,218,14
"4","403",2013,"female","Austrian",-4,-4,19,23,0,107,107,-5,262,267,27
"4","403",2013,"female","Foreign",118,123,263,140,-5,17,22,-23,228,251,11
"4","403",2014,"male","Austrian",31,-10,23,33,41,102,61,-30,211,241,28
"4","403",2014,"male","Foreign",131,109,272,163,22,36,14,-73,206,279,20
"4","403",2014,"female","Austrian",-3,-8,13,21,5,102,97,-33,234,267,19
"4","403",2014,"female","Foreign",133,121,288,167,12,25,13,-84,196,280,15
"4","403",2015,"male","Austrian",31,-7,22,29,38,102,64,-69,241,310,29
"4","403",2015,"male","Foreign",176,154,293,139,22,42,20,-49,268,317,17
"4","403",2015,"female","Austrian",23,6,24,18,17,91,74,-48,251,299,28
"4","403",2015,"female","Foreign",132,128,273,145,4,20,16,-85,204,289,17
"4","403",2016,"male","Austrian",18,3,24,21,15,102,87,-13,232,245,30
"4","403",2016,"male","Foreign",72,62,224,162,10,33,23,-54,245,299,14
"4","403",2016,"female","Austrian",10,-14,14,28,24,126,102,-31,258,289,34
"4","403",2016,"female","Foreign",52,42,204,162,10,25,15,7,263,256,13
"4","403",2017,"male","Austrian",5,-3,27,30,8,104,96,-46,222,268,18
"4","403",2017,"male","Foreign",48,45,209,164,3,33,30,-23,263,286,14
"4","403",2017,"female","Austrian",-16,-18,19,37,2,100,98,-31,237,268,15
"4","403",2017,"female","Foreign",99,102,263,161,-3,31,34,-62,226,288,15
"4","403",2018,"male","Austrian",6,-1,22,23,7,81,74,-20,246,266,24
"4","403",2018,"male","Foreign",27,37,233,196,-10,24,34,7,267,260,11
"4","403",2018,"female","Austrian",-2,-5,22,27,3,89,86,23,280,257,26
"4","403",2018,"female","Foreign",65,53,236,183,12,31,19,31,287,256,15
"4","403",2019,"male","Austrian",20,-1,26,27,21,95,74,-44,234,278,19
"4","403",2019,"male","Foreign",46,41,207,166,5,32,27,-90,229,319,11
"4","403",2019,"female","Austrian",2,3,26,23,-1,75,76,-42,275,317,25
"4","403",2019,"female","Foreign",65,56,219,163,9,35,26,-60,238,298,25
"4","403",2020,"male","Austrian",34,-1,28,29,35,123,88,-27,265,292,46
"4","403",2020,"male","Foreign",58,62,209,147,-4,21,25,-66,198,264,25
"4","403",2020,"female","Austrian",34,3,19,16,31,130,99,-20,262,282,37
"4","403",2020,"female","Foreign",72,65,214,149,7,26,19,-29,250,279,32
"4","403",2021,"male","Austrian",-15,-8,18,26,-7,99,106,-16,249,265,33
"4","403",2021,"male","Foreign",57,60,207,147,-3,27,30,-21,235,256,16
"4","403",2021,"female","Austrian",-27,0,19,19,-27,92,119,-34,257,291,31
"4","403",2021,"female","Foreign",74,71,216,145,3,33,30,-29,228,257,20
"4","403",2022,"male","Austrian",-14,1,26,25,-15,94,109,-62,219,281,21
"4","403",2022,"male","Foreign",255,233,373,140,22,47,25,-52,246,298,18
"4","403",2022,"female","Austrian",-49,-17,17,34,-32,88,120,-39,230,269,33
"4","403",2022,"female","Foreign",381,354,536,182,27,48,21,-87,312,399,29
"4","403",2023,"male","Austrian",-31,-12,20,32,-19,69,88,-28,249,277,29
"4","403",2023,"male","Foreign",81,42,227,185,39,77,38,-77,298,375,21
"4","403",2023,"female","Austrian",-21,-8,13,21,-13,89,102,2,298,296,46
"4","403",2023,"female","Foreign",52,42,234,192,10,48,38,-78,268,346,35
"4","404",2007,"male","Austrian",4,-8,9,17,12,64,52,-48,126,174,5
"4","404",2007,"male","Foreign",24,21,73,52,3,11,8,-19,81,100,4
"4","404",2007,"female","Austrian",-3,-2,10,12,-1,54,55,-67,111,178,8
"4","404",2007,"female","Foreign",42,34,78,44,8,16,8,-3,73,76,10
"4","404",2008,"male","Austrian",-8,-10,12,22,2,51,49,-17,155,172,15
"4","404",2008,"male","Foreign",23,12,69,57,11,17,6,8,93,85,8
"4","404",2008,"female","Austrian",-26,-6,7,13,-20,49,69,-35,137,172,7
"4","404",2008,"female","Foreign",42,41,91,50,1,9,8,24,113,89,5
"4","404",2009,"male","Austrian",18,-1,9,10,19,58,39,10,163,153,12
"4","404",2009,"male","Foreign",38,33,99,66,5,15,10,15,105,90,6
"4","404",2009,"female","Austrian",6,-9,6,15,15,72,57,-12,122,134,12
"4","404",2009,"female","Foreign",50,47,105,58,3,11,8,-1,96,97,3
"4","404",2010,"male","Austrian",25,-8,12,20,33,78,45,-52,122,174,12
"4","404",2010,"male","Foreign",38,31,111,80,7,14,7,-15,94,109,8
"4","404",2010,"female","Austrian",22,-11,7,18,33,79,46,-12,135,147,10
"4","404",2010,"female","Foreign",26,29,103,74,-3,7,10,-12,88,100,8
"4","404",2011,"male","Austrian",-9,-10,7,17,1,63,62,-7,133,140,19
"4","404",2011,"male","Foreign",28,26,99,73,2,15,13,-22,99,121,3
"4","404",2011,"female","Austrian",11,-4,8,12,15,80,65,-19,131,150,20
"4","404",2011,"female","Foreign",29,30,92,62,-1,15,16,-12,107,119,6
"4","404",2012,"male","Austrian",15,-3,12,15,18,62,44,-18,140,158,11
"4","404",2012,"male","Foreign",61,59,130,71,2,15,13,7,130,123,2
"4","404",2012,"female","Austrian",8,-6,9,15,14,64,50,-24,139,163,9
"4","404",2012,"female","Foreign",95,89,172,83,6,17,11,5,127,122,6
"4","404",2013,"male","Austrian",21,-1,10,11,22,66,44,-22,130,152,7
"4","404",2013,"male","Foreign",69,67,174,107,2,14,12,-21,135,156,7
"4","404",2013,"female","Austrian",18,-3,11,14,21,66,45,-54,127,181,5
"4","404",2013,"female","Foreign",77,70,201,131,7,19,12,-43,134,177,8
"4","404",2014,"male","Austrian",20,1,13,12,19,66,47,-26,118,144,5
"4","404",2014,"male","Foreign",40,32,183,151,8,23,15,17,163,146,5
"4","404",2014,"female","Austrian",-6,-3,8,11,-3,53,56,-38,121,159,8
"4","404",2014,"female","Foreign",41,41,172,131,0,12,12,-13,132,145,3
"4","404",2015,"male","Austrian",6,-14,7,21,20,72,52,-40,137,177,6
"4","404",2015,"male","Foreign",109,91,160,69,18,31,13,-23,143,166,2
"4","404",2015,"female","Austrian",15,-11,4,15,26,72,46,-28,140,168,8
"4","404",2015,"female","Foreign",84,84,172,88,0,15,15,6,152,146,2
"4","404",2016,"male","Austrian",11,-8,5,13,19,68,49,-43,120,163,5
"4","404",2016,"male","Foreign",60,43,141,98,17,34,17,-7,201,208,6
"4","404",2016,"female","Austrian",20,-14,2,16,34,78,44,-55,123,178,7
"4","404",2016,"female","Foreign",72,72,181,109,0,16,16,-33,150,183,4
"4","404",2017,"male","Austrian",-13,1,14,13,-14,40,54,-29,121,150,7
"4","404",2017,"male","Foreign",72,58,149,91,14,28,14,-50,163,213,6
"4","404",2017,"female","Austrian",-3,-3,9,12,0,58,58,-42,124,166,11
"4","404",2017,"female","Foreign",37,43,137,94,-6,12,18,-14,154,168,4
"4","404",2018,"male","Austrian",-1,-9,12,21,8,53,45,-21,140,161,9
"4","404",2018,"male","Foreign",20,9,104,95,11,22,11,-3,197,200,7
"4","404",2018,"female","Austrian",-5,-2,8,10,-3,59,62,-35,137,172,10
"4","404",2018,"female","Foreign",40,31,126,95,9,18,9,-49,149,198,4
"4","404",2019,"male","Austrian",4,-13,7,20,17,53,36,-35,137,172,5
"4","404",2019,"male","Foreign",39,41,136,95,-2,21,23,-25,133,158,6
"4","404",2019,"female","Austrian",7,-3,7,10,10,54,44,-33,121,154,7
"4","404",2019,"female","Foreign",40,32,122,90,8,15,7,-11,143,154,4
"4","404",2020,"male","Austrian",21,-5,6,11,26,67,41,-49,116,165,4
"4","404",2020,"male","Foreign",20,28,119,91,-8,23,31,-34,123,157,9
"4","404",2020,"female","Austrian",-2,-4,11,15,2,51,49,-58,115,173,11
"4","404",2020,"female","Foreign",35,45,134,89,-10,16,26,-10,132,142,10
"4","404",2021,"male","Austrian",-3,3,12,9,-6,50,56,-11,139,150,13
"4","404",2021,"male","Foreign",60,61,138,77,-1,19,20,-3,165,168,11
"4","404",2021,"female","Austrian",-9,-9,9,18,0,47,47,-23,122,145,16
"4","404",2021,"female","Foreign",52,45,127,82,7,21,14,-42,124,166,6
"4","404",2022,"male","Austrian",-1,0,14,14,-1,53,54,-40,121,161,9
"4","404",2022,"male","Foreign",98,77,166,89,21,45,24,-54,155,209,7
"4","404",2022,"female","Austrian",-10,10,16,6,-20,39,59,-76,109,185,7
"4","404",2022,"female","Foreign",137,135,229,94,2,16,14,-31,165,196,13
"4","404",2023,"male","Austrian",-36,-9,12,21,-27,33,60,-28,120,148,10
"4","404",2023,"male","Foreign",22,8,114,106,14,46,32,-45,179,224,8
"4","404",2023,"female","Austrian",-34,-6,8,14,-28,28,56,-17,134,151,9
"4","404",2023,"female","Foreign",21,15,128,113,6,25,19,-103,129,232,8
"4","499",2007,"male","Austrian",-12,-2,0,2,-10,1,11,-31,0,31,0
"4","499",2007,"male","Foreign",-7,-7,1,8,0,0,0,-20,0,20,0
"4","499",2007,"female","Austrian",-12,-2,0,2,-10,1,11,-46,1,47,0
"4","499",2007,"female","Foreign",-7,-7,0,7,0,0,0,-28,0,28,0
"4","499",2008,"male","Austrian",-3,0,0,0,-3,0,3,-6,0,6,0
"4","499",2008,"male","Foreign",2,2,2,0,0,0,0,-5,0,5,0
"4","499",2008,"female","Austrian",-4,0,0,0,-4,0,4,-13,0,13,0
"4","499",2008,"female","Foreign",-1,-1,0,1,0,0,0,-6,0,6,0
"4","499",2009,"male","Austrian",-2,-1,1,2,-1,0,1,-3,2,5,0
"4","499",2009,"male","Foreign",-2,-2,1,3,0,0,0,-2,0,2,0
"4","499",2009,"female","Austrian",-4,-4,0,4,0,0,0,-1,1,2,0
"4","499",2009,"female","Foreign",-2,-2,0,2,0,0,0,-4,1,5,0
"4","499",2010,"male","Austrian",-1,-1,0,1,0,0,0,-8,1,9,0
"4","499",2010,"male","Foreign",-2,-2,0,2,0,0,0,-4,0,4,0
"4","499",2010,"female","Austrian",-2,0,0,0,-2,0,2,-2,0,2,0
"4","499",2010,"female","Foreign",-1,-1,0,1,0,0,0,-10,0,10,0
"4","499",2011,"male","Austrian",-3,-1,0,1,-2,0,2,-4,0,4,0
"4","499",2011,"male","Foreign",0,0,0,0,0,0,0,-3,0,3,0
"4","499",2011,"female","Austrian",-4,-1,0,1,-3,0,3,-3,0,3,0
"4","499",2011,"female","Foreign",-1,-1,0,1,0,0,0,-2,0,2,0
"4","499",2012,"male","Austrian",0,0,0,0,0,0,0,-8,0,8,0
"4","499",2012,"male","Foreign",0,0,0,0,0,0,0,0,2,2,0
"4","499",2012,"female","Austrian",0,0,0,0,0,0,0,-1,0,1,0
"4","499",2012,"female","Foreign",0,0,1,1,0,0,0,-3,2,5,0
"4","499",2013,"male","Austrian",-3,-1,0,1,-2,1,3,-6,0,6,0
"4","499",2013,"male","Foreign",0,0,1,1,0,0,0,-2,0,2,0
"4","499",2013,"female","Austrian",-3,-1,0,1,-2,0,2,-2,2,4,0
"4","499",2013,"female","Foreign",-1,-1,0,1,0,0,0,-3,1,4,0
"4","499",2014,"male","Austrian",-1,-1,0,1,0,0,0,-1,3,4,0
"4","499",2014,"male","Foreign",2,2,2,0,0,0,0,-4,0,4,0
"4","499",2014,"female","Austrian",-1,0,0,0,-1,0,1,-1,1,2,0
"4","499",2014,"female","Foreign",1,1,1,0,0,0,0,-1,1,2,0
"4","499",2015,"male","Austrian",-2,-1,0,1,-1,0,1,-1,1,2,0
"4","499",2015,"male","Foreign",0,0,1,1,0,0,0,0,0,0,0
"4","499",2015,"female","Austrian",-1,-1,0,1,0,0,0,-5,0,5,0
"4","499",2015,"female","Foreign",-1,0,0,0,-1,0,1,-2,0,2,0
"4","499",2016,"male","Austrian",0,0,0,0,0,0,0,-7,1,8,0
"4","499",2016,"male","Foreign",0,0,0,0,0,0,0,1,1,0,0
"4","499",2016,"female","Austrian",-1,0,0,0,-1,0,1,0,2,2,0
"4","499",2016,"female","Foreign",2,2,2,0,0,0,0,-1,1,2,0
"4","499",2017,"male","Austrian",0,0,0,0,0,0,0,0,1,1,0
"4","499",2017,"male","Foreign",0,0,0,0,0,0,0,1,1,0,0
"4","499",2017,"female","Austrian",-1,0,1,1,-1,0,1,-2,0,2,0
"4","499",2017,"female","Foreign",-1,0,0,0,-1,0,1,0,0,0,0
"4","499",2018,"male","Austrian",0,0,0,0,0,0,0,0,0,0,0
"4","499",2018,"male","Foreign",0,0,1,1,0,0,0,-3,0,3,0
"4","499",2018,"female","Austrian",0,0,0,0,0,0,0,-2,0,2,0
"4","499",2018,"female","Foreign",-1,0,0,0,-1,0,1,1,1,0,0
"4","499",2019,"male","Austrian",0,0,0,0,0,0,0,0,0,0,0
"4","499",2019,"male","Foreign",0,0,0,0,0,0,0,1,1,0,0
"4","499",2019,"female","Austrian",0,0,0,0,0,0,0,2,2,0,0
"4","499",2019,"female","Foreign",0,0,0,0,0,0,0,0,0,0,0
"4","499",2020,"male","Austrian",0,0,0,0,0,0,0,1,1,0,0
"4","499",2020,"male","Foreign",0,0,0,0,0,0,0,0,0,0,0
"4","499",2020,"female","Austrian",0,0,0,0,0,0,0,0,1,1,0
"4","499",2020,"female","Foreign",0,0,0,0,0,0,0,0,0,0,0
"4","499",2021,"male","Austrian",0,0,0,0,0,0,0,0,0,0,0
"4","499",2021,"male","Foreign",1,1,1,0,0,0,0,0,0,0,0
"4","499",2021,"female","Austrian",0,0,0,0,0,0,0,0,0,0,0
"4","499",2021,"female","Foreign",1,1,1,0,0,0,0,-1,0,1,0
"4","499",2022,"male","Austrian",0,0,0,0,0,0,0,0,0,0,0
"4","499",2022,"male","Foreign",0,0,0,0,0,0,0,0,0,0,0
"4","499",2022,"female","Austrian",0,0,0,0,0,0,0,0,0,0,0
"4","499",2022,"female","Foreign",0,0,0,0,0,0,0,0,0,0,0
"4","499",2023,"male","Austrian",0,0,0,0,0,0,0,0,0,0,0
"4","499",2023,"male","Foreign",0,0,0,0,0,0,0,0,0,0,0
"4","499",2023,"female","Austrian",0,0,0,0,0,0,0,0,0,0,0
"4","499",2023,"female","Foreign",0,0,0,0,0,0,0,0,0,0,0
"5","501",2007,"male","Austrian",7,-20,27,47,27,126,99,-81,244,325,36
"5","501",2007,"male","Foreign",23,34,151,117,-11,15,26,-21,171,192,22
"5","501",2007,"female","Austrian",0,-14,10,24,14,119,105,-20,253,273,32
"5","501",2007,"female","Foreign",84,75,152,77,9,31,22,-43,113,156,8
"5","501",2008,"male","Austrian",-2,-12,34,46,10,116,106,-59,255,314,31
"5","501",2008,"male","Foreign",32,25,141,116,7,26,19,-11,184,195,27
"5","501",2008,"female","Austrian",-2,-11,18,29,9,104,95,-77,240,317,23
"5","501",2008,"female","Foreign",59,59,139,80,0,20,20,-55,126,181,11
"5","501",2009,"male","Austrian",45,-12,31,43,57,128,71,-52,264,316,34
"5","501",2009,"male","Foreign",23,23,145,122,0,18,18,-37,152,189,13
"5","501",2009,"female","Austrian",55,1,21,20,54,145,91,-62,244,306,26
"5","501",2009,"female","Foreign",37,30,135,105,7,18,11,-1,147,148,10
"5","501",2010,"male","Austrian",9,-14,28,42,23,120,97,-22,253,275,21
"5","501",2010,"male","Foreign",42,28,168,140,14,29,15,-8,164,172,10
"5","501",2010,"female","Austrian",16,-12,13,25,28,110,82,-15,247,262,30
"5","501",2010,"female","Foreign",30,29,145,116,1,19,18,-28,133,161,11
"5","501",2011,"male","Austrian",20,-10,23,33,30,132,102,-66,241,307,14
"5","501",2011,"male","Foreign",27,31,175,144,-4,11,15,5,224,219,8
"5","501",2011,"female","Austrian",19,-13,13,26,32,115,83,-59,242,301,27
"5","501",2011,"female","Foreign",61,71,145,74,-10,12,22,-10,159,169,13
"5","501",2012,"male","Austrian",44,-4,24,28,48,132,84,-64,244,308,17
"5","501",2012,"male","Foreign",89,80,207,127,9,27,18,-24,215,239,13
"5","501",2012,"female","Austrian",22,-17,10,27,39,126,87,-46,260,306,22
"5","501",2012,"female","Foreign",77,84,196,112,-7,15,22,-20,175,195,11
"5","501",2013,"male","Austrian",21,-18,21,39,39,131,92,-59,244,303,25
"5","501",2013,"male","Foreign",60,61,209,148,-1,31,32,-47,179,226,10
"5","501",2013,"female","Austrian",-2,-19,14,33,17,115,98,-72,223,295,34
"5","501",2013,"female","Foreign",69,64,164,100,5,31,26,-7,190,197,10
"5","501",2014,"male","Austrian",20,-3,32,35,23,120,97,-60,237,297,26
"5","501",2014,"male","Foreign",113,87,218,131,26,54,28,-11,260,271,12
"5","501",2014,"female","Austrian",11,-13,11,24,24,110,86,-27,258,285,25
"5","501",2014,"female","Foreign",110,112,217,105,-2,25,27,-5,218,223,12
"5","501",2015,"male","Austrian",21,-3,29,32,24,124,100,-41,270,311,12
"5","501",2015,"male","Foreign",130,107,227,120,23,49,26,-56,264,320,15
"5","501",2015,"female","Austrian",-16,-13,12,25,-3,101,104,-19,265,284,16
"5","501",2015,"female","Foreign",126,125,196,71,1,19,18,-14,233,247,13
"5","501",2016,"male","Austrian",7,-13,27,40,20,108,88,-1,251,252,24
"5","501",2016,"male","Foreign",100,78,209,131,22,60,38,-13,280,293,12
"5","501",2016,"female","Austrian",2,-11,15,26,13,98,85,-67,237,304,25
"5","501",2016,"female","Foreign",80,78,178,100,2,28,26,23,243,220,17
"5","501",2017,"male","Austrian",19,-5,27,32,24,111,87,-46,246,292,21
"5","501",2017,"male","Foreign",79,73,208,135,6,39,33,-7,266,273,11
"5","501",2017,"female","Austrian",-7,-17,13,30,10,95,85,-29,239,268,27
"5","501",2017,"female","Foreign",60,60,166,106,0,27,27,-28,232,260,19
"5","501",2018,"male","Austrian",9,-8,24,32,17,105,88,-59,239,298,17
"5","501",2018,"male","Foreign",-4,4,164,160,-8,23,31,-59,228,287,13
"5","501",2018,"female","Austrian",23,-5,20,25,28,110,82,-73,216,289,13
"5","501",2018,"female","Foreign",7,18,146,128,-11,17,28,-23,224,247,17
"5","501",2019,"male","Austrian",0,1,25,24,-1,98,99,-68,215,283,14
"5","501",2019,"male","Foreign",25,29,174,145,-4,25,29,-61,230,291,21
"5","501",2019,"female","Austrian",3,-2,15,17,5,96,91,-9,260,269,20
"5","501",2019,"female","Foreign",27,42,173,131,-15,16,31,-69,206,275,17
"5","501",2020,"male","Austrian",-30,-2,20,22,-28,95,123,-70,204,274,18
"5","501",2020,"male","Foreign",72,76,169,93,-4,29,33,-24,240,264,9
"5","501",2020,"female","Austrian",7,-20,6,26,27,108,81,-65,226,291,15
"5","501",2020,"female","Foreign",49,47,151,104,2,27,25,-90,215,305,9
"5","501",2021,"male","Austrian",21,1,24,23,20,102,82,-12,258,270,36
"5","501",2021,"male","Foreign",30,-1,132,133,31,59,28,-40,253,293,4
"5","501",2021,"female","Austrian",-25,-6,10,16,-19,90,109,-49,233,282,27
"5","501",2021,"female","Foreign",55,46,130,84,9,31,22,-26,201,227,13
"5","501",2022,"male","Austrian",2,0,25,25,2,113,111,-71,210,281,22
"5","501",2022,"male","Foreign",168,140,250,110,28,61,33,-35,272,307,10
"5","501",2022,"female","Austrian",-12,-3,19,22,-9,96,105,-57,205,262,19
"5","501",2022,"female","Foreign",180,184,310,126,-4,29,33,-41,235,276,13
"5","501",2023,"male","Austrian",13,-3,19,22,16,104,88,-70,182,252,33
"5","501",2023,"male","Foreign",32,17,163,146,15,50,35,-90,249,339,16
"5","501",2023,"female","Austrian",-21,-12,10,22,-9,75,84,-115,169,284,20
"5","501",2023,"female","Foreign",54,48,170,122,6,33,27,-51,213,264,12
"5","502",2007,"male","Austrian",48,-6,48,54,54,176,122,-78,455,533,65
"5","502",2007,"male","Foreign",107,82,234,152,25,58,33,-2,403,405,30
"5","502",2007,"female","Austrian",-7,-1,22,23,-6,154,160,-76,420,496,43
"5","502",2007,"female","Foreign",153,134,252,118,19,41,22,32,361,329,38
"5","502",2008,"male","Austrian",-28,-9,62,71,-19,128,147,-71,497,568,60
"5","502",2008,"male","Foreign",84,71,262,191,13,45,32,-41,408,449,44
"5","502",2008,"female","Austrian",-2,-25,15,40,23,152,129,-150,428,578,61
"5","502",2008,"female","Foreign",103,96,220,124,7,36,29,-16,389,405,37
"5","502",2009,"male","Austrian",7,-25,54,79,32,156,124,-95,484,579,66
"5","502",2009,"male","Foreign",73,30,248,218,43,75,32,-18,403,421,50
"5","502",2009,"female","Austrian",45,-19,16,35,64,163,99,-169,386,555,58
"5","502",2009,"female","Foreign",94,67,225,158,27,56,29,5,323,318,29
"5","502",2010,"male","Austrian",51,-13,57,70,64,181,117,-85,462,547,52
"5","502",2010,"male","Foreign",131,100,307,207,31,66,35,58,457,399,37
"5","502",2010,"female","Austrian",-22,-33,24,57,11,164,153,-144,386,530,54
"5","502",2010,"female","Foreign",143,128,277,149,15,45,30,-5,339,344,20
"5","502",2011,"male","Austrian",-4,-21,42,63,17,147,130,-107,431,538,45
"5","502",2011,"male","Foreign",88,59,289,230,29,75,46,-30,419,449,46
"5","502",2011,"female","Austrian",-3,-6,22,28,3,143,140,-129,341,470,39
"5","502",2011,"female","Foreign",59,50,226,176,9,53,44,6,387,381,35
"5","502",2012,"male","Austrian",-22,-30,43,73,8,170,162,-146,374,520,53
"5","502",2012,"male","Foreign",221,190,385,195,31,79,48,-52,416,468,36
"5","502",2012,"female","Austrian",16,-18,24,42,34,172,138,-115,405,520,34
"5","502",2012,"female","Foreign",147,132,288,156,15,57,42,-50,354,404,29
"5","502",2013,"male","Austrian",7,-23,45,68,30,156,126,-74,397,471,38
"5","502",2013,"male","Foreign",210,183,434,251,27,79,52,32,465,433,31
"5","502",2013,"female","Austrian",-18,-17,22,39,-1,134,135,-111,349,460,40
"5","502",2013,"female","Foreign",183,175,366,191,8,47,39,-23,362,385,29
"5","502",2014,"male","Austrian",-33,-16,48,64,-17,137,154,-61,388,449,40
"5","502",2014,"male","Foreign",237,180,437,257,57,110,53,-102,514,616,46
"5","502",2014,"female","Austrian",30,-5,26,31,35,166,131,-173,319,492,27
"5","502",2014,"female","Foreign",234,219,395,176,15,57,42,-59,402,461,41
"5","502",2015,"male","Austrian",-14,-19,47,66,5,136,131,-106,353,459,39
"5","502",2015,"male","Foreign",297,196,480,284,101,158,57,-6,657,663,48
"5","502",2015,"female","Austrian",-11,-20,21,41,9,158,149,-138,365,503,33
"5","502",2015,"female","Foreign",219,212,419,207,7,60,53,-40,467,507,40
"5","502",2016,"male","Austrian",-39,-30,33,63,-9,128,137,-111,352,463,40
"5","502",2016,"male","Foreign",223,140,433,293,83,162,79,-107,708,815,50
"5","502",2016,"female","Austrian",-16,-9,31,40,-7,151,158,-135,323,458,29
"5","502",2016,"female","Foreign",165,160,379,219,5,62,57,-123,446,569,31
"5","502",2017,"male","Austrian",19,-5,41,46,24,153,129,-107,393,500,26
"5","502",2017,"male","Foreign",120,64,386,322,56,152,96,-52,762,814,61
"5","502",2017,"female","Austrian",-6,-15,19,34,9,151,142,-171,320,491,23
"5","502",2017,"female","Foreign",162,118,346,228,44,107,63,-65,515,580,47
"5","502",2018,"male","Austrian",-10,-13,37,50,3,142,139,-144,325,469,43
"5","502",2018,"male","Foreign",40,46,353,307,-6,78,84,72,803,731,51
"5","502",2018,"female","Austrian",-7,-15,19,34,8,158,150,-107,342,449,48
"5","502",2018,"female","Foreign",124,120,327,207,4,59,55,15,579,564,50
"5","502",2019,"male","Austrian",-57,-2,37,39,-55,100,155,-94,326,420,33
"5","502",2019,"male","Foreign",53,61,340,279,-8,72,80,-107,666,773,44
"5","502",2019,"female","Austrian",-30,-18,18,36,-12,123,135,-91,351,442,38
"5","502",2019,"female","Foreign",113,96,282,186,17,76,59,43,587,544,42
"5","502",2020,"male","Austrian",-23,-19,27,46,-4,122,126,-90,367,457,31
"5","502",2020,"male","Foreign",81,55,284,229,26,108,82,-43,603,646,33
"5","502",2020,"female","Austrian",-24,-2,19,21,-22,116,138,-126,317,443,30
"5","502",2020,"female","Foreign",135,94,268,174,41,86,45,-149,415,564,34
"5","502",2021,"male","Austrian",-24,-2,31,33,-22,103,125,-126,311,437,33
"5","502",2021,"male","Foreign",151,64,264,200,87,158,71,-90,646,736,44
"5","502",2021,"female","Austrian",-9,-4,20,24,-5,119,124,-111,300,411,40
"5","502",2021,"female","Foreign",63,60,250,190,3,55,52,-60,470,530,35
"5","502",2022,"male","Austrian",-15,-14,24,38,-1,148,149,-149,273,422,38
"5","502",2022,"male","Foreign",389,224,420,196,165,241,76,-77,723,800,64
"5","502",2022,"female","Austrian",-46,-33,12,45,-13,131,144,-148,271,419,33
"5","502",2022,"female","Foreign",316,292,472,180,24,87,63,-50,499,549,28
"5","502",2023,"male","Austrian",-40,-19,28,47,-21,108,129,-133,268,401,40
"5","502",2023,"male","Foreign",152,53,344,291,99,190,91,-119,766,885,65
"5","502",2023,"female","Austrian",-50,-9,16,25,-41,106,147,-160,284,444,27
"5","502",2023,"female","Foreign",137,121,350,229,16,57,41,-111,519,630,51
"5","503",2007,"male","Austrian",45,-16,47,63,61,177,116,-40,377,417,48
"5","503",2007,"male","Foreign",72,71,292,221,1,40,39,-57,446,503,73
"5","503",2007,"female","Austrian",64,-6,21,27,70,173,103,-30,410,440,45
"5","503",2007,"female","Foreign",143,137,287,150,6,50,44,-27,345,372,63
"5","503",2008,"male","Austrian",50,-20,42,62,70,170,100,-48,385,433,51
"5","503",2008,"male","Foreign",96,72,311,239,24,71,47,-39,444,483,48
"5","503",2008,"female","Austrian",26,-12,29,41,38,145,107,-111,350,461,39
"5","503",2008,"female","Foreign",162,141,295,154,21,57,36,-28,338,366,43
"5","503",2009,"male","Austrian",22,-27,38,65,49,161,112,-52,371,423,25
"5","503",2009,"male","Foreign",28,13,302,289,15,54,39,-35,367,402,43
"5","503",2009,"female","Austrian",9,-30,23,53,39,180,141,-19,393,412,44
"5","503",2009,"female","Foreign",80,75,278,203,5,43,38,-74,295,369,40
"5","503",2010,"male","Austrian",48,-38,35,73,86,193,107,21,419,398,36
"5","503",2010,"male","Foreign",39,25,325,300,14,40,26,-36,377,413,39
"5","503",2010,"female","Austrian",38,-24,25,49,62,190,128,-63,369,432,33
"5","503",2010,"female","Foreign",150,136,324,188,14,45,31,-78,308,386,38
"5","503",2011,"male","Austrian",16,-31,34,65,47,180,133,-120,379,499,55
"5","503",2011,"male","Foreign",82,58,334,276,24,59,35,-132,401,533,48
"5","503",2011,"female","Austrian",11,-23,20,43,34,158,124,-89,351,440,54
"5","503",2011,"female","Foreign",96,83,303,220,13,43,30,-105,340,445,38
"5","503",2012,"male","Austrian",21,-14,38,52,35,187,152,-85,377,462,53
"5","503",2012,"male","Foreign",156,134,389,255,22,60,38,-18,458,476,46
"5","503",2012,"female","Austrian",26,-13,16,29,39,213,174,-67,392,459,63
"5","503",2012,"female","Foreign",169,152,333,181,17,61,44,-75,352,427,37
"5","503",2013,"male","Austrian",24,-26,39,65,50,184,134,-64,384,448,56
"5","503",2013,"male","Foreign",201,185,452,267,16,54,38,-79,450,529,51
"5","503",2013,"female","Austrian",38,-18,29,47,56,199,143,-39,391,430,36
"5","503",2013,"female","Foreign",203,211,384,173,-8,32,40,-75,421,496,33
"5","503",2014,"male","Austrian",-11,-30,36,66,19,160,141,-66,395,461,29
"5","503",2014,"male","Foreign",274,218,517,299,56,105,49,-44,526,570,51
"5","503",2014,"female","Austrian",19,-9,20,29,28,163,135,-85,351,436,32
"5","503",2014,"female","Foreign",228,221,449,228,7,47,40,-42,424,466,30
"5","503",2015,"male","Austrian",-1,-9,33,42,8,144,136,-81,332,413,34
"5","503",2015,"male","Foreign",279,209,502,293,70,143,73,-123,566,689,34
"5","503",2015,"female","Austrian",-18,-14,21,35,-4,150,154,-76,365,441,34
"5","503",2015,"female","Foreign",174,162,391,229,12,68,56,-99,435,534,38
"5","503",2016,"male","Austrian",3,-25,25,50,28,163,135,-56,346,402,34
"5","503",2016,"male","Foreign",254,166,485,319,88,160,72,-129,641,770,43
"5","503",2016,"female","Austrian",14,-11,18,29,25,167,142,-54,380,434,41
"5","503",2016,"female","Foreign",232,217,444,227,15,71,56,-82,462,544,54
"5","503",2017,"male","Austrian",-4,-24,22,46,20,141,121,-54,329,383,25
"5","503",2017,"male","Foreign",148,140,438,298,8,98,90,-91,688,779,53
"5","503",2017,"female","Austrian",17,-12,15,27,29,156,127,-58,384,442,26
"5","503",2017,"female","Foreign",172,147,383,236,25,84,59,-63,506,569,46
"5","503",2018,"male","Austrian",-13,-13,20,33,0,134,134,-19,383,402,33
"5","503",2018,"male","Foreign",40,52,359,307,-12,90,102,-95,702,797,47
"5","503",2018,"female","Austrian",-28,-12,20,32,-16,123,139,-16,393,409,38
"5","503",2018,"female","Foreign",66,70,315,245,-4,64,68,-96,547,643,57
"5","503",2019,"male","Austrian",-1,-3,31,34,2,132,130,-45,357,402,30
"5","503",2019,"male","Foreign",92,97,399,302,-5,85,90,-43,629,672,48
"5","503",2019,"female","Austrian",-27,-28,19,47,1,123,122,-35,400,435,24
"5","503",2019,"female","Foreign",107,104,331,227,3,55,52,-46,464,510,51
"5","503",2020,"male","Austrian",-16,-7,24,31,-9,138,147,-73,325,398,28
"5","503",2020,"male","Foreign",127,131,356,225,-4,69,73,-101,567,668,46
"5","503",2020,"female","Austrian",1,8,19,11,-7,123,130,-94,319,413,19
"5","503",2020,"female","Foreign",98,114,300,186,-16,41,57,-142,436,578,33
"5","503",2021,"male","Austrian",-18,9,30,21,-27,123,150,-108,315,423,34
"5","503",2021,"male","Foreign",146,60,341,281,86,152,66,-154,566,720,47
"5","503",2021,"female","Austrian",-41,-11,10,21,-30,130,160,-52,357,409,45
"5","503",2021,"female","Foreign",139,143,365,222,-4,45,49,-194,395,589,34
"5","503",2022,"male","Austrian",-1,4,25,21,-5,128,133,0,371,371,43
"5","503",2022,"male","Foreign",424,264,509,245,160,254,94,-24,798,822,56
"5","503",2022,"female","Austrian",17,3,25,22,14,149,135,-1,403,404,27
"5","503",2022,"female","Foreign",344,337,577,240,7,74,67,-22,610,632,59
"5","503",2023,"male","Austrian",-12,-17,18,35,5,131,126,-129,268,397,32
"5","503",2023,"male","Foreign",292,118,477,359,174,283,109,-179,842,1021,61
"5","503",2023,"female","Austrian",-9,-9,13,22,0,126,126,-76,331,407,26
"5","503",2023,"female","Foreign",197,163,448,285,34,89,55,-139,484,623,58
"5","504",2007,"male","Austrian",10,-14,15,29,24,77,53,-36,157,193,5
"5","504",2007,"male","Foreign",40,32,99,67,8,20,12,-14,157,171,7
"5","504",2007,"female","Austrian",26,1,9,8,25,75,50,-14,145,159,12
"5","504",2007,"female","Foreign",24,24,82,58,0,9,9,-15,99,114,3
"5","504",2008,"male","Austrian",12,-4,18,22,16,65,49,-66,151,217,10
"5","504",2008,"male","Foreign",4,3,99,96,1,17,16,-6,164,170,7
"5","504",2008,"female","Austrian",23,-9,6,15,32,93,61,-98,130,228,11
"5","504",2008,"female","Foreign",38,36,96,60,2,10,8,-10,127,137,3
"5","504",2009,"male","Austrian",31,-2,18,20,33,76,43,-17,161,178,11
"5","504",2009,"male","Foreign",0,6,90,84,-6,12,18,-2,138,140,5
"5","504",2009,"female","Austrian",10,-9,4,13,19,74,55,-27,149,176,6
"5","504",2009,"female","Foreign",39,45,97,52,-6,11,17,-1,117,118,3
"5","504",2010,"male","Austrian",-4,-16,10,26,12,66,54,-49,171,220,8
"5","504",2010,"male","Foreign",32,28,105,77,4,18,14,13,167,154,8
"5","504",2010,"female","Austrian",20,-7,7,14,27,83,56,-34,130,164,10
"5","504",2010,"female","Foreign",37,32,101,69,5,20,15,-33,123,156,7
"5","504",2011,"male","Austrian",64,-3,8,11,67,110,43,-64,133,197,6
"5","504",2011,"male","Foreign",17,7,113,106,10,18,8,-8,150,158,10
"5","504",2011,"female","Austrian",26,-3,9,12,29,90,61,-45,135,180,4
"5","504",2011,"female","Foreign",45,38,100,62,7,14,7,-22,130,152,7
"5","504",2012,"male","Austrian",46,-2,13,15,48,105,57,-22,135,157,7
"5","504",2012,"male","Foreign",87,71,152,81,16,32,16,-9,165,174,2
"5","504",2012,"female","Austrian",31,0,10,10,31,87,56,-66,133,199,8
"5","504",2012,"female","Foreign",78,59,128,69,19,31,12,3,129,126,2
"5","504",2013,"male","Austrian",-18,-16,8,24,-2,53,55,-21,134,155,5
"5","504",2013,"male","Foreign",60,68,157,89,-8,21,29,-37,165,202,11
"5","504",2013,"female","Austrian",-6,-17,6,23,11,80,69,-7,151,158,3
"5","504",2013,"female","Foreign",59,67,141,74,-8,14,22,-40,134,174,12
"5","504",2014,"male","Austrian",35,-1,14,15,36,82,46,-56,125,181,7
"5","504",2014,"male","Foreign",62,55,162,107,7,27,20,-51,162,213,4
"5","504",2014,"female","Austrian",30,1,11,10,29,80,51,-47,131,178,5
"5","504",2014,"female","Foreign",79,79,164,85,0,15,15,-54,132,186,4
"5","504",2015,"male","Austrian",19,-1,10,11,20,84,64,-36,151,187,9
"5","504",2015,"male","Foreign",62,54,154,100,8,29,21,3,238,235,12
"5","504",2015,"female","Austrian",20,-1,9,10,21,87,66,-37,151,188,8
"5","504",2015,"female","Foreign",78,87,167,80,-9,13,22,-22,173,195,5
"5","504",2016,"male","Austrian",24,1,9,8,23,72,49,-45,128,173,8
"5","504",2016,"male","Foreign",50,35,149,114,15,37,22,4,221,217,11
"5","504",2016,"female","Austrian",6,-1,8,9,7,70,63,-64,128,192,9
"5","504",2016,"female","Foreign",52,40,138,98,12,23,11,-14,167,181,5
"5","504",2017,"male","Austrian",22,-1,10,11,23,80,57,0,169,169,10
"5","504",2017,"male","Foreign",37,27,148,121,10,36,26,4,248,244,11
"5","504",2017,"female","Austrian",6,-2,9,11,8,76,68,-33,131,164,11
"5","504",2017,"female","Foreign",79,68,160,92,11,29,18,-47,153,200,3
"5","504",2018,"male","Austrian",-9,-7,10,17,-2,64,66,-29,154,183,8
"5","504",2018,"male","Foreign",65,77,165,88,-12,21,33,3,249,246,10
"5","504",2018,"female","Austrian",2,4,12,8,-2,71,73,-72,142,214,10
"5","504",2018,"female","Foreign",51,58,143,85,-7,13,20,11,208,197,5
"5","504",2019,"male","Austrian",24,3,18,15,21,56,35,-74,119,193,10
"5","504",2019,"male","Foreign",53,51,171,120,2,25,23,-69,201,270,6
"5","504",2019,"female","Austrian",31,1,11,10,30,72,42,-53,122,175,7
"5","504",2019,"female","Foreign",47,60,142,82,-13,8,21,-55,182,237,10
"5","504",2020,"male","Austrian",14,-8,8,16,22,78,56,-68,138,206,6
"5","504",2020,"male","Foreign",57,64,156,92,-7,23,30,-107,157,264,11
"5","504",2020,"female","Austrian",0,-6,6,12,6,68,62,-57,147,204,5
"5","504",2020,"female","Foreign",43,54,122,68,-11,14,25,-67,152,219,10
"5","504",2021,"male","Austrian",-15,-4,7,11,-11,49,60,-61,130,191,11
"5","504",2021,"male","Foreign",67,56,156,100,11,37,26,-78,201,279,3
"5","504",2021,"female","Austrian",-5,-12,3,15,7,67,60,-55,107,162,7
"5","504",2021,"female","Foreign",65,64,132,68,1,30,29,-62,149,211,3
"5","504",2022,"male","Austrian",2,-4,8,12,6,66,60,-33,120,153,6
"5","504",2022,"male","Foreign",250,209,297,88,41,69,28,-124,251,375,5
"5","504",2022,"female","Austrian",-8,-9,9,18,1,51,50,-57,113,170,6
"5","504",2022,"female","Foreign",311,290,361,71,21,47,26,-161,215,376,10
"5","504",2023,"male","Austrian",-7,0,12,12,-7,52,59,-55,117,172,1
"5","504",2023,"male","Foreign",104,49,171,122,55,90,35,-23,338,361,10
"5","504",2023,"female","Austrian",-15,-6,8,14,-9,46,55,-53,122,175,2
"5","504",2023,"female","Foreign",111,97,205,108,14,37,23,-97,168,265,12
"5","599",2007,"male","Austrian",-21,-6,1,7,-15,2,17,-68,1,69,0
"5","599",2007,"male","Foreign",-9,-8,3,11,-1,0,1,-21,2,23,0
"5","599",2007,"female","Austrian",-26,-4,0,4,-22,1,23,-64,0,64,0
"5","599",2007,"female","Foreign",-10,-7,0,7,-3,0,3,-27,0,27,0
"5","599",2008,"male","Austrian",-5,0,0,0,-5,0,5,-5,2,7,0
"5","599",2008,"male","Foreign",-1,-1,0,1,0,0,0,-2,2,4,0
"5","599",2008,"female","Austrian",0,-1,0,1,1,1,0,-5,0,5,0
"5","599",2008,"female","Foreign",-2,-1,0,1,-1,0,1,-3,1,4,0
"5","599",2009,"male","Austrian",-1,-1,0,1,0,1,1,-6,2,8,0
"5","599",2009,"male","Foreign",2,2,2,0,0,0,0,-4,1,5,0
"5","599",2009,"female","Austrian",-3,0,0,0,-3,0,3,-7,1,8,0
"5","599",2009,"female","Foreign",0,0,1,1,0,0,0,-1,1,2,0
"5","599",2010,"male","Austrian",-1,0,0,0,-1,1,2,-5,0,5,0
"5","599",2010,"male","Foreign",1,1,2,1,0,0,0,-9,0,9,0
"5","599",2010,"female","Austrian",-2,-1,0,1,-1,0,1,-2,2,4,0
"5","599",2010,"female","Foreign",0,0,0,0,0,0,0,-7,0,7,0
"5","599",2011,"male","Austrian",-1,-1,0,1,0,1,1,-7,0,7,0
"5","599",2011,"male","Foreign",-1,-1,2,3,0,0,0,-1,1,2,0
"5","599",2011,"female","Austrian",-4,0,0,0,-4,0,4,-7,0,7,0
"5","599",2011,"female","Foreign",0,0,1,1,0,0,0,-3,0,3,0
"5","599",2012,"male","Austrian",-4,-1,0,1,-3,1,4,-2,1,3,0
"5","599",2012,"male","Foreign",-1,0,0,0,-1,0,1,-2,1,3,0
"5","599",2012,"female","Austrian",-5,-2,0,2,-3,0,3,-1,3,4,0
"5","599",2012,"female","Foreign",1,2,2,0,-1,0,1,-1,0,1,0
"5","599",2013,"male","Austrian",-4,0,0,0,-4,0,4,-7,1,8,0
"5","599",2013,"male","Foreign",1,2,2,0,-1,0,1,-3,1,4,0
"5","599",2013,"female","Austrian",-2,-1,0,1,-1,0,1,-4,2,6,0
"5","599",2013,"female","Foreign",0,0,0,0,0,0,0,-1,1,2,0
"5","599",2014,"male","Austrian",-1,0,0,0,-1,0,1,0,3,3,0
"5","599",2014,"male","Foreign",2,1,1,0,1,1,0,-3,1,4,0
"5","599",2014,"female","Austrian",-1,-1,0,1,0,0,0,-2,3,5,0
"5","599",2014,"female","Foreign",2,2,3,1,0,0,0,-3,0,3,0
"5","599",2015,"male","Austrian",-3,0,0,0,-3,0,3,-2,1,3,0
"5","599",2015,"male","Foreign",-2,-1,0,1,-1,0,1,0,0,0,0
"5","599",2015,"female","Austrian",-1,0,0,0,-1,0,1,-5,0,5,0
"5","599",2015,"female","Foreign",-1,0,0,0,-1,0,1,0,1,1,0
"5","599",2016,"male","Austrian",0,0,0,0,0,0,0,0,0,0,0
"5","599",2016,"male","Foreign",0,0,0,0,0,0,0,-1,0,1,0
"5","599",2016,"female","Austrian",-2,-1,0,1,-1,0,1,-1,0,1,0
"5","599",2016,"female","Foreign",0,0,0,0,0,0,0,0,0,0,0
"5","599",2017,"male","Austrian",0,0,0,0,0,0,0,1,2,1,0
"5","599",2017,"male","Foreign",2,1,1,0,1,1,0,-1,0,1,0
"5","599",2017,"female","Austrian",-1,0,0,0,-1,0,1,3,4,1,0
"5","599",2017,"female","Foreign",0,0,0,0,0,0,0,1,1,0,0
"5","599",2018,"male","Austrian",0,0,0,0,0,0,0,-3,0,3,0
"5","599",2018,"male","Foreign",1,1,1,0,0,0,0,-3,0,3,0
"5","599",2018,"female","Austrian",0,0,0,0,0,0,0,-4,0,4,0
"5","599",2018,"female","Foreign",0,0,0,0,0,0,0,-4,0,4,0
"5","599",2019,"male","Austrian",1,0,0,0,1,1,0,1,1,0,0
"5","599",2019,"male","Foreign",0,0,0,0,0,0,0,0,0,0,0
"5","599",2019,"female","Austrian",0,0,0,0,0,0,0,1,1,0,0
"5","599",2019,"female","Foreign",0,0,0,0,0,0,0,0,0,0,0
"5","599",2020,"male","Austrian",0,0,0,0,0,0,0,1,1,0,0
"5","599",2020,"male","Foreign",1,1,1,0,0,0,0,0,0,0,0
"5","599",2020,"female","Austrian",0,0,0,0,0,0,0,0,0,0,0
"5","599",2020,"female","Foreign",0,0,0,0,0,0,0,0,0,0,0
"5","599",2021,"male","Austrian",0,0,0,0,0,0,0,0,0,0,0
"5","599",2021,"male","Foreign",0,0,0,0,0,0,0,0,1,1,0
"5","599",2021,"female","Austrian",0,0,0,0,0,0,0,-1,0,1,0
"5","599",2021,"female","Foreign",0,0,0,0,0,0,0,0,0,0,0
"5","599",2022,"male","Austrian",0,0,0,0,0,0,0,0,0,0,0
"5","599",2022,"male","Foreign",0,0,0,0,0,0,0,0,0,0,0
"5","599",2022,"female","Austrian",0,0,0,0,0,0,0,0,0,0,0
"5","599",2022,"female","Foreign",0,0,0,0,0,0,0,0,0,0,0
"5","599",2023,"male","Austrian",0,0,0,0,0,0,0,0,0,0,0
"5","599",2023,"male","Foreign",0,0,0,0,0,0,0,0,1,1,0
"5","599",2023,"female","Austrian",0,0,0,0,0,0,0,0,0,0,0
"5","599",2023,"female","Foreign",1,1,1,0,0,0,0,0,0,0,0
"6","601",2007,"male","Austrian",70,16,44,28,54,113,59,-86,164,250,14
"6","601",2007,"male","Foreign",61,62,113,51,-1,8,9,-17,86,103,3
"6","601",2007,"female","Austrian",3,-8,10,18,11,74,63,-34,141,175,15
"6","601",2007,"female","Foreign",57,56,99,43,1,12,11,-17,87,104,4
"6","601",2008,"male","Austrian",29,-5,37,42,34,92,58,-120,137,257,13
"6","601",2008,"male","Foreign",52,45,128,83,7,12,5,-9,86,95,6
"6","601",2008,"female","Austrian",17,-2,12,14,19,77,58,-45,139,184,10
"6","601",2008,"female","Foreign",47,45,108,63,2,7,5,-20,68,88,7
"6","601",2009,"male","Austrian",15,-4,36,40,19,93,74,-71,148,219,10
"6","601",2009,"male","Foreign",7,8,88,80,-1,8,9,15,119,104,4
"6","601",2009,"female","Austrian",1,-9,14,23,10,71,61,-77,121,198,8
"6","601",2009,"female","Foreign",-4,1,93,92,-5,7,12,10,93,83,4
"6","601",2010,"male","Austrian",8,-5,32,37,13,69,56,-13,178,191,11
"6","601",2010,"male","Foreign",2,3,107,104,-1,13,14,-21,94,115,3
"6","601",2010,"female","Austrian",8,-5,17,22,13,80,67,-36,153,189,7
"6","601",2010,"female","Foreign",21,23,121,98,-2,11,13,6,94,88,5
"6","601",2011,"male","Austrian",23,1,33,32,22,69,47,-14,188,202,17
"6","601",2011,"male","Foreign",26,25,118,93,1,9,8,-15,109,124,4
"6","601",2011,"female","Austrian",12,-5,16,21,17,65,48,5,164,159,18
"6","601",2011,"female","Foreign",31,26,109,83,5,14,9,-27,85,112,3
"6","601",2012,"male","Austrian",15,-1,24,25,16,67,51,-19,167,186,9
"6","601",2012,"male","Foreign",95,94,167,73,1,11,10,-43,95,138,3
"6","601",2012,"female","Austrian",36,4,22,18,32,74,42,-41,161,202,12
"6","601",2012,"female","Foreign",67,61,143,82,6,15,9,12,126,114,8
"6","601",2013,"male","Austrian",11,6,31,25,5,51,46,-30,169,199,9
"6","601",2013,"male","Foreign",85,77,172,95,8,11,3,-47,85,132,3
"6","601",2013,"female","Austrian",-15,1,21,20,-16,51,67,-41,146,187,13
"6","601",2013,"female","Foreign",54,52,164,112,2,8,6,-16,87,103,4
"6","601",2014,"male","Austrian",27,4,31,27,23,73,50,-15,175,190,12
"6","601",2014,"male","Foreign",63,57,168,111,6,14,8,-26,125,151,1
"6","601",2014,"female","Austrian",21,2,18,16,19,63,44,-25,163,188,8
"6","601",2014,"female","Foreign",55,57,167,110,-2,11,13,-29,123,152,6
"6","601",2015,"male","Austrian",30,13,42,29,17,74,57,-13,213,226,18
"6","601",2015,"male","Foreign",51,51,183,132,0,6,6,-3,148,151,6
"6","601",2015,"female","Austrian",-12,0,15,15,-12,49,61,-72,142,214,16
"6","601",2015,"female","Foreign",88,83,203,120,5,17,12,-12,137,149,5
"6","601",2016,"male","Austrian",26,4,46,42,22,62,40,-16,230,246,8
"6","601",2016,"male","Foreign",66,66,177,111,0,19,19,-6,189,195,9
"6","601",2016,"female","Austrian",21,-1,17,18,22,62,40,-33,153,186,15
"6","601",2016,"female","Foreign",67,71,178,107,-4,11,15,-40,112,152,7
"6","601",2017,"male","Austrian",21,9,72,63,12,70,58,-30,235,265,16
"6","601",2017,"male","Foreign",54,50,180,130,4,19,15,-14,181,195,6
"6","601",2017,"female","Austrian",-5,-12,21,33,7,56,49,-18,162,180,10
"6","601",2017,"female","Foreign",37,37,149,112,0,10,10,3,143,140,14
"6","601",2018,"male","Austrian",33,20,65,45,13,76,63,-55,226,281,13
"6","601",2018,"male","Foreign",47,48,167,119,-1,17,18,-38,180,218,2
"6","601",2018,"female","Austrian",-6,4,25,21,-10,45,55,-35,146,181,12
"6","601",2018,"female","Foreign",39,42,160,118,-3,9,12,-27,138,165,8
"6","601",2019,"male","Austrian",20,9,53,44,11,77,66,-60,240,300,10
"6","601",2019,"male","Foreign",34,26,145,119,8,22,14,-57,159,216,15
"6","601",2019,"female","Austrian",14,-1,20,21,15,74,59,-16,189,205,7
"6","601",2019,"female","Foreign",46,42,160,118,4,14,10,-47,139,186,5
"6","601",2020,"male","Austrian",30,16,52,36,14,76,62,-86,235,321,14
"6","601",2020,"male","Foreign",60,51,150,99,9,18,9,-38,179,217,8
"6","601",2020,"female","Austrian",-14,2,18,16,-16,51,67,-21,178,199,14
"6","601",2020,"female","Foreign",34,34,142,108,0,12,12,-15,132,147,11
"6","601",2021,"male","Austrian",14,9,42,33,5,57,52,-93,211,304,19
"6","601",2021,"male","Foreign",54,49,149,100,5,19,14,-37,145,182,3
"6","601",2021,"female","Austrian",31,1,15,14,30,78,48,-46,165,211,9
"6","601",2021,"female","Foreign",51,47,138,91,4,17,13,-56,111,167,4
"6","601",2022,"male","Austrian",21,16,45,29,5,65,60,-68,178,246,11
"6","601",2022,"male","Foreign",116,118,224,106,-2,13,15,-24,164,188,6
"6","601",2022,"female","Austrian",-3,5,22,17,-8,46,54,-40,153,193,6
"6","601",2022,"female","Foreign",196,205,310,105,-9,16,25,-37,161,198,8
"6","601",2023,"male","Austrian",12,19,39,20,-7,42,49,-27,200,227,8
"6","601",2023,"male","Foreign",47,56,155,99,-9,15,24,-16,173,189,11
"6","601",2023,"female","Austrian",0,-2,6,8,2,53,51,-41,155,196,12
"6","601",2023,"female","Foreign",43,44,165,121,-1,13,14,-54,131,185,3
"6","602",2007,"male","Austrian",13,-6,29,35,19,95,76,-37,230,267,19
"6","602",2007,"male","Foreign",55,54,170,116,1,22,21,-6,180,186,7
"6","602",2007,"female","Austrian",18,-3,12,15,21,98,77,-48,212,260,12
"6","602",2007,"female","Foreign",72,75,157,82,-3,12,15,-36,126,162,13
"6","602",2008,"male","Austrian",3,-23,24,47,26,89,63,-40,237,277,15
"6","602",2008,"male","Foreign",47,29,142,113,18,34,16,-39,156,195,14
"6","602",2008,"female","Austrian",11,-6,15,21,17,87,70,-71,181,252,17
"6","602",2008,"female","Foreign",44,40,124,84,4,15,11,-23,130,153,11
"6","602",2009,"male","Austrian",18,-15,25,40,33,99,66,-28,257,285,20
"6","602",2009,"male","Foreign",32,16,159,143,16,32,16,21,202,181,8
"6","602",2009,"female","Austrian",10,-27,8,35,37,109,72,13,242,229,17
"6","602",2009,"female","Foreign",46,40,145,105,6,24,18,-12,139,151,7
"6","602",2010,"male","Austrian",31,-8,29,37,39,113,74,-23,259,282,16
"6","602",2010,"male","Foreign",52,38,186,148,14,41,27,10,234,224,18
"6","602",2010,"female","Austrian",50,-23,14,37,73,136,63,-39,234,273,10
"6","602",2010,"female","Foreign",83,66,163,97,17,31,14,13,186,173,7
"6","602",2011,"male","Austrian",29,-19,24,43,48,101,53,-8,239,247,16
"6","602",2011,"male","Foreign",49,37,192,155,12,31,19,-17,233,250,13
"6","602",2011,"female","Austrian",25,-12,11,23,37,109,72,-45,206,251,17
"6","602",2011,"female","Foreign",56,50,161,111,6,27,21,-46,163,209,16
"6","602",2012,"male","Austrian",78,26,68,42,52,138,86,123,472,349,27
"6","602",2012,"male","Foreign",104,103,246,143,1,28,27,-18,255,273,12
"6","602",2012,"female","Austrian",60,16,31,15,44,122,78,1,296,295,28
"6","602",2012,"female","Foreign",95,86,189,103,9,26,17,-24,198,222,10
"6","602",2013,"male","Austrian",59,27,69,42,32,139,107,-55,338,393,28
"6","602",2013,"male","Foreign",109,91,228,137,18,37,19,-2,272,274,12
"6","602",2013,"female","Austrian",42,-6,15,21,48,141,93,-70,250,320,14
"6","602",2013,"female","Foreign",87,91,201,110,-4,21,25,-21,215,236,7
"6","602",2014,"male","Austrian",0,-4,59,63,4,110,106,-71,303,374,14
"6","602",2014,"male","Foreign",63,50,214,164,13,46,33,-16,262,278,19
"6","602",2014,"female","Austrian",16,6,33,27,10,109,99,-58,254,312,15
"6","602",2014,"female","Foreign",102,101,210,109,1,28,27,7,263,256,6
"6","602",2015,"male","Austrian",44,9,56,47,35,132,97,-1,351,352,19
"6","602",2015,"male","Foreign",105,58,231,173,47,68,21,7,314,307,14
"6","602",2015,"female","Austrian",41,7,30,23,34,126,92,-77,257,334,22
"6","602",2015,"female","Foreign",94,88,215,127,6,25,19,-49,207,256,14
"6","602",2016,"male","Austrian",59,0,35,35,59,133,74,-84,244,328,22
"6","602",2016,"male","Foreign",109,58,197,139,51,96,45,-53,299,352,17
"6","602",2016,"female","Austrian",24,3,24,21,21,114,93,-19,240,259,16
"6","602",2016,"female","Foreign",78,75,200,125,3,27,24,-1,224,225,17
"6","602",2017,"male","Austrian",8,4,52,48,4,99,95,-21,258,279,22
"6","602",2017,"male","Foreign",57,33,164,131,24,52,28,80,385,305,11
"6","602",2017,"female","Austrian",5,-15,20,35,20,99,79,-49,199,248,19
"6","602",2017,"female","Foreign",51,38,159,121,13,34,21,-20,248,268,10
"6","602",2018,"male","Austrian",24,31,59,28,-7,103,110,-78,293,371,11
"6","602",2018,"male","Foreign",41,46,191,145,-5,29,34,-53,343,396,7
"6","602",2018,"female","Austrian",10,1,21,20,9,96,87,-94,227,321,10
"6","602",2018,"female","Foreign",66,63,180,117,3,18,15,-25,237,262,12
"6","602",2019,"male","Austrian",34,9,42,33,25,100,75,-86,314,400,27
"6","602",2019,"male","Foreign",64,61,203,142,3,33,30,-78,304,382,13
"6","602",2019,"female","Austrian",24,-5,22,27,29,115,86,-109,212,321,17
"6","602",2019,"female","Foreign",99,98,201,103,1,22,21,-61,225,286,5
"6","602",2020,"male","Austrian",34,5,34,29,29,110,81,-106,280,386,10
"6","602",2020,"male","Foreign",35,17,157,140,18,51,33,-62,308,370,14
"6","602",2020,"female","Austrian",26,0,21,21,26,105,79,-68,213,281,11
"6","602",2020,"female","Foreign",58,41,153,112,17,40,23,-34,237,271,5
"6","602",2021,"male","Austrian",18,13,38,25,5,96,91,-89,265,354,14
"6","602",2021,"male","Foreign",47,36,173,137,11,46,35,-81,294,375,9
"6","602",2021,"female","Austrian",11,-6,28,34,17,103,86,-105,204,309,12
"6","602",2021,"female","Foreign",59,60,172,112,-1,34,35,-77,210,287,12
"6","602",2022,"male","Austrian",-7,-11,20,31,4,99,95,-60,257,317,26
"6","602",2022,"male","Foreign",143,115,227,112,28,54,26,-76,313,389,17
"6","602",2022,"female","Austrian",-23,-4,20,24,-19,79,98,-63,220,283,19
"6","602",2022,"female","Foreign",227,221,333,112,6,27,21,-102,236,338,13
"6","602",2023,"male","Austrian",8,18,37,19,-10,69,79,-37,269,306,13
"6","602",2023,"male","Foreign",91,36,181,145,55,94,39,40,428,388,24
"6","602",2023,"female","Austrian",-9,6,30,24,-15,70,85,-88,213,301,21
"6","602",2023,"female","Foreign",61,26,157,131,35,52,17,-23,272,295,22
"6","603",2007,"male","Austrian",97,-17,77,94,114,246,132,-154,407,561,48
"6","603",2007,"male","Foreign",81,48,145,97,33,47,14,-37,201,238,15
"6","603",2007,"female","Austrian",32,-8,33,41,40,179,139,-73,332,405,43
"6","603",2007,"female","Foreign",90,80,139,59,10,26,16,2,177,175,18
"6","603",2008,"male","Austrian",113,23,88,65,90,225,135,-208,423,631,39
"6","603",2008,"male","Foreign",59,40,147,107,19,36,17,-47,191,238,19
"6","603",2008,"female","Austrian",-2,-12,32,44,10,137,127,-63,330,393,32
"6","603",2008,"female","Foreign",41,35,131,96,6,24,18,-32,171,203,18
"6","603",2009,"male","Austrian",117,8,102,94,109,253,144,-71,535,606,37
"6","603",2009,"male","Foreign",64,36,166,130,28,52,24,-21,224,245,11
"6","603",2009,"female","Austrian",48,0,32,32,48,170,122,-71,336,407,28
"6","603",2009,"female","Foreign",51,40,138,98,11,22,11,13,199,186,11
"6","603",2010,"male","Austrian",31,-63,86,149,94,215,121,-170,502,672,44
"6","603",2010,"male","Foreign",43,23,173,150,20,41,21,-46,242,288,18
"6","603",2010,"female","Austrian",42,-22,38,60,64,168,104,-57,353,410,32
"6","603",2010,"female","Foreign",30,34,146,112,-4,15,19,-48,168,216,16
"6","603",2011,"male","Austrian",26,1,56,55,25,156,131,-136,352,488,50
"6","603",2011,"male","Foreign",30,30,177,147,0,23,23,-5,240,245,16
"6","603",2011,"female","Austrian",8,-20,13,33,28,145,117,-23,316,339,39
"6","603",2011,"female","Foreign",70,71,200,129,-1,18,19,1,211,210,14
"6","603",2012,"male","Austrian",83,8,59,51,75,164,89,-106,352,458,26
"6","603",2012,"male","Foreign",106,97,230,133,9,32,23,-22,226,248,9
"6","603",2012,"female","Austrian",32,-26,17,43,58,179,121,-15,363,378,32
"6","603",2012,"female","Foreign",132,123,206,83,9,28,19,-34,220,254,13
"6","603",2013,"male","Austrian",66,-16,37,53,82,193,111,-13,319,332,28
"6","603",2013,"male","Foreign",110,112,274,162,-2,27,29,-8,256,264,6
"6","603",2013,"female","Austrian",75,13,32,19,62,178,116,-18,342,360,33
"6","603",2013,"female","Foreign",129,127,245,118,2,33,31,34,284,250,7
"6","603",2014,"male","Austrian",56,6,40,34,50,137,87,-27,327,354,28
"6","603",2014,"male","Foreign",127,102,260,158,25,57,32,2,274,272,17
"6","603",2014,"female","Austrian",17,0,31,31,17,143,126,-63,348,411,33
"6","603",2014,"female","Foreign",76,63,231,168,13,31,18,32,335,303,22
"6","603",2015,"male","Austrian",20,-7,30,37,27,142,115,-65,317,382,24
"6","603",2015,"male","Foreign",271,206,351,145,65,90,25,-91,326,417,21
"6","603",2015,"female","Austrian",67,-9,21,30,76,191,115,-19,370,389,28
"6","603",2015,"female","Foreign",220,206,356,150,14,52,38,15,375,360,22
"6","603",2016,"male","Austrian",3,7,37,30,-4,139,143,-65,290,355,22
"6","603",2016,"male","Foreign",78,76,246,170,2,53,51,-76,318,394,30
"6","603",2016,"female","Austrian",15,-11,25,36,26,152,126,-15,388,403,25
"6","603",2016,"female","Foreign",94,119,279,160,-25,35,60,-67,356,423,40
"6","603",2017,"male","Austrian",2,-17,26,43,19,121,102,-62,311,373,31
"6","603",2017,"male","Foreign",99,82,238,156,17,51,34,6,368,362,15
"6","603",2017,"female","Austrian",-12,-15,17,32,3,140,137,-60,342,402,29
"6","603",2017,"female","Foreign",92,82,249,167,10,43,33,-10,405,415,21
"6","603",2018,"male","Austrian",-1,-19,26,45,18,114,96,-54,353,407,34
"6","603",2018,"male","Foreign",51,55,235,180,-4,32,36,-76,319,395,29
"6","603",2018,"female","Austrian",12,1,25,24,11,132,121,-25,392,417,37
"6","603",2018,"female","Foreign",54,65,239,174,-11,38,49,-31,394,425,26
"6","603",2019,"male","Austrian",11,-5,24,29,16,120,104,-44,355,399,32
"6","603",2019,"male","Foreign",61,67,261,194,-6,36,42,-33,303,336,24
"6","603",2019,"female","Austrian",20,6,28,22,14,145,131,-28,384,412,39
"6","603",2019,"female","Foreign",75,75,267,192,0,34,34,-77,387,464,41
"6","603",2020,"male","Austrian",11,-7,23,30,18,133,115,-111,285,396,35
"6","603",2020,"male","Foreign",32,26,229,203,6,44,38,-69,318,387,22
"6","603",2020,"female","Austrian",20,-9,21,30,29,140,111,-53,358,411,28
"6","603",2020,"female","Foreign",82,79,252,173,3,45,42,-75,339,414,27
"6","603",2021,"male","Austrian",-28,4,26,22,-32,99,131,-5,369,374,35
"6","603",2021,"male","Foreign",81,65,218,153,16,54,38,-51,317,368,16
"6","603",2021,"female","Austrian",7,2,23,21,5,129,124,-45,370,415,34
"6","603",2021,"female","Foreign",116,114,275,161,2,44,42,-120,325,445,17
"6","603",2022,"male","Austrian",15,4,30,26,11,117,106,-95,278,373,27
"6","603",2022,"male","Foreign",232,238,405,167,-6,36,42,-81,356,437,23
"6","603",2022,"female","Austrian",3,-6,25,31,9,135,126,-146,281,427,25
"6","603",2022,"female","Foreign",394,393,573,180,1,51,50,-32,482,514,19
"6","603",2023,"male","Austrian",-11,-7,25,32,-4,111,115,-70,296,366,31
"6","603",2023,"male","Foreign",124,95,295,200,29,65,36,-41,396,437,17
"6","603",2023,"female","Austrian",-6,-9,19,28,3,117,114,-28,338,366,27
"6","603",2023,"female","Foreign",134,110,339,229,24,60,36,-92,440,532,19
"6","699",2007,"male","Austrian",-15,-5,0,5,-10,1,11,-50,5,55,0
"6","699",2007,"male","Foreign",-5,-4,0,4,-1,0,1,-14,4,18,0
"6","699",2007,"female","Austrian",-9,-4,0,4,-5,0,5,-38,4,42,0
"6","699",2007,"female","Foreign",-5,-4,0,4,-1,1,2,-11,3,14,0
"6","699",2008,"male","Austrian",-2,0,0,0,-2,0,2,0,0,0,0
"6","699",2008,"male","Foreign",0,0,1,1,0,0,0,0,2,2,0
"6","699",2008,"female","Austrian",-3,0,0,0,-3,1,4,-3,2,5,0
"6","699",2008,"female","Foreign",3,4,4,0,-1,0,1,1,2,1,0
"6","699",2009,"male","Austrian",2,0,0,0,2,2,0,0,1,1,0
"6","699",2009,"male","Foreign",-1,-1,0,1,0,1,1,0,2,2,0
"6","699",2009,"female","Austrian",2,0,0,0,2,4,2,2,2,0,0
"6","699",2009,"female","Foreign",1,1,1,0,0,0,0,2,2,0,0
"6","699",2010,"male","Austrian",-5,-1,0,1,-4,0,4,2,4,2,0
"6","699",2010,"male","Foreign",3,2,5,3,1,1,0,-4,2,6,0
"6","699",2010,"female","Austrian",-3,-1,0,1,-2,1,3,-1,0,1,0
"6","699",2010,"female","Foreign",-1,-1,2,3,0,0,0,-3,1,4,0
"6","699",2011,"male","Austrian",-2,-1,0,1,-1,0,1,-3,1,4,0
"6","699",2011,"male","Foreign",0,0,1,1,0,0,0,3,5,2,0
"6","699",2011,"female","Austrian",-1,0,0,0,-1,0,1,-5,1,6,0
"6","699",2011,"female","Foreign",-2,-2,0,2,0,0,0,0,3,3,0
"6","699",2012,"male","Austrian",0,0,0,0,0,0,0,-2,0,2,0
"6","699",2012,"male","Foreign",0,0,0,0,0,0,0,0,2,2,0
"6","699",2012,"female","Austrian",-2,0,0,0,-2,0,2,1,1,0,0
"6","699",2012,"female","Foreign",0,0,0,0,0,0,0,0,0,0,0
"6","699",2013,"male","Austrian",-2,-2,0,2,0,0,0,-2,1,3,0
"6","699",2013,"male","Foreign",-4,-4,12,16,0,1,1,-13,6,19,0
"6","699",2013,"female","Austrian",-1,-1,0,1,0,0,0,-1,2,3,0
"6","699",2013,"female","Foreign",-9,-6,4,10,-3,0,3,0,4,4,0
"6","699",2014,"male","Austrian",-2,-1,0,1,-1,0,1,1,1,0,0
"6","699",2014,"male","Foreign",0,0,0,0,0,0,0,-2,0,2,0
"6","699",2014,"female","Austrian",1,0,0,0,1,1,0,1,2,1,0
"6","699",2014,"female","Foreign",0,0,0,0,0,0,0,1,1,0,0
"6","699",2015,"male","Austrian",0,0,0,0,0,0,0,-2,0,2,0
"6","699",2015,"male","Foreign",1,1,1,0,0,0,0,-1,0,1,0
"6","699",2015,"female","Austrian",0,0,0,0,0,0,0,0,0,0,0
"6","699",2015,"female","Foreign",0,0,0,0,0,0,0,-1,0,1,0
"6","699",2016,"male","Austrian",2,1,1,0,1,1,0,0,1,1,0
"6","699",2016,"male","Foreign",0,0,1,1,0,0,0,0,0,0,0
"6","699",2016,"female","Austrian",0,0,0,0,0,0,0,-2,0,2,0
"6","699",2016,"female","Foreign",2,2,3,1,0,0,0,-2,1,3,0
"6","699",2017,"male","Austrian",-1,-1,0,1,0,0,0,-1,0,1,0
"6","699",2017,"male","Foreign",-1,0,0,0,-1,0,1,0,0,0,0
"6","699",2017,"female","Austrian",0,0,0,0,0,0,0,0,0,0,0
"6","699",2017,"female","Foreign",0,0,1,1,0,0,0,-2,0,2,0
"6","699",2018,"male","Austrian",0,0,0,0,0,0,0,-4,0,4,0
"6","699",2018,"male","Foreign",-1,-1,0,1,0,0,0,-1,0,1,0
"6","699",2018,"female","Austrian",0,0,0,0,0,0,0,-3,0,3,0
"6","699",2018,"female","Foreign",0,0,0,0,0,0,0,-1,0,1,0
"6","699",2019,"male","Austrian",1,0,0,0,1,1,0,1,1,0,0
"6","699",2019,"male","Foreign",0,0,0,0,0,0,0,2,2,0,0
"6","699",2019,"female","Austrian",0,0,0,0,0,0,0,0,0,0,0
"6","699",2019,"female","Foreign",0,0,0,0,0,0,0,1,1,0,0
"6","699",2020,"male","Austrian",1,0,0,0,1,1,0,1,1,0,0
"6","699",2020,"male","Foreign",0,0,0,0,0,0,0,0,0,0,0
"6","699",2020,"female","Austrian",0,0,0,0,0,0,0,0,0,0,0
"6","699",2020,"female","Foreign",0,0,0,0,0,0,0,0,0,0,0
"6","699",2021,"male","Austrian",0,0,0,0,0,0,0,2,2,0,0
"6","699",2021,"male","Foreign",0,0,0,0,0,0,0,0,0,0,0
"6","699",2021,"female","Austrian",0,0,0,0,0,0,0,1,1,0,0
"6","699",2021,"female","Foreign",0,0,0,0,0,0,0,1,1,0,0
"6","699",2022,"male","Austrian",0,0,0,0,0,0,0,0,0,0,0
"6","699",2022,"male","Foreign",0,0,0,0,0,0,0,0,0,0,0
"6","699",2022,"female","Austrian",0,0,0,0,0,0,0,0,0,0,0
"6","699",2022,"female","Foreign",0,0,0,0,0,0,0,0,0,0,0
"6","699",2023,"male","Austrian",0,0,0,0,0,0,0,2,2,0,0
"6","699",2023,"male","Foreign",0,0,0,0,0,0,0,0,0,0,0
"6","699",2023,"female","Austrian",1,1,1,0,0,0,0,0,1,1,0
"6","699",2023,"female","Foreign",0,0,0,0,0,0,0,0,0,0,0
"7","701",2007,"male","Austrian",26,-4,12,16,30,70,40,-33,113,146,3
"7","701",2007,"male","Foreign",44,44,80,36,0,9,9,-15,66,81,6
"7","701",2007,"female","Austrian",9,-7,8,15,16,53,37,-8,125,133,1
"7","701",2007,"female","Foreign",45,45,76,31,0,5,5,1,80,79,10
"7","701",2008,"male","Austrian",-3,-7,14,21,4,51,47,-39,110,149,8
"7","701",2008,"male","Foreign",31,31,72,41,0,8,8,-14,63,77,6
"7","701",2008,"female","Austrian",29,0,12,12,29,62,33,-55,119,174,17
"7","701",2008,"female","Foreign",21,28,71,43,-7,2,9,-25,55,80,0
"7","701",2009,"male","Austrian",23,-2,23,25,25,69,44,-10,135,145,8
"7","701",2009,"male","Foreign",23,17,60,43,6,10,4,4,79,75,2
"7","701",2009,"female","Austrian",17,-3,6,9,20,78,58,6,159,153,11
"7","701",2009,"female","Foreign",15,17,61,44,-2,8,10,-13,74,87,6
"7","701",2010,"male","Austrian",25,-6,19,25,31,63,32,-56,100,156,12
"7","701",2010,"male","Foreign",46,41,86,45,5,12,7,2,89,87,0
"7","701",2010,"female","Austrian",22,-5,9,14,27,69,42,-48,117,165,5
"7","701",2010,"female","Foreign",58,61,103,42,-3,8,11,-5,81,86,2
"7","701",2011,"male","Austrian",6,-13,11,24,19,63,44,-24,128,152,6
"7","701",2011,"male","Foreign",13,9,78,69,4,11,7,-47,62,109,1
"7","701",2011,"female","Austrian",7,-7,5,12,14,53,39,-78,120,198,7
"7","701",2011,"female","Foreign",11,10,93,83,1,10,9,-21,82,103,7
"7","701",2012,"male","Austrian",18,-6,5,11,24,59,35,-30,131,161,7
"7","701",2012,"male","Foreign",20,16,68,52,4,9,5,-22,74,96,3
"7","701",2012,"female","Austrian",17,0,6,6,17,55,38,-75,109,184,8
"7","701",2012,"female","Foreign",34,28,60,32,6,12,6,-28,71,99,1
"7","701",2013,"male","Austrian",0,-13,10,23,13,57,44,-20,123,143,3
"7","701",2013,"male","Foreign",46,49,110,61,-3,10,13,-10,88,98,4
"7","701",2013,"female","Austrian",-8,-6,9,15,-2,52,54,-31,120,151,6
"7","701",2013,"female","Foreign",48,47,91,44,1,15,14,-21,90,111,5
"7","701",2014,"male","Austrian",6,-3,12,15,9,42,33,-3,136,139,3
"7","701",2014,"male","Foreign",35,37,88,51,-2,12,14,-15,86,101,3
"7","701",2014,"female","Austrian",17,-8,7,15,25,57,32,-49,114,163,1
"7","701",2014,"female","Foreign",14,17,69,52,-3,10,13,-11,90,101,2
"7","701",2015,"male","Austrian",30,1,10,9,29,63,34,-13,127,140,11
"7","701",2015,"male","Foreign",72,59,114,55,13,20,7,-6,105,111,5
"7","701",2015,"female","Austrian",-5,-6,4,10,1,43,42,-6,116,122,11
"7","701",2015,"female","Foreign",61,49,109,60,12,15,3,-5,105,110,2
"7","701",2016,"male","Austrian",-8,-14,10,24,6,44,38,-22,108,130,8
"7","701",2016,"male","Foreign",33,27,89,62,6,13,7,-4,137,141,8
"7","701",2016,"female","Austrian",15,-4,7,11,19,60,41,-15,125,140,1
"7","701",2016,"female","Foreign",22,24,83,59,-2,4,6,-4,107,111,5
"7","701",2017,"male","Austrian",2,-6,15,21,8,55,47,0,124,124,9
"7","701",2017,"male","Foreign",42,22,75,53,20,27,7,-24,113,137,6
"7","701",2017,"female","Austrian",5,-2,9,11,7,41,34,-32,120,152,5
"7","701",2017,"female","Foreign",23,28,87,59,-5,8,13,-12,96,108,5
"7","701",2018,"male","Austrian",19,-3,14,17,22,48,26,-68,112,180,8
"7","701",2018,"male","Foreign",18,19,81,62,-1,7,8,-24,102,126,5
"7","701",2018,"female","Austrian",11,-2,10,12,13,44,31,-19,154,173,9
"7","701",2018,"female","Foreign",33,30,87,57,3,7,4,1,119,118,10
"7","701",2019,"male","Austrian",-4,-14,8,22,10,43,33,-45,126,171,14
"7","701",2019,"male","Foreign",13,4,70,66,9,11,2,-12,135,147,3
"7","701",2019,"female","Austrian",1,-16,3,19,17,57,40,-90,102,192,9
"7","701",2019,"female","Foreign",8,5,88,83,3,9,6,4,123,119,3
"7","701",2020,"male","Austrian",-12,-1,13,14,-11,40,51,-29,107,136,9
"7","701",2020,"male","Foreign",32,27,79,52,5,16,11,-45,99,144,6
"7","701",2020,"female","Austrian",-8,-10,4,14,2,50,48,-15,128,143,14
"7","701",2020,"female","Foreign",13,5,82,77,8,16,8,-38,100,138,3
"7","701",2021,"male","Austrian",5,-3,8,11,8,48,40,-55,120,175,20
"7","701",2021,"male","Foreign",28,22,68,46,6,13,7,-14,82,96,9
"7","701",2021,"female","Austrian",-11,-7,4,11,-4,30,34,-33,124,157,14
"7","701",2021,"female","Foreign",43,38,90,52,5,18,13,0,94,94,11
"7","701",2022,"male","Austrian",0,2,11,9,-2,36,38,-37,102,139,3
"7","701",2022,"male","Foreign",74,72,117,45,2,14,12,-20,121,141,8
"7","701",2022,"female","Austrian",0,1,15,14,-1,49,50,-55,113,168,7
"7","701",2022,"female","Foreign",120,125,188,63,-5,12,17,-48,121,169,8
"7","701",2023,"male","Austrian",16,-1,7,8,17,42,25,-40,96,136,8
"7","701",2023,"male","Foreign",39,32,93,61,7,15,8,-25,106,131,4
"7","701",2023,"female","Austrian",0,-3,8,11,3,41,38,-25,112,137,4
"7","701",2023,"female","Foreign",29,26,98,72,3,9,6,-33,125,158,4
"7","702",2007,"male","Austrian",12,-5,2,7,17,30,13,-15,54,69,1
"7","702",2007,"male","Foreign",19,16,30,14,3,9,6,-12,24,36,1
"7","702",2007,"female","Austrian",17,-6,3,9,23,32,9,-14,60,74,6
"7","702",2007,"female","Foreign",17,15,29,14,2,5,3,3,21,18,1
"7","702",2008,"male","Austrian",-1,-3,2,5,2,33,31,-19,66,85,8
"7","702",2008,"male","Foreign",22,25,36,11,-3,4,7,5,44,39,0
"7","702",2008,"female","Austrian",8,-1,5,6,9,30,21,12,77,65,4
"7","702",2008,"female","Foreign",16,19,36,17,-3,1,4,8,40,32,0
"7","702",2009,"male","Austrian",6,-3,8,11,9,31,22,-12,76,88,3
"7","702",2009,"male","Foreign",12,12,38,26,0,3,3,8,44,36,3
"7","702",2009,"female","Austrian",6,2,6,4,4,27,23,-22,68,90,4
"7","702",2009,"female","Foreign",12,9,34,25,3,5,2,0,37,37,2
"7","702",2010,"male","Austrian",18,2,10,8,16,38,22,2,82,80,2
"7","702",2010,"male","Foreign",8,8,38,30,0,3,3,-14,29,43,2
"7","702",2010,"female","Austrian",13,-2,3,5,15,33,18,16,107,91,8
"7","702",2010,"female","Foreign",15,16,46,30,-1,4,5,3,46,43,3
"7","702",2011,"male","Austrian",29,1,7,6,28,44,16,4,72,68,8
"7","702",2011,"male","Foreign",19,19,48,29,0,3,3,11,44,33,4
"7","702",2011,"female","Austrian",9,-3,4,7,12,39,27,-15,68,83,9
"7","702",2011,"female","Foreign",26,27,52,25,-1,2,3,-1,41,42,6
"7","702",2012,"male","Austrian",-7,2,7,5,-9,22,31,10,80,70,4
"7","702",2012,"male","Foreign",2,-1,38,39,3,6,3,3,35,32,1
"7","702",2012,"female","Austrian",-2,-5,3,8,3,28,25,-1,76,77,4
"7","702",2012,"female","Foreign",17,16,42,26,1,8,7,3,44,41,0
"7","702",2013,"male","Austrian",11,-8,2,10,19,35,16,-18,75,93,2
"7","702",2013,"male","Foreign",29,28,59,31,1,4,3,3,44,41,2
"7","702",2013,"female","Austrian",13,1,8,7,12,26,14,-8,65,73,3
"7","702",2013,"female","Foreign",20,19,52,33,1,7,6,-26,30,56,2
"7","702",2014,"male","Austrian",-12,-5,5,10,-7,21,28,10,76,66,4
"7","702",2014,"male","Foreign",29,25,54,29,4,7,3,-2,45,47,1
"7","702",2014,"female","Austrian",-5,-7,4,11,2,25,23,6,79,73,3
"7","702",2014,"female","Foreign",34,31,58,27,3,5,2,0,47,47,0
"7","702",2015,"male","Austrian",12,-3,4,7,15,36,21,-10,61,71,4
"7","702",2015,"male","Foreign",22,13,49,36,9,12,3,-22,46,68,4
"7","702",2015,"female","Austrian",10,-5,3,8,15,33,18,-27,57,84,10
"7","702",2015,"female","Foreign",28,24,60,36,4,8,4,-10,39,49,6
"7","702",2016,"male","Austrian",-2,-3,5,8,1,19,18,-24,51,75,1
"7","702",2016,"male","Foreign",7,10,56,46,-3,6,9,-25,48,73,1
"7","702",2016,"female","Austrian",13,1,11,10,12,38,26,-2,80,82,6
"7","702",2016,"female","Foreign",-4,-8,48,56,4,7,3,-4,51,55,2
"7","702",2017,"male","Austrian",-6,-6,7,13,0,27,27,-9,69,78,4
"7","702",2017,"male","Foreign",29,25,51,26,4,7,3,-5,41,46,0
"7","702",2017,"female","Austrian",-19,-12,7,19,-7,18,25,3,76,73,2
"7","702",2017,"female","Foreign",22,22,48,26,0,5,5,6,46,40,0
"7","702",2018,"male","Austrian",-4,-5,8,13,1,25,24,-18,64,82,6
"7","702",2018,"male","Foreign",6,7,47,40,-1,4,5,-6,41,47,2
"7","702",2018,"female","Austrian",1,-3,3,6,4,29,25,-29,57,86,8
"7","702",2018,"female","Foreign",9,7,46,39,2,6,4,-2,50,52,1
"7","702",2019,"male","Austrian",17,2,4,2,15,25,10,-12,67,79,9
"7","702",2019,"male","Foreign",19,18,55,37,1,5,4,5,61,56,1
"7","702",2019,"female","Austrian",-13,-5,1,6,-8,21,29,-24,84,108,7
"7","702",2019,"female","Foreign",19,22,50,28,-3,3,6,-8,59,67,3
"7","702",2020,"male","Austrian",2,-3,7,10,5,24,19,-18,65,83,9
"7","702",2020,"male","Foreign",3,3,34,31,0,4,4,-15,46,61,3
"7","702",2020,"female","Austrian",-10,-4,4,8,-6,21,27,-13,85,98,4
"7","702",2020,"female","Foreign",14,15,51,36,-1,5,6,-18,39,57,3
"7","702",2021,"male","Austrian",-12,-9,8,17,-3,19,22,0,70,70,9
"7","702",2021,"male","Foreign",3,7,41,34,-4,5,9,-10,40,50,3
"7","702",2021,"female","Austrian",-2,-1,4,5,-1,28,29,-19,76,95,8
"7","702",2021,"female","Foreign",-11,-9,38,47,-2,7,9,-1,57,58,2
"7","702",2022,"male","Austrian",-4,-1,8,9,-3,23,26,-13,74,87,3
"7","702",2022,"male","Foreign",37,34,70,36,3,10,7,-8,59,67,2
"7","702",2022,"female","Austrian",6,1,5,4,5,27,22,-48,62,110,7
"7","702",2022,"female","Foreign",38,40,81,41,-2,3,5,0,64,64,3
"7","702",2023,"male","Austrian",-9,-6,4,10,-3,18,21,1,58,57,4
"7","702",2023,"male","Foreign",18,18,44,26,0,5,5,-6,40,46,2
"7","702",2023,"female","Austrian",0,-1,2,3,1,21,20,-20,52,72,5
"7","702",2023,"female","Foreign",12,13,41,28,-1,5,6,0,60,60,0
"7","703",2007,"male","Austrian",13,-7,6,13,20,45,25,21,116,95,4
"7","703",2007,"male","Foreign",34,32,51,19,2,4,2,-20,54,74,1
"7","703",2007,"female","Austrian",25,-1,9,10,26,52,26,30,130,100,7
"7","703",2007,"female","Foreign",31,32,40,8,-1,5,6,5,55,50,2
"7","703",2008,"male","Austrian",24,-5,7,12,29,58,29,-38,85,123,3
"7","703",2008,"male","Foreign",20,14,42,28,6,8,2,-27,49,76,0
"7","703",2008,"female","Austrian",10,-10,1,11,20,57,37,-22,105,127,8
"7","703",2008,"female","Foreign",38,34,59,25,4,6,2,2,52,50,0
"7","703",2009,"male","Austrian",37,1,11,10,36,60,24,-4,115,119,10
"7","703",2009,"male","Foreign",13,17,59,42,-4,5,9,-7,64,71,5
"7","703",2009,"female","Austrian",17,-7,3,10,24,54,30,-7,107,114,10
"7","703",2009,"female","Foreign",28,32,63,31,-4,5,9,-21,52,73,1
"7","703",2010,"male","Austrian",3,-2,9,11,5,50,45,24,132,108,2
"7","703",2010,"male","Foreign",-8,-8,35,43,0,7,7,-4,56,60,0
"7","703",2010,"female","Austrian",9,-7,7,14,16,54,38,3,127,124,4
"7","703",2010,"female","Foreign",22,14,42,28,8,12,4,-18,53,71,0
"7","703",2011,"male","Austrian",19,-10,6,16,29,63,34,-31,112,143,7
"7","703",2011,"male","Foreign",12,16,52,36,-4,4,8,5,59,54,0
"7","703",2011,"female","Austrian",21,-7,2,9,28,76,48,-22,130,152,2
"7","703",2011,"female","Foreign",20,19,63,44,1,9,8,10,70,60,2
"7","703",2012,"male","Austrian",10,-4,6,10,14,64,50,1,109,108,5
"7","703",2012,"male","Foreign",20,19,60,41,1,12,11,24,71,47,1
"7","703",2012,"female","Austrian",19,3,11,8,16,51,35,17,130,113,5
"7","703",2012,"female","Foreign",44,41,71,30,3,8,5,-15,56,71,0
"7","703",2013,"male","Austrian",24,-7,9,16,31,59,28,-3,118,121,8
"7","703",2013,"male","Foreign",48,41,77,36,7,10,3,12,80,68,3
"7","703",2013,"female","Austrian",18,-3,10,13,21,60,39,22,149,127,10
"7","703",2013,"female","Foreign",39,35,76,41,4,14,10,4,86,82,8
"7","703",2014,"male","Austrian",30,-4,14,18,34,70,36,-3,122,125,5
"7","703",2014,"male","Foreign",30,30,83,53,0,13,13,-5,77,82,4
"7","703",2014,"female","Austrian",9,-7,7,14,16,65,49,-13,126,139,9
"7","703",2014,"female","Foreign",48,45,93,48,3,14,11,-31,71,102,6
"7","703",2015,"male","Austrian",2,0,15,15,2,54,52,-29,115,144,8
"7","703",2015,"male","Foreign",44,33,102,69,11,22,11,16,89,73,1
"7","703",2015,"female","Austrian",-1,-6,4,10,5,51,46,-32,132,164,3
"7","703",2015,"female","Foreign",28,28,87,59,0,4,4,-4,75,79,5
"7","703",2016,"male","Austrian",4,-7,9,16,11,59,48,1,123,122,4
"7","703",2016,"male","Foreign",121,108,173,65,13,30,17,-137,126,263,3
"7","703",2016,"female","Austrian",16,0,10,10,16,52,36,-33,82,115,3
"7","703",2016,"female","Foreign",73,71,123,52,2,13,11,-47,100,147,3
"7","703",2017,"male","Austrian",0,-4,17,21,4,52,48,-39,125,164,2
"7","703",2017,"male","Foreign",46,42,93,51,4,25,21,89,204,115,7
"7","703",2017,"female","Austrian",-7,1,10,9,-8,40,48,-39,104,143,5
"7","703",2017,"female","Foreign",53,48,103,55,5,20,15,2,96,94,7
"7","703",2018,"male","Austrian",9,-1,19,20,10,56,46,-29,144,173,7
"7","703",2018,"male","Foreign",15,19,69,50,-4,8,12,-94,113,207,1
"7","703",2018,"female","Austrian",22,-2,8,10,24,60,36,-10,131,141,9
"7","703",2018,"female","Foreign",17,21,79,58,-4,8,12,-26,80,106,4
"7","703",2019,"male","Austrian",11,-8,14,22,19,47,28,-43,117,160,3
"7","703",2019,"male","Foreign",30,30,85,55,0,7,7,-7,87,94,3
"7","703",2019,"female","Austrian",15,-2,8,10,17,44,27,-34,113,147,6
"7","703",2019,"female","Foreign",37,41,93,52,-4,6,10,-19,82,101,6
"7","703",2020,"male","Austrian",3,-1,10,11,4,50,46,14,137,123,7
"7","703",2020,"male","Foreign",11,13,70,57,-2,5,7,12,82,70,15
"7","703",2020,"female","Austrian",-1,-5,5,10,4,57,53,1,141,140,7
"7","703",2020,"female","Foreign",14,21,74,53,-7,7,14,-6,87,93,9
"7","703",2021,"male","Austrian",24,-1,13,14,25,62,37,-25,105,130,5
"7","703",2021,"male","Foreign",16,19,73,54,-3,8,11,-14,91,105,6
"7","703",2021,"female","Austrian",3,2,15,13,1,51,50,-47,91,138,3
"7","703",2021,"female","Foreign",17,18,77,59,-1,8,9,-8,88,96,5
"7","703",2022,"male","Austrian",0,1,12,11,-1,54,55,-28,85,113,0
"7","703",2022,"male","Foreign",32,38,107,69,-6,7,13,-17,101,118,1
"7","703",2022,"female","Austrian",-16,-7,8,15,-9,32,41,-55,76,131,3
"7","703",2022,"female","Foreign",65,70,143,73,-5,10,15,-24,98,122,3
"7","703",2023,"male","Austrian",-15,3,17,14,-18,31,49,-17,104,121,7
"7","703",2023,"male","Foreign",11,11,66,55,0,6,6,6,98,92,5
"7","703",2023,"female","Austrian",-28,-7,8,15,-21,28,49,1,118,117,5
"7","703",2023,"female","Foreign",20,27,71,44,-7,7,14,7,103,96,2
"7","704",2007,"male","Austrian",5,-23,14,37,28,99,71,-42,227,269,22
"7","704",2007,"male","Foreign",24,23,138,115,1,13,12,-27,144,171,5
"7","704",2007,"female","Austrian",26,-10,14,24,36,116,80,-53,225,278,20
"7","704",2007,"female","Foreign",112,117,218,101,-5,17,22,-6,154,160,11
"7","704",2008,"male","Austrian",-1,-18,19,37,17,97,80,-35,214,249,21
"7","704",2008,"male","Foreign",33,27,173,146,6,18,12,-9,140,149,9
"7","704",2008,"female","Austrian",18,-15,11,26,33,113,80,-60,224,284,22
"7","704",2008,"female","Foreign",52,47,220,173,5,22,17,-10,150,160,9
"7","704",2009,"male","Austrian",55,-5,20,25,60,131,71,-19,224,243,11
"7","704",2009,"male","Foreign",47,42,161,119,5,17,12,7,174,167,8
"7","704",2009,"female","Austrian",54,-3,13,16,57,142,85,-14,253,267,23
"7","704",2009,"female","Foreign",75,78,237,159,-3,13,16,-57,108,165,12
"7","704",2010,"male","Austrian",14,-13,20,33,27,105,78,-54,222,276,19
"7","704",2010,"male","Foreign",56,38,194,156,18,27,9,-55,148,203,6
"7","704",2010,"female","Austrian",14,-16,10,26,30,109,79,-19,232,251,26
"7","704",2010,"female","Foreign",70,59,239,180,11,19,8,-59,116,175,10
"7","704",2011,"male","Austrian",21,-6,16,22,27,115,88,-43,200,243,22
"7","704",2011,"male","Foreign",27,23,194,171,4,29,25,-18,154,172,7
"7","704",2011,"female","Austrian",55,2,15,13,53,129,76,-25,251,276,25
"7","704",2011,"female","Foreign",64,58,245,187,6,20,14,-36,163,199,12
"7","704",2012,"male","Austrian",42,-16,19,35,58,119,61,-48,204,252,20
"7","704",2012,"male","Foreign",97,96,247,151,1,16,15,-40,149,189,7
"7","704",2012,"female","Austrian",38,-8,14,22,46,121,75,-47,258,305,18
"7","704",2012,"female","Foreign",77,71,244,173,6,22,16,-21,166,187,6
"7","704",2013,"male","Austrian",4,-9,21,30,13,102,89,-38,236,274,19
"7","704",2013,"male","Foreign",87,77,230,153,10,23,13,-8,173,181,9
"7","704",2013,"female","Austrian",1,-12,10,22,13,102,89,-20,228,248,26
"7","704",2013,"female","Foreign",63,65,259,194,-2,15,17,-7,190,197,11
"7","704",2014,"male","Austrian",31,-9,17,26,40,117,77,-25,205,230,18
"7","704",2014,"male","Foreign",87,86,257,171,1,29,28,29,223,194,13
"7","704",2014,"female","Austrian",22,-12,17,29,34,123,89,-35,230,265,16
"7","704",2014,"female","Foreign",120,112,294,182,8,26,18,-20,203,223,13
"7","704",2015,"male","Austrian",1,-21,17,38,22,104,82,-36,234,270,14
"7","704",2015,"male","Foreign",233,214,386,172,19,31,12,20,265,245,11
"7","704",2015,"female","Austrian",38,-3,14,17,41,116,75,-10,262,272,18
"7","704",2015,"female","Foreign",144,151,375,224,-7,11,18,-55,190,245,17
"7","704",2016,"male","Austrian",-2,-4,19,23,2,100,98,-35,219,254,7
"7","704",2016,"male","Foreign",109,64,263,199,45,62,17,-24,337,361,14
"7","704",2016,"female","Austrian",5,-2,11,13,7,96,89,-61,225,286,21
"7","704",2016,"female","Foreign",78,75,290,215,3,27,24,-43,229,272,17
"7","704",2017,"male","Austrian",29,1,25,24,28,104,76,-8,240,248,21
"7","704",2017,"male","Foreign",79,75,261,186,4,21,17,-151,253,404,14
"7","704",2017,"female","Austrian",26,-4,16,20,30,110,80,-11,259,270,28
"7","704",2017,"female","Foreign",90,83,327,244,7,21,14,-59,210,269,16
"7","704",2018,"male","Austrian",13,-5,24,29,18,95,77,-21,245,266,19
"7","704",2018,"male","Foreign",7,9,223,214,-2,23,25,-32,225,257,10
"7","704",2018,"female","Austrian",23,-1,15,16,24,103,79,-4,264,268,24
"7","704",2018,"female","Foreign",66,66,271,205,0,25,25,-52,173,225,14
"7","704",2019,"male","Austrian",13,-6,15,21,19,87,68,-48,213,261,13
"7","704",2019,"male","Foreign",47,61,271,210,-14,22,36,-64,204,268,7
"7","704",2019,"female","Austrian",12,-7,14,21,19,95,76,-11,248,259,14
"7","704",2019,"female","Foreign",17,31,249,218,-14,15,29,-46,195,241,12
"7","704",2020,"male","Austrian",-3,-4,19,23,1,91,90,-40,245,285,21
"7","704",2020,"male","Foreign",48,51,222,171,-3,25,28,-76,213,289,9
"7","704",2020,"female","Austrian",28,-5,12,17,33,106,73,-64,262,326,25
"7","704",2020,"female","Foreign",65,79,204,125,-14,18,32,-64,181,245,9
"7","704",2021,"male","Austrian",5,7,16,9,-2,79,81,-49,221,270,16
"7","704",2021,"male","Foreign",49,27,182,155,22,43,21,-97,180,277,10
"7","704",2021,"female","Austrian",25,2,10,8,23,99,76,-74,227,301,14
"7","704",2021,"female","Foreign",68,74,218,144,-6,22,28,-36,197,233,9
"7","704",2022,"male","Austrian",-8,-8,13,21,0,78,78,-60,228,288,17
"7","704",2022,"male","Foreign",192,188,357,169,4,36,32,-56,259,315,10
"7","704",2022,"female","Austrian",-18,-12,13,25,-6,85,91,-50,220,270,20
"7","704",2022,"female","Foreign",233,228,440,212,5,34,29,-25,302,327,20
"7","704",2023,"male","Austrian",-4,-11,14,25,7,70,63,-74,185,259,14
"7","704",2023,"male","Foreign",94,76,252,176,18,40,22,-57,251,308,12
"7","704",2023,"female","Austrian",-3,-8,6,14,5,83,78,-17,248,265,16
"7","704",2023,"female","Foreign",82,74,248,174,8,26,18,-67,259,326,18
"7","705",2007,"male","Austrian",2,-18,15,33,20,73,53,-32,177,209,15
"7","705",2007,"male","Foreign",58,53,140,87,5,21,16,0,166,166,10
"7","705",2007,"female","Austrian",24,-21,6,27,45,94,49,-16,189,205,7
"7","705",2007,"female","Foreign",73,70,137,67,3,14,11,-18,130,148,5
"7","705",2008,"male","Austrian",12,-6,20,26,18,81,63,-65,173,238,10
"7","705",2008,"male","Foreign",-5,1,121,120,-6,18,24,-16,181,197,5
"7","705",2008,"female","Austrian",9,-7,13,20,16,84,68,-65,185,250,13
"7","705",2008,"female","Foreign",34,46,131,85,-12,15,27,-49,138,187,5
"7","705",2009,"male","Austrian",43,-5,21,26,48,94,46,-43,205,248,12
"7","705",2009,"male","Foreign",-1,-5,125,130,4,20,16,-32,187,219,9
"7","705",2009,"female","Austrian",3,-10,14,24,13,81,68,-61,179,240,8
"7","705",2009,"female","Foreign",45,38,134,96,7,15,8,-7,171,178,8
"7","705",2010,"male","Austrian",52,0,27,27,52,111,59,-59,202,261,12
"7","705",2010,"male","Foreign",30,25,135,110,5,15,10,-94,156,250,8
"7","705",2010,"female","Austrian",29,-2,16,18,31,110,79,-34,199,233,10
"7","705",2010,"female","Foreign",32,43,129,86,-11,15,26,-75,151,226,9
"7","705",2011,"male","Austrian",6,-7,19,26,13,88,75,-34,187,221,12
"7","705",2011,"male","Foreign",37,34,132,98,3,15,12,-29,140,169,9
"7","705",2011,"female","Austrian",29,0,9,9,29,118,89,-57,186,243,9
"7","705",2011,"female","Foreign",54,47,133,86,7,22,15,-70,103,173,12
"7","705",2012,"male","Austrian",41,-6,18,24,47,98,51,-68,196,264,12
"7","705",2012,"male","Foreign",48,45,164,119,3,16,13,-8,150,158,8
"7","705",2012,"female","Austrian",27,-11,12,23,38,117,79,-61,207,268,18
"7","705",2012,"female","Foreign",90,79,181,102,11,22,11,-75,136,211,8
"7","705",2013,"male","Austrian",36,-5,23,28,41,106,65,3,243,240,13
"7","705",2013,"male","Foreign",80,62,159,97,18,29,11,-8,193,201,11
"7","705",2013,"female","Austrian",27,-1,17,18,28,108,80,-9,211,220,4
"7","705",2013,"female","Foreign",76,64,162,98,12,23,11,-17,152,169,10
"7","705",2014,"male","Austrian",3,-9,22,31,12,82,70,-60,181,241,10
"7","705",2014,"male","Foreign",61,52,173,121,9,38,29,-12,206,218,9
"7","705",2014,"female","Austrian",20,-4,21,25,24,97,73,-30,198,228,16
"7","705",2014,"female","Foreign",117,113,202,89,4,18,14,-1,176,177,4
"7","705",2015,"male","Austrian",28,1,21,20,27,92,65,-45,191,236,13
"7","705",2015,"male","Foreign",90,85,183,98,5,21,16,8,235,227,3
"7","705",2015,"female","Austrian",20,-5,13,18,25,96,71,-53,196,249,14
"7","705",2015,"female","Foreign",91,90,193,103,1,17,16,-29,162,191,7
"7","705",2016,"male","Austrian",5,-8,18,26,13,85,72,-47,212,259,10
"7","705",2016,"male","Foreign",90,51,174,123,39,57,18,-4,280,284,7
"7","705",2016,"female","Austrian",18,-13,14,27,31,98,67,-40,222,262,13
"7","705",2016,"female","Foreign",113,94,187,93,19,35,16,-55,190,245,7
"7","705",2017,"male","Austrian",45,-9,15,24,54,106,52,-51,190,241,9
"7","705",2017,"male","Foreign",58,40,168,128,18,44,26,-22,261,283,19
"7","705",2017,"female","Austrian",28,-11,10,21,39,102,63,-48,207,255,12
"7","705",2017,"female","Foreign",52,45,156,111,7,27,20,-37,175,212,18
"7","705",2018,"male","Austrian",26,-10,12,22,36,93,57,-86,174,260,12
"7","705",2018,"male","Foreign",22,7,120,113,15,38,23,-19,270,289,13
"7","705",2018,"female","Austrian",18,-14,7,21,32,90,58,-44,198,242,15
"7","705",2018,"female","Foreign",67,51,164,113,16,32,16,-12,231,243,14
"7","705",2019,"male","Austrian",12,-2,15,17,14,86,72,-48,213,261,15
"7","705",2019,"male","Foreign",34,32,140,108,2,24,22,-84,217,301,14
"7","705",2019,"female","Austrian",11,5,23,18,6,95,89,-49,216,265,11
"7","705",2019,"female","Foreign",5,10,137,127,-5,18,23,-84,161,245,4
"7","705",2020,"male","Austrian",8,-1,14,15,9,87,78,-24,213,237,8
"7","705",2020,"male","Foreign",33,25,109,84,8,29,21,-42,201,243,6
"7","705",2020,"female","Austrian",33,-2,8,10,35,103,68,-89,210,299,12
"7","705",2020,"female","Foreign",35,41,148,107,-6,16,22,-68,155,223,3
"7","705",2021,"male","Austrian",1,-6,9,15,7,77,70,-78,177,255,10
"7","705",2021,"male","Foreign",80,43,131,88,37,60,23,-45,249,294,10
"7","705",2021,"female","Austrian",12,-6,10,16,18,100,82,-106,170,276,10
"7","705",2021,"female","Foreign",27,22,128,106,5,19,14,-59,168,227,7
"7","705",2022,"male","Austrian",12,0,19,19,12,68,56,-87,160,247,7
"7","705",2022,"male","Foreign",175,115,207,92,60,88,28,-122,263,385,14
"7","705",2022,"female","Austrian",3,-7,15,22,10,75,65,-64,179,243,12
"7","705",2022,"female","Foreign",193,172,260,88,21,35,14,-80,177,257,5
"7","705",2023,"male","Austrian",-2,-5,13,18,3,65,62,-70,125,195,15
"7","705",2023,"male","Foreign",128,57,153,96,71,106,35,-54,320,374,6
"7","705",2023,"female","Austrian",-2,-8,9,17,6,82,76,-46,163,209,11
"7","705",2023,"female","Foreign",41,29,163,134,12,26,14,-1,234,235,12
"7","799",2007,"male","Austrian",-22,-10,0,10,-12,5,17,-78,2,80,0
"7","799",2007,"male","Foreign",-13,-14,1,15,1,1,0,-47,2,49,0
"7","799",2007,"female","Austrian",-13,-13,0,13,0,16,16,-80,2,82,0
"7","799",2007,"female","Foreign",-21,-21,1,22,0,0,0,-35,2,37,0
"7","799",2008,"male","Austrian",-12,-2,0,2,-10,1,11,-15,2,17,0
"7","799",2008,"male","Foreign",-5,-2,0,2,-3,0,3,-6,3,9,0
"7","799",2008,"female","Austrian",-8,1,1,0,-9,5,14,-16,3,19,0
"7","799",2008,"female","Foreign",0,0,0,0,0,1,1,-8,0,8,0
"7","799",2009,"male","Austrian",-6,-2,0,2,-4,2,6,-7,2,9,0
"7","799",2009,"male","Foreign",1,1,2,1,0,0,0,-11,0,11,0
"7","799",2009,"female","Austrian",-6,-1,0,1,-5,0,5,-16,3,19,0
"7","799",2009,"female","Foreign",-1,0,0,0,-1,0,1,-9,0,9,0
"7","799",2010,"male","Austrian",-3,0,0,0,-3,0,3,-6,2,8,0
"7","799",2010,"male","Foreign",-2,-1,0,1,-1,0,1,-7,0,7,0
"7","799",2010,"female","Austrian",-4,0,0,0,-4,2,6,-6,2,8,0
"7","799",2010,"female","Foreign",-1,-1,0,1,0,0,0,-4,0,4,0
"7","799",2011,"male","Austrian",-4,-1,0,1,-3,0,3,-6,0,6,0
"7","799",2011,"male","Foreign",-2,-2,0,2,0,0,0,-2,1,3,0
"7","799",2011,"female","Austrian",0,0,0,0,0,0,0,-9,0,9,0
"7","799",2011,"female","Foreign",0,0,0,0,0,0,0,-6,1,7,0
"7","799",2012,"male","Austrian",-3,0,0,0,-3,0,3,-6,0,6,0
"7","799",2012,"male","Foreign",0,0,0,0,0,1,1,-5,0,5,0
"7","799",2012,"female","Austrian",0,0,0,0,0,0,0,-11,0,11,0
"7","799",2012,"female","Foreign",-2,-1,0,1,-1,1,2,-2,1,3,0
"7","799",2013,"male","Austrian",0,0,0,0,0,0,0,-5,0,5,0
"7","799",2013,"male","Foreign",-2,-2,0,2,0,0,0,-2,0,2,0
"7","799",2013,"female","Austrian",-6,-1,0,1,-5,0,5,-8,0,8,0
"7","799",2013,"female","Foreign",0,0,0,0,0,0,0,-4,0,4,0
"7","799",2014,"male","Austrian",0,0,0,0,0,0,0,-2,1,3,0
"7","799",2014,"male","Foreign",0,0,0,0,0,0,0,4,5,1,0
"7","799",2014,"female","Austrian",-1,0,0,0,-1,0,1,0,1,1,0
"7","799",2014,"female","Foreign",2,2,2,0,0,0,0,5,6,1,0
"7","799",2015,"male","Austrian",-1,0,0,0,-1,0,1,-3,0,3,0
"7","799",2015,"male","Foreign",1,1,1,0,0,0,0,0,0,0,0
"7","799",2015,"female","Austrian",0,0,0,0,0,1,1,-9,0,9,0
"7","799",2015,"female","Foreign",-1,-1,0,1,0,0,0,0,0,0,0
"7","799",2016,"male","Austrian",0,0,0,0,0,0,0,2,4,2,0
"7","799",2016,"male","Foreign",1,0,0,0,1,2,1,0,1,1,0
"7","799",2016,"female","Austrian",-2,0,0,0,-2,0,2,-1,0,1,0
"7","799",2016,"female","Foreign",2,1,1,0,1,1,0,0,0,0,0
"7","799",2017,"male","Austrian",-1,0,0,0,-1,0,1,-3,1,4,0
"7","799",2017,"male","Foreign",0,0,0,0,0,0,0,0,0,0,0
"7","799",2017,"female","Austrian",-1,-1,0,1,0,0,0,-1,0,1,0
"7","799",2017,"female","Foreign",-1,-1,0,1,0,0,0,-1,0,1,0
"7","799",2018,"male","Austrian",-2,-1,0,1,-1,0,1,-3,1,4,0
"7","799",2018,"male","Foreign",0,-1,0,1,1,1,0,-2,0,2,0
"7","799",2018,"female","Austrian",-1,0,0,0,-1,0,1,-5,0,5,0
"7","799",2018,"female","Foreign",0,0,0,0,0,0,0,0,0,0,0
"7","799",2019,"male","Austrian",0,0,0,0,0,0,0,0,0,0,0
"7","799",2019,"male","Foreign",0,0,0,0,0,0,0,0,0,0,0
"7","799",2019,"female","Austrian",0,0,0,0,0,0,0,0,0,0,0
"7","799",2019,"female","Foreign",0,0,0,0,0,0,0,0,0,0,0
"7","799",2020,"male","Austrian",0,0,0,0,0,0,0,0,0,0,0
"7","799",2020,"male","Foreign",0,0,0,0,0,0,0,0,0,0,0
"7","799",2020,"female","Austrian",0,0,0,0,0,0,0,0,0,0,0
"7","799",2020,"female","Foreign",1,1,1,0,0,0,0,0,0,0,0
"7","799",2021,"male","Austrian",0,0,0,0,0,0,0,0,0,0,0
"7","799",2021,"male","Foreign",1,1,1,0,0,0,0,0,0,0,0
"7","799",2021,"female","Austrian",0,0,0,0,0,0,0,0,0,0,0
"7","799",2021,"female","Foreign",0,0,0,0,0,0,0,0,0,0,0
"7","799",2022,"male","Austrian",0,0,0,0,0,0,0,0,0,0,0
"7","799",2022,"male","Foreign",0,0,0,0,0,0,0,0,0,0,0
"7","799",2022,"female","Austrian",0,0,0,0,0,0,0,0,0,0,0
"7","799",2022,"female","Foreign",0,0,0,0,0,0,0,1,1,0,0
"7","799",2023,"male","Austrian",0,0,0,0,0,0,0,0,0,0,0
"7","799",2023,"male","Foreign",0,0,0,0,0,0,0,0,0,0,0
"7","799",2023,"female","Austrian",0,0,0,0,0,0,0,0,0,0,0
"7","799",2023,"female","Foreign",0,0,0,0,0,0,0,0,0,0,0
"8","801",2007,"male","Austrian",-41,65,119,54,-106,66,172,6,309,303,5
"8","801",2007,"male","Foreign",128,417,686,269,-289,166,455,-49,563,612,2
"8","801",2007,"female","Austrian",10,0,16,16,10,65,55,-12,131,143,4
"8","801",2007,"female","Foreign",54,69,114,45,-15,6,21,-14,60,74,3
"8","801",2008,"male","Austrian",-36,36,111,75,-72,70,142,12,281,269,11
"8","801",2008,"male","Foreign",55,384,609,225,-329,142,471,-92,456,548,4
"8","801",2008,"female","Austrian",-12,4,25,21,-16,51,67,-16,128,144,9
"8","801",2008,"female","Foreign",38,61,128,67,-23,8,31,-22,56,78,4
"8","801",2009,"male","Austrian",16,65,124,59,-49,82,131,5,281,276,6
"8","801",2009,"male","Foreign",272,552,808,256,-280,178,458,-114,597,711,2
"8","801",2009,"female","Austrian",-5,-10,18,28,5,53,48,-12,135,147,5
"8","801",2009,"female","Foreign",43,73,143,70,-30,11,41,-6,76,82,3
"8","801",2010,"male","Austrian",-15,60,123,63,-75,95,170,20,330,310,10
"8","801",2010,"male","Foreign",273,641,903,262,-368,179,547,-248,599,847,1
"8","801",2010,"female","Austrian",18,7,23,16,11,70,59,-12,149,161,14
"8","801",2010,"female","Foreign",24,63,142,79,-39,13,52,-20,83,103,2
"8","801",2011,"male","Austrian",2,54,117,63,-52,83,135,-4,278,282,11
"8","801",2011,"male","Foreign",230,663,923,260,-433,211,644,-227,496,723,5
"8","801",2011,"female","Austrian",10,-3,17,20,13,65,52,-6,151,157,9
"8","801",2011,"female","Foreign",46,88,167,79,-42,12,54,-22,72,94,5
"8","801",2012,"male","Austrian",36,66,115,49,-30,98,128,-19,248,267,12
"8","801",2012,"male","Foreign",152,680,977,297,-528,132,660,-133,454,587,1
"8","801",2012,"female","Austrian",0,-2,12,14,2,61,59,-21,121,142,8
"8","801",2012,"female","Foreign",49,96,181,85,-47,17,64,-16,96,112,1
"8","801",2013,"male","Austrian",-9,56,96,40,-65,69,134,-5,230,235,11
"8","801",2013,"male","Foreign",192,818,1096,278,-626,169,795,-84,462,546,5
"8","801",2013,"female","Austrian",26,2,17,15,24,71,47,-12,134,146,10
"8","801",2013,"female","Foreign",37,78,169,91,-41,16,57,-17,93,110,4
"8","801",2014,"male","Austrian",7,70,102,32,-63,59,122,-27,227,254,5
"8","801",2014,"male","Foreign",55,845,1182,337,-790,151,941,27,391,364,0
"8","801",2014,"female","Austrian",13,-4,17,21,17,71,54,-25,136,161,7
"8","801",2014,"female","Foreign",39,79,199,120,-40,12,52,-8,110,118,4
"8","801",2015,"male","Austrian",18,55,88,33,-37,69,106,-65,204,269,7
"8","801",2015,"male","Foreign",-19,744,1148,404,-763,164,927,1,386,385,3
"8","801",2015,"female","Austrian",-5,0,17,17,-5,41,46,-33,119,152,7
"8","801",2015,"female","Foreign",75,113,209,96,-38,23,61,-47,93,140,4
"8","801",2016,"male","Austrian",-7,52,85,33,-59,62,121,0,201,201,4
"8","801",2016,"male","Foreign",82,742,1061,319,-660,246,906,-21,380,401,3
"8","801",2016,"female","Austrian",2,13,29,16,-11,54,65,3,147,144,9
"8","801",2016,"female","Foreign",63,79,187,108,-16,26,42,-17,102,119,3
"8","801",2017,"male","Austrian",-9,46,84,38,-55,60,115,8,225,217,3
"8","801",2017,"male","Foreign",12,775,1080,305,-763,214,977,-1,403,404,9
"8","801",2017,"female","Austrian",9,-1,14,15,10,51,41,-9,134,143,3
"8","801",2017,"female","Foreign",21,32,146,114,-11,24,35,-16,110,126,7
"8","801",2018,"male","Austrian",-4,48,82,34,-52,57,109,-49,189,238,7
"8","801",2018,"male","Foreign",105,834,1090,256,-729,153,882,-100,329,429,4
"8","801",2018,"female","Austrian",2,4,19,15,-2,45,47,-37,129,166,9
"8","801",2018,"female","Foreign",54,74,191,117,-20,25,45,-38,92,130,3
"8","801",2019,"male","Austrian",-6,51,73,22,-57,60,117,-13,229,242,6
"8","801",2019,"male","Foreign",-3,763,1018,255,-766,77,843,-92,293,385,3
"8","801",2019,"female","Austrian",-19,1,15,14,-20,38,58,-7,141,148,7
"8","801",2019,"female","Foreign",53,83,179,96,-30,16,46,-47,87,134,3
"8","801",2020,"male","Austrian",-18,37,61,24,-55,53,108,-33,203,236,2
"8","801",2020,"male","Foreign",81,578,762,184,-497,97,594,-150,230,380,3
"8","801",2020,"female","Austrian",-25,0,10,10,-25,35,60,-46,105,151,3
"8","801",2020,"female","Foreign",26,34,132,98,-8,14,22,-19,111,130,3
"8","801",2021,"male","Austrian",-16,32,57,25,-48,52,100,-1,200,201,9
"8","801",2021,"male","Foreign",197,580,799,219,-383,84,467,-163,230,393,7
"8","801",2021,"female","Austrian",-15,-1,5,6,-14,42,56,0,131,131,5
"8","801",2021,"female","Foreign",41,43,117,74,-2,18,20,-32,102,134,4
"8","801",2022,"male","Austrian",-24,29,61,32,-53,45,98,-1,202,203,7
"8","801",2022,"male","Foreign",241,599,849,250,-358,90,448,-170,219,389,9
"8","801",2022,"female","Austrian",-13,7,22,15,-20,33,53,-26,111,137,6
"8","801",2022,"female","Foreign",88,117,194,77,-29,16,45,-42,104,146,8
"8","801",2023,"male","Austrian",-34,26,56,30,-60,51,111,2,209,207,7
"8","801",2023,"male","Foreign",132,543,811,268,-411,101,512,-110,240,350,7
"8","801",2023,"female","Austrian",-13,2,13,11,-15,31,46,-1,121,122,12
"8","801",2023,"female","Foreign",42,63,157,94,-21,20,41,-24,104,128,4
"8","802",2007,"male","Austrian",68,3,25,22,65,129,64,-59,197,256,29
"8","802",2007,"male","Foreign",88,83,190,107,5,15,10,-10,170,180,19
"8","802",2007,"female","Austrian",89,-7,23,30,96,185,89,-57,218,275,24
"8","802",2007,"female","Foreign",103,98,238,140,5,19,14,-11,158,169,17
"8","802",2008,"male","Austrian",17,-22,18,40,39,125,86,-48,207,255,29
"8","802",2008,"male","Foreign",99,91,231,140,8,17,9,-32,159,191,23
"8","802",2008,"female","Austrian",31,-14,9,23,45,158,113,-98,203,301,29
"8","802",2008,"female","Foreign",115,112,251,139,3,20,17,-37,127,164,17
"8","802",2009,"male","Austrian",2,-28,24,52,30,118,88,-62,211,273,29
"8","802",2009,"male","Foreign",6,-4,181,185,10,20,10,-131,131,262,17
"8","802",2009,"female","Austrian",-1,-37,7,44,36,143,107,-93,215,308,35
"8","802",2009,"female","Foreign",38,28,232,204,10,24,14,-75,142,217,30
"8","802",2010,"male","Austrian",21,-12,21,33,33,117,84,-60,248,308,25
"8","802",2010,"male","Foreign",-33,-33,161,194,0,11,11,-45,127,172,14
"8","802",2010,"female","Austrian",69,-14,19,33,83,171,88,-78,217,295,30
"8","802",2010,"female","Foreign",35,28,218,190,7,19,12,-33,151,184,16
"8","802",2011,"male","Austrian",69,2,26,24,67,141,74,-26,213,239,38
"8","802",2011,"male","Foreign",68,63,182,119,5,12,7,-34,138,172,11
"8","802",2011,"female","Austrian",44,-12,14,26,56,156,100,-55,213,268,37
"8","802",2011,"female","Foreign",90,93,252,159,-3,14,17,-57,147,204,22
"8","802",2012,"male","Austrian",92,-1,27,28,93,178,85,-50,208,258,17
"8","802",2012,"male","Foreign",121,109,241,132,12,21,9,-36,151,187,12
"8","802",2012,"female","Austrian",71,-15,12,27,86,195,109,-89,210,299,28
"8","802",2012,"female","Foreign",133,125,306,181,8,19,11,-41,170,211,10
"8","802",2013,"male","Austrian",36,-18,29,47,54,138,84,-59,220,279,31
"8","802",2013,"male","Foreign",75,72,248,176,3,11,8,-19,185,204,14
"8","802",2013,"female","Austrian",65,-1,24,25,66,166,100,-91,217,308,20
"8","802",2013,"female","Foreign",78,72,310,238,6,19,13,-2,213,215,17
"8","802",2014,"male","Austrian",39,-18,23,41,57,152,95,-61,221,282,34
"8","802",2014,"male","Foreign",85,97,278,181,-12,10,22,-33,185,218,21
"8","802",2014,"female","Austrian",40,0,30,30,40,147,107,-112,233,345,45
"8","802",2014,"female","Foreign",138,131,369,238,7,22,15,-64,178,242,21
"8","802",2015,"male","Austrian",49,-6,25,31,55,145,90,-59,229,288,35
"8","802",2015,"male","Foreign",181,153,335,182,28,52,24,-69,222,291,23
"8","802",2015,"female","Austrian",56,-9,20,29,65,171,106,-81,249,330,37
"8","802",2015,"female","Foreign",171,163,359,196,8,34,26,-63,210,273,21
"8","802",2016,"male","Austrian",21,-12,19,31,33,117,84,-72,218,290,40
"8","802",2016,"male","Foreign",180,164,359,195,16,35,19,-70,206,276,19
"8","802",2016,"female","Austrian",32,-18,17,35,50,148,98,-85,241,326,41
"8","802",2016,"female","Foreign",174,167,393,226,7,22,15,-67,209,276,28
"8","802",2017,"male","Austrian",58,4,22,18,54,129,75,-91,200,291,28
"8","802",2017,"male","Foreign",62,58,302,244,4,22,18,-31,232,263,20
"8","802",2017,"female","Austrian",25,3,19,16,22,142,120,-58,238,296,23
"8","802",2017,"female","Foreign",85,74,364,290,11,25,14,-57,234,291,33
"8","802",2018,"male","Austrian",31,-6,24,30,37,132,95,-58,182,240,34
"8","802",2018,"male","Foreign",53,49,280,231,4,28,24,-37,202,239,30
"8","802",2018,"female","Austrian",31,-11,10,21,42,133,91,-93,205,298,40
"8","802",2018,"female","Foreign",105,112,362,250,-7,18,25,-64,204,268,39
"8","802",2019,"male","Austrian",26,-7,27,34,33,123,90,-68,208,276,42
"8","802",2019,"male","Foreign",108,105,323,218,3,19,16,-69,224,293,47
"8","802",2019,"female","Austrian",19,-11,9,20,30,119,89,-121,205,326,35
"8","802",2019,"female","Foreign",34,34,314,280,0,18,18,-91,173,264,41
"8","802",2020,"male","Austrian",1,1,26,25,0,89,89,-105,200,305,35
"8","802",2020,"male","Foreign",-2,3,193,190,-5,13,18,-91,176,267,44
"8","802",2020,"female","Austrian",21,3,19,16,18,116,98,-41,230,271,56
"8","802",2020,"female","Foreign",11,6,207,201,5,24,19,-150,154,304,38
"8","802",2021,"male","Austrian",10,0,20,20,10,100,90,-53,214,267,44
"8","802",2021,"male","Foreign",70,69,237,168,1,20,19,-61,152,213,16
"8","802",2021,"female","Austrian",-6,-9,12,21,3,108,105,-78,210,288,35
"8","802",2021,"female","Foreign",121,124,289,165,-3,16,19,-51,206,257,13
"8","802",2022,"male","Austrian",-28,-15,21,36,-13,107,120,-106,173,279,27
"8","802",2022,"male","Foreign",186,183,369,186,3,26,23,-15,225,240,29
"8","802",2022,"female","Austrian",14,4,25,21,10,116,106,-81,185,266,31
"8","802",2022,"female","Foreign",335,327,538,211,8,36,28,-42,267,309,29
"8","802",2023,"male","Austrian",14,7,23,16,7,85,78,-66,175,241,27
"8","802",2023,"male","Foreign",10,11,248,237,-1,21,22,-69,191,260,32
"8","802",2023,"female","Austrian",-5,2,20,18,-7,91,98,-38,218,256,29
"8","802",2023,"female","Foreign",50,40,332,292,10,32,22,-72,223,295,34
"8","803",2007,"male","Austrian",-32,-29,36,65,-3,67,70,-33,183,216,21
"8","803",2007,"male","Foreign",38,36,108,72,2,13,11,-17,125,142,8
"8","803",2007,"female","Austrian",16,-6,11,17,22,93,71,-50,144,194,14
"8","803",2007,"female","Foreign",65,57,98,41,8,14,6,-32,96,128,6
"8","803",2008,"male","Austrian",21,-12,20,32,33,90,57,-67,151,218,26
"8","803",2008,"male","Foreign",22,16,107,91,6,21,15,-15,119,134,4
"8","803",2008,"female","Austrian",13,-8,11,19,21,83,62,-25,164,189,27
"8","803",2008,"female","Foreign",9,12,81,69,-3,16,19,-23,110,133,3
"8","803",2009,"male","Austrian",17,-37,16,53,54,104,50,-48,172,220,9
"8","803",2009,"male","Foreign",14,13,94,81,1,10,9,-27,117,144,3
"8","803",2009,"female","Austrian",26,-9,10,19,35,99,64,-104,146,250,8
"8","803",2009,"female","Foreign",48,42,94,52,6,17,11,-26,90,116,3
"8","803",2010,"male","Austrian",41,-11,22,33,52,106,54,-31,195,226,4
"8","803",2010,"male","Foreign",15,18,97,79,-3,12,15,-5,128,133,8
"8","803",2010,"female","Austrian",34,-14,10,24,48,101,53,-61,170,231,19
"8","803",2010,"female","Foreign",29,30,97,67,-1,15,16,1,126,125,9
"8","803",2011,"male","Austrian",2,-18,15,33,20,101,81,-34,185,219,19
"8","803",2011,"male","Foreign",40,37,133,96,3,17,14,-17,133,150,13
"8","803",2011,"female","Austrian",16,-15,6,21,31,104,73,-13,194,207,17
"8","803",2011,"female","Foreign",49,38,125,87,11,21,10,-30,140,170,11
"8","803",2012,"male","Austrian",48,11,26,15,37,94,57,-64,153,217,11
"8","803",2012,"male","Foreign",42,41,143,102,1,10,9,24,165,141,6
"8","803",2012,"female","Austrian",30,-2,12,14,32,108,76,-33,168,201,9
"8","803",2012,"female","Foreign",63,62,119,57,1,15,14,-19,113,132,10
"8","803",2013,"male","Austrian",35,13,34,21,22,83,61,-28,194,222,16
"8","803",2013,"male","Foreign",72,64,164,100,8,17,9,-16,154,170,13
"8","803",2013,"female","Austrian",22,0,12,12,22,87,65,-56,147,203,15
"8","803",2013,"female","Foreign",99,84,160,76,15,24,9,-18,141,159,11
"8","803",2014,"male","Austrian",-2,-9,28,37,7,93,86,-93,152,245,13
"8","803",2014,"male","Foreign",76,4,244,240,72,96,24,91,330,239,10
"8","803",2014,"female","Austrian",3,-8,9,17,11,93,82,-54,168,222,12
"8","803",2014,"female","Foreign",88,86,158,72,2,20,18,-24,158,182,9
"8","803",2015,"male","Austrian",70,35,58,23,35,93,58,-54,214,268,12
"8","803",2015,"male","Foreign",241,145,428,283,96,136,40,14,361,347,14
"8","803",2015,"female","Austrian",14,-10,18,28,24,98,74,-23,197,220,6
"8","803",2015,"female","Foreign",162,153,230,77,9,22,13,-70,155,225,12
"8","803",2016,"male","Austrian",36,6,44,38,30,99,69,-8,232,240,15
"8","803",2016,"male","Foreign",76,-107,350,457,183,246,63,59,512,453,21
"8","803",2016,"female","Austrian",24,-4,18,22,28,91,63,-6,206,212,20
"8","803",2016,"female","Foreign",57,49,147,98,8,23,15,-47,175,222,15
"8","803",2017,"male","Austrian",-22,5,47,42,-27,59,86,-43,205,248,13
"8","803",2017,"male","Foreign",-63,-351,374,725,288,407,119,125,638,513,23
"8","803",2017,"female","Austrian",40,-9,9,18,49,118,69,-37,180,217,11
"8","803",2017,"female","Foreign",76,66,157,91,10,25,15,-20,191,211,11
"8","803",2018,"male","Austrian",28,3,38,35,25,99,74,-70,219,289,9
"8","803",2018,"male","Foreign",-13,-199,385,584,186,307,121,6,560,554,27
"8","803",2018,"female","Austrian",-10,-8,11,19,-2,84,86,-36,188,224,19
"8","803",2018,"female","Foreign",30,22,140,118,8,27,19,-38,209,247,10
"8","803",2019,"male","Austrian",5,-5,34,39,10,67,57,-80,201,281,15
"8","803",2019,"male","Foreign",-81,-193,329,522,112,243,131,49,531,482,15
"8","803",2019,"female","Austrian",4,-4,14,18,8,75,67,-86,168,254,22
"8","803",2019,"female","Foreign",49,35,136,101,14,22,8,-46,221,267,6
"8","803",2020,"male","Austrian",31,12,39,27,19,83,64,-57,194,251,17
"8","803",2020,"male","Foreign",-70,-198,319,517,128,262,134,86,478,392,18
"8","803",2020,"female","Austrian",26,-1,12,13,27,90,63,-45,180,225,8
"8","803",2020,"female","Foreign",32,23,107,84,9,29,20,-55,184,239,12
"8","803",2021,"male","Austrian",-10,-10,29,39,0,78,78,-35,223,258,15
"8","803",2021,"male","Foreign",-73,-190,264,454,117,200,83,36,461,425,13
"8","803",2021,"female","Austrian",12,7,16,9,5,90,85,-55,183,238,15
"8","803",2021,"female","Foreign",50,15,118,103,35,45,10,-45,164,209,8
"8","803",2022,"male","Austrian",18,4,21,17,14,71,57,-34,206,240,17
"8","803",2022,"male","Foreign",20,-44,329,373,64,180,116,92,498,406,19
"8","803",2022,"female","Austrian",14,-5,8,13,19,85,66,-18,200,218,20
"8","803",2022,"female","Foreign",133,119,222,103,14,42,28,-19,193,212,16
"8","803",2023,"male","Austrian",34,13,32,19,21,73,52,-31,198,229,17
"8","803",2023,"male","Foreign",49,-68,336,404,117,182,65,-36,467,503,23
"8","803",2023,"female","Austrian",-6,-6,13,19,0,71,71,-64,158,222,13
"8","803",2023,"female","Foreign",120,86,200,114,34,60,26,-76,237,313,14
"8","899",2007,"male","Austrian",-15,-8,0,8,-7,0,7,-33,2,35,0
"8","899",2007,"male","Foreign",-11,-10,1,11,-1,0,1,-22,1,23,0
"8","899",2007,"female","Austrian",-12,-4,0,4,-8,2,10,-48,0,48,0
"8","899",2007,"female","Foreign",-11,-10,1,11,-1,0,1,-13,4,17,0
"8","899",2008,"male","Austrian",-3,0,0,0,-3,0,3,0,5,5,0
"8","899",2008,"male","Foreign",4,4,4,0,0,0,0,-2,2,4,0
"8","899",2008,"female","Austrian",1,0,0,0,1,2,1,-3,2,5,0
"8","899",2008,"female","Foreign",4,4,6,2,0,0,0,-3,1,4,0
"8","899",2009,"male","Austrian",-1,0,0,0,-1,0,1,-3,2,5,0
"8","899",2009,"male","Foreign",-1,-1,0,1,0,0,0,-3,0,3,0
"8","899",2009,"female","Austrian",-3,-2,0,2,-1,0,1,-1,1,2,0
"8","899",2009,"female","Foreign",-2,-2,0,2,0,0,0,-1,0,1,0
"8","899",2010,"male","Austrian",-1,-1,0,1,0,0,0,-3,0,3,0
"8","899",2010,"male","Foreign",-1,-1,0,1,0,0,0,-2,1,3,0
"8","899",2010,"female","Austrian",1,0,0,0,1,2,1,-1,1,2,0
"8","899",2010,"female","Foreign",-1,-1,0,1,0,0,0,-5,0,5,0
"8","899",2011,"male","Austrian",0,0,0,0,0,0,0,-3,0,3,0
"8","899",2011,"male","Foreign",0,0,0,0,0,0,0,0,0,0,0
"8","899",2011,"female","Austrian",0,0,0,0,0,0,0,-6,0,6,0
"8","899",2011,"female","Foreign",-3,-2,0,2,-1,0,1,-1,0,1,0
"8","899",2012,"male","Austrian",-2,-1,0,1,-1,0,1,0,1,1,0
"8","899",2012,"male","Foreign",0,0,0,0,0,0,0,-2,1,3,0
"8","899",2012,"female","Austrian",0,0,0,0,0,0,0,-1,0,1,0
"8","899",2012,"female","Foreign",-1,-1,0,1,0,0,0,-2,0,2,0
"8","899",2013,"male","Austrian",0,0,0,0,0,0,0,-6,0,6,0
"8","899",2013,"male","Foreign",-1,-1,0,1,0,0,0,-2,0,2,0
"8","899",2013,"female","Austrian",0,0,0,0,0,0,0,-7,1,8,0
"8","899",2013,"female","Foreign",-2,-2,0,2,0,0,0,-3,0,3,0
"8","899",2014,"male","Austrian",0,1,1,0,-1,0,1,-2,0,2,0
"8","899",2014,"male","Foreign",-1,-1,0,1,0,0,0,-1,0,1,0
"8","899",2014,"female","Austrian",0,0,0,0,0,0,0,-1,0,1,0
"8","899",2014,"female","Foreign",-1,-1,0,1,0,0,0,0,0,0,0
"8","899",2015,"male","Austrian",-1,0,0,0,-1,0,1,1,2,1,0
"8","899",2015,"male","Foreign",0,0,0,0,0,0,0,-1,0,1,0
"8","899",2015,"female","Austrian",0,0,0,0,0,0,0,-2,0,2,0
"8","899",2015,"female","Foreign",0,0,0,0,0,0,0,1,1,0,0
"8","899",2016,"male","Austrian",0,0,0,0,0,0,0,-1,0,1,0
"8","899",2016,"male","Foreign",0,0,0,0,0,0,0,0,1,1,0
"8","899",2016,"female","Austrian",0,0,0,0,0,0,0,0,0,0,0
"8","899",2016,"female","Foreign",0,0,0,0,0,0,0,-1,0,1,0
"8","899",2017,"male","Austrian",1,0,0,0,1,1,0,0,0,0,0
"8","899",2017,"male","Foreign",1,0,0,0,1,1,0,0,0,0,0
"8","899",2017,"female","Austrian",0,0,0,0,0,0,0,-2,0,2,0
"8","899",2017,"female","Foreign",1,1,1,0,0,0,0,-1,0,1,0
"8","899",2018,"male","Austrian",0,0,0,0,0,0,0,-2,0,2,0
"8","899",2018,"male","Foreign",0,0,0,0,0,0,0,-1,0,1,0
"8","899",2018,"female","Austrian",-1,0,0,0,-1,0,1,-1,0,1,0
"8","899",2018,"female","Foreign",0,0,0,0,0,0,0,-1,1,2,0
"8","899",2019,"male","Austrian",0,0,0,0,0,0,0,0,0,0,0
"8","899",2019,"male","Foreign",0,0,0,0,0,0,0,0,0,0,0
"8","899",2019,"female","Austrian",0,0,0,0,0,0,0,0,0,0,0
"8","899",2019,"female","Foreign",1,1,1,0,0,0,0,0,0,0,0
"8","899",2020,"male","Austrian",0,0,0,0,0,0,0,0,0,0,0
"8","899",2020,"male","Foreign",1,0,0,0,1,1,0,0,0,0,0
"8","899",2020,"female","Austrian",1,0,0,0,1,1,0,0,0,0,0
"8","899",2020,"female","Foreign",0,0,0,0,0,0,0,1,1,0,0
"8","899",2021,"male","Austrian",0,0,0,0,0,0,0,0,0,0,0
"8","899",2021,"male","Foreign",0,0,0,0,0,0,0,0,0,0,0
"8","899",2021,"female","Austrian",0,0,0,0,0,0,0,0,0,0,0
"8","899",2021,"female","Foreign",0,0,0,0,0,0,0,0,0,0,0
"8","899",2022,"male","Austrian",0,0,0,0,0,0,0,0,0,0,0
"8","899",2022,"male","Foreign",0,0,0,0,0,0,0,0,0,0,0
"8","899",2022,"female","Austrian",0,0,0,0,0,0,0,0,0,0,0
"8","899",2022,"female","Foreign",0,0,0,0,0,0,0,0,0,0,0
"8","899",2023,"male","Austrian",0,0,0,0,0,0,0,0,0,0,0
"8","899",2023,"male","Foreign",0,0,0,0,0,0,0,0,0,0,0
"8","899",2023,"female","Austrian",0,0,0,0,0,0,0,0,0,0,0
"8","899",2023,"female","Foreign",1,1,1,0,0,0,0,-1,0,1,0
"9","901",2007,"male","Austrian",36,-21,9,30,57,116,59,-52,194,246,10
"9","901",2007,"male","Foreign",38,33,96,63,5,16,11,8,175,167,14
"9","901",2007,"female","Austrian",40,-6,3,9,46,112,66,-53,175,228,11
"9","901",2007,"female","Foreign",33,39,86,47,-6,10,16,-14,123,137,6
"9","901",2008,"male","Austrian",33,-3,20,23,36,101,65,-43,215,258,15
"9","901",2008,"male","Foreign",27,19,116,97,8,21,13,-41,133,174,10
"9","901",2008,"female","Austrian",12,-1,15,16,13,105,92,-62,194,256,13
"9","901",2008,"female","Foreign",72,66,112,46,6,15,9,-52,103,155,9
"9","901",2009,"male","Austrian",9,-9,16,25,18,103,85,-50,176,226,16
"9","901",2009,"male","Foreign",101,95,161,66,6,15,9,-44,156,200,23
"9","901",2009,"female","Austrian",46,-5,12,17,51,128,77,-35,179,214,13
"9","901",2009,"female","Foreign",75,72,123,51,3,13,10,-39,130,169,13
"9","901",2010,"male","Austrian",19,-16,14,30,35,103,68,-47,208,255,12
"9","901",2010,"male","Foreign",66,68,150,82,-2,14,16,-45,155,200,12
"9","901",2010,"female","Austrian",21,-12,8,20,33,116,83,-50,199,249,8
"9","901",2010,"female","Foreign",40,33,113,80,7,22,15,-35,107,142,7
"9","901",2011,"male","Austrian",50,-3,20,23,53,115,62,-53,192,245,10
"9","901",2011,"male","Foreign",19,12,133,121,7,19,12,-51,156,207,13
"9","901",2011,"female","Austrian",37,1,13,12,36,118,82,-89,189,278,14
"9","901",2011,"female","Foreign",64,53,131,78,11,21,10,-11,154,165,14
"9","901",2012,"male","Austrian",40,-7,21,28,47,112,65,-43,182,225,13
"9","901",2012,"male","Foreign",128,107,206,99,21,27,6,-32,162,194,12
"9","901",2012,"female","Austrian",16,-8,10,18,24,117,93,-73,183,256,15
"9","901",2012,"female","Foreign",125,116,185,69,9,21,12,-37,144,181,10
"9","901",2013,"male","Austrian",16,-12,22,34,28,102,74,-51,175,226,21
"9","901",2013,"male","Foreign",69,61,185,124,8,25,17,-34,147,181,5
"9","901",2013,"female","Austrian",15,-4,7,11,19,105,86,-14,209,223,12
"9","901",2013,"female","Foreign",86,80,173,93,6,17,11,-9,147,156,13
"9","901",2014,"male","Austrian",34,1,21,20,33,109,76,-52,212,264,12
"9","901",2014,"male","Foreign",240,233,348,115,7,96,89,-32,181,213,14
"9","901",2014,"female","Austrian",37,3,15,12,34,123,89,-54,192,246,15
"9","901",2014,"female","Foreign",144,133,238,105,11,39,28,-21,174,195,6
"9","901",2015,"male","Austrian",28,-2,17,19,30,110,80,-4,255,259,12
"9","901",2015,"male","Foreign",31,105,250,145,-74,56,130,-36,245,281,10
"9","901",2015,"female","Austrian",26,-7,18,25,33,118,85,-39,238,277,10
"9","901",2015,"female","Foreign",55,97,206,109,-42,39,81,-18,205,223,13
"9","901",2016,"male","Austrian",23,-9,14,23,32,112,80,-43,174,217,22
"9","901",2016,"male","Foreign",66,54,178,124,12,46,34,13,308,295,13
"9","901",2016,"female","Austrian",16,-19,4,23,35,116,81,-50,187,237,19
"9","901",2016,"female","Foreign",85,76,176,100,9,39,30,-16,218,234,8
"9","901",2017,"male","Austrian",33,-14,20,34,47,98,51,-64,186,250,17
"9","901",2017,"male","Foreign",4,17,149,132,-13,24,37,-78,291,369,7
"9","901",2017,"female","Austrian",-2,0,13,13,-2,89,91,-75,197,272,16
"9","901",2017,"female","Foreign",70,60,174,114,10,24,14,-79,205,284,16
"9","901",2018,"male","Austrian",-8,-5,15,20,-3,75,78,-36,200,236,15
"9","901",2018,"male","Foreign",8,17,131,114,-9,21,30,26,246,220,9
"9","901",2018,"female","Austrian",-15,-2,13,15,-13,89,102,-59,202,261,13
"9","901",2018,"female","Foreign",42,32,141,109,10,28,18,65,254,189,17
"9","901",2019,"male","Austrian",52,1,18,17,51,134,83,6,277,271,18
"9","901",2019,"male","Foreign",39,35,155,120,4,34,30,44,272,228,22
"9","901",2019,"female","Austrian",35,-11,14,25,46,137,91,21,321,300,23
"9","901",2019,"female","Foreign",30,36,157,121,-6,24,30,91,295,204,24
"9","901",2020,"male","Austrian",14,0,17,17,14,93,79,-38,210,248,12
"9","901",2020,"male","Foreign",53,64,166,102,-11,17,28,-18,236,254,6
"9","901",2020,"female","Austrian",41,-10,6,16,51,137,86,-46,220,266,16
"9","901",2020,"female","Foreign",26,38,153,115,-12,14,26,-4,217,221,11
"9","901",2021,"male","Austrian",-4,4,17,13,-8,71,79,-46,181,227,10
"9","901",2021,"male","Foreign",64,61,148,87,3,30,27,-26,211,237,13
"9","901",2021,"female","Austrian",10,-7,9,16,17,101,84,-87,171,258,12
"9","901",2021,"female","Foreign",66,63,161,98,3,21,18,-91,178,269,11
"9","901",2022,"male","Austrian",-17,-7,16,23,-10,75,85,-56,198,254,10
"9","901",2022,"male","Foreign",218,562,677,115,-344,132,476,-46,259,305,17
"9","901",2022,"female","Austrian",-13,-15,7,22,2,94,92,-45,209,254,18
"9","901",2022,"female","Foreign",209,208,324,116,1,29,28,-24,268,292,18
"9","901",2023,"male","Austrian",-6,-11,7,18,5,66,61,-56,193,249,22
"9","901",2023,"male","Foreign",41,44,209,165,-3,38,41,-22,282,304,38
"9","901",2023,"female","Austrian",24,-4,8,12,28,90,62,-52,206,258,19
"9","901",2023,"female","Foreign",51,42,214,172,9,31,22,-23,265,288,47
"9","902",2007,"male","Austrian",12,-22,37,59,34,139,105,-41,265,306,21
"9","902",2007,"male","Foreign",-23,-9,562,571,-14,188,202,26,553,527,22
"9","902",2007,"female","Austrian",31,-10,16,26,41,125,84,-39,246,285,23
"9","902",2007,"female","Foreign",74,81,187,106,-7,35,42,-7,197,204,16
"9","902",2008,"male","Austrian",-43,-41,35,76,-2,88,90,-32,267,299,42
"9","902",2008,"male","Foreign",-57,-85,429,514,28,152,124,29,539,510,13
"9","902",2008,"female","Austrian",-2,-20,14,34,18,103,85,-44,263,307,34
"9","902",2008,"female","Foreign",-1,6,142,136,-7,22,29,-10,184,194,23
"9","902",2009,"male","Austrian",-13,-36,36,72,23,108,85,-36,282,318,20
"9","902",2009,"male","Foreign",-141,-254,414,668,113,194,81,198,708,510,11
"9","902",2009,"female","Austrian",30,-13,17,30,43,117,74,15,273,258,27
"9","902",2009,"female","Foreign",27,15,162,147,12,34,22,5,199,194,5
"9","902",2010,"male","Austrian",1,-33,39,72,34,120,86,-11,292,303,25
"9","902",2010,"male","Foreign",-243,-388,414,802,145,220,75,186,772,586,23
"9","902",2010,"female","Austrian",10,-18,14,32,28,109,81,0,250,250,30
"9","902",2010,"female","Foreign",35,22,175,153,13,30,17,-15,210,225,18
"9","902",2011,"male","Austrian",-25,-42,31,73,17,123,106,17,321,304,19
"9","902",2011,"male","Foreign",-145,-221,394,615,76,147,71,169,730,561,9
"9","902",2011,"female","Austrian",3,-13,12,25,16,116,100,4,274,270,22
"9","902",2011,"female","Foreign",52,44,184,140,8,28,20,-19,231,250,10
"9","902",2012,"male","Austrian",18,-30,30,60,48,139,91,7,341,334,21
"9","902",2012,"male","Foreign",-40,-128,446,574,88,148,60,114,650,536,14
"9","902",2012,"female","Austrian",26,-14,15,29,40,125,85,1,284,283,21
"9","902",2012,"female","Foreign",79,66,215,149,13,25,12,-48,219,267,8
"9","902",2013,"male","Austrian",-3,-28,32,60,25,97,72,-27,249,276,9
"9","902",2013,"male","Foreign",-85,-171,432,603,86,173,87,136,659,523,13
"9","902",2013,"female","Austrian",12,-13,12,25,25,101,76,-10,241,251,15
"9","902",2013,"female","Foreign",53,47,203,156,6,31,25,-2,185,187,6
"9","902",2014,"male","Austrian",20,-10,40,50,30,113,83,-77,241,318,21
"9","902",2014,"male","Foreign",59,-6,285,291,65,105,40,-72,346,418,13
"9","902",2014,"female","Austrian",9,-11,17,28,20,111,91,-34,253,287,29
"9","902",2014,"female","Foreign",77,77,185,108,0,23,23,-15,190,205,10
"9","902",2015,"male","Austrian",18,-22,39,61,40,121,81,-3,298,301,24
"9","902",2015,"male","Foreign",98,83,262,179,15,41,26,-43,339,382,28
"9","902",2015,"female","Austrian",-8,-18,11,29,10,95,85,-21,260,281,19
"9","902",2015,"female","Foreign",82,80,207,127,2,23,21,-4,234,238,20
"9","902",2016,"male","Austrian",-13,-31,31,62,18,96,78,1,295,294,27
"9","902",2016,"male","Foreign",103,64,241,177,39,70,31,20,388,368,27
"9","902",2016,"female","Austrian",-17,-10,16,26,-7,87,94,1,277,276,29
"9","902",2016,"female","Foreign",79,67,197,130,12,34,22,24,246,222,19
"9","902",2017,"male","Austrian",-37,-26,26,52,-11,97,108,0,271,271,24
"9","902",2017,"male","Foreign",19,-24,224,248,43,77,34,-35,389,424,21
"9","902",2017,"female","Austrian",-18,-9,17,26,-9,94,103,-32,202,234,24
"9","902",2017,"female","Foreign",22,8,168,160,14,43,29,17,247,230,19
"9","902",2018,"male","Austrian",4,-11,40,51,15,97,82,-65,270,335,21
"9","902",2018,"male","Foreign",0,-24,208,232,24,78,54,-44,412,456,19
"9","902",2018,"female","Austrian",5,-8,18,26,13,91,78,-73,246,319,40
"9","902",2018,"female","Foreign",53,45,191,146,8,27,19,-20,234,254,18
"9","902",2019,"male","Austrian",-3,-12,23,35,9,97,88,-19,285,304,26
"9","902",2019,"male","Foreign",44,-17,185,202,61,92,31,-42,339,381,18
"9","902",2019,"female","Austrian",42,4,21,17,38,111,73,-32,264,296,19
"9","902",2019,"female","Foreign",1,11,203,192,-10,33,43,-17,234,251,15
"9","902",2020,"male","Austrian",12,0,31,31,12,94,82,-24,269,293,17
"9","902",2020,"male","Foreign",-18,-55,134,189,37,90,53,-59,258,317,16
"9","902",2020,"female","Austrian",24,9,19,10,15,106,91,18,288,270,23
"9","902",2020,"female","Foreign",40,21,149,128,19,39,20,-65,188,253,15
"9","902",2021,"male","Austrian",1,6,33,27,-5,100,105,-8,287,295,32
"9","902",2021,"male","Foreign",47,25,201,176,22,69,47,-60,301,361,6
"9","902",2021,"female","Austrian",-27,-17,5,22,-10,92,102,30,272,242,35
"9","902",2021,"female","Foreign",94,80,190,110,14,41,27,-76,202,278,13
"9","902",2022,"male","Austrian",-25,-22,23,45,-3,82,85,-19,262,281,21
"9","902",2022,"male","Foreign",149,114,288,174,35,67,32,-129,341,470,9
"9","902",2022,"female","Austrian",-10,-6,11,17,-4,87,91,1,248,247,23
"9","902",2022,"female","Foreign",260,265,393,128,-5,24,29,-100,269,369,17
"9","902",2023,"male","Austrian",-34,-23,29,52,-11,80,91,-8,273,281,31
"9","902",2023,"male","Foreign",-2,-31,203,234,29,53,24,31,313,282,16
"9","902",2023,"female","Austrian",-7,-6,16,22,-1,76,77,-47,218,265,29
"9","902",2023,"female","Foreign",39,27,173,146,12,30,18,-27,214,241,28
"9","903",2007,"male","Austrian",19,-8,6,14,27,57,30,-1,121,122,2
"9","903",2007,"male","Foreign",7,8,65,57,-1,5,6,24,97,73,5
"9","903",2007,"female","Austrian",29,-9,5,14,38,72,34,7,129,122,6
"9","903",2007,"female","Foreign",27,28,65,37,-1,8,9,-32,65,97,4
"9","903",2008,"male","Austrian",5,-1,13,14,6,39,33,-39,100,139,5
"9","903",2008,"male","Foreign",20,15,67,52,5,13,8,-36,52,88,2
"9","903",2008,"female","Austrian",7,-11,8,19,18,67,49,-28,121,149,5
"9","903",2008,"female","Foreign",32,24,65,41,8,19,11,-45,51,96,5
"9","903",2009,"male","Austrian",20,-7,10,17,27,55,28,-26,119,145,2
"9","903",2009,"male","Foreign",36,35,66,31,1,10,9,-24,71,95,3
"9","903",2009,"female","Austrian",22,-6,6,12,28,69,41,-59,121,180,3
"9","903",2009,"female","Foreign",25,22,63,41,3,9,6,-12,68,80,6
"9","903",2010,"male","Austrian",23,4,17,13,19,54,35,-61,89,150,8
"9","903",2010,"male","Foreign",20,17,61,44,3,9,6,-21,66,87,6
"9","903",2010,"female","Austrian",8,1,12,11,7,71,64,-68,82,150,15
"9","903",2010,"female","Foreign",9,10,53,43,-1,9,10,-19,59,78,5
"9","903",2011,"male","Austrian",-5,-9,5,14,4,49,45,-11,111,122,6
"9","903",2011,"male","Foreign",17,15,81,66,2,7,5,-12,68,80,0
"9","903",2011,"female","Austrian",26,-7,2,9,33,75,42,-18,107,125,3
"9","903",2011,"female","Foreign",31,33,87,54,-2,6,8,2,74,72,5
"9","903",2012,"male","Austrian",30,-7,7,14,37,65,28,-23,120,143,11
"9","903",2012,"male","Foreign",21,19,86,67,2,9,7,3,107,104,5
"9","903",2012,"female","Austrian",39,-6,4,10,45,78,33,-17,125,142,8
"9","903",2012,"female","Foreign",55,56,114,58,-1,9,10,-9,90,99,8
"9","903",2013,"male","Austrian",15,1,16,15,14,46,32,-22,101,123,6
"9","903",2013,"male","Foreign",49,54,134,80,-5,7,12,-3,80,83,2
"9","903",2013,"female","Austrian",19,-6,7,13,25,67,42,-33,123,156,4
"9","903",2013,"female","Foreign",55,50,117,67,5,11,6,-7,91,98,5
"9","903",2014,"male","Austrian",18,3,15,12,15,47,32,-5,117,122,4
"9","903",2014,"male","Foreign",56,57,132,75,-1,8,9,-18,82,100,4
"9","903",2014,"female","Austrian",32,-1,7,8,33,63,30,-39,108,147,8
"9","903",2014,"female","Foreign",50,52,123,71,-2,4,6,-25,86,111,4
"9","903",2015,"male","Austrian",24,1,12,11,23,58,35,-1,134,135,4
"9","903",2015,"male","Foreign",1934,2081,2152,71,-147,22,169,-820,98,918,4
"9","903",2015,"female","Austrian",10,-1,9,10,11,73,62,-27,136,163,5
"9","903",2015,"female","Foreign",1010,1116,1194,78,-106,14,120,-502,89,591,2
"9","903",2016,"male","Austrian",10,-6,12,18,16,53,37,-15,118,133,9
"9","903",2016,"male","Foreign",-751,-651,149,800,-100,25,125,-178,236,414,1
"9","903",2016,"female","Austrian",32,-1,9,10,33,80,47,-24,121,145,4
"9","903",2016,"female","Foreign",-286,-233,163,396,-53,25,78,-41,230,271,4
"9","903",2017,"male","Austrian",4,-8,7,15,12,57,45,-17,115,132,10
"9","903",2017,"male","Foreign",45,33,122,89,12,27,15,-45,190,235,3
"9","903",2017,"female","Austrian",0,-8,6,14,8,60,52,-16,129,145,4
"9","903",2017,"female","Foreign",75,63,151,88,12,26,14,-51,182,233,2
"9","903",2018,"male","Austrian",13,-5,5,10,18,51,33,-35,112,147,12
"9","903",2018,"male","Foreign",34,29,122,93,5,15,10,-92,172,264,3
"9","903",2018,"female","Austrian",16,-7,2,9,23,70,47,-51,112,163,10
"9","903",2018,"female","Foreign",50,47,122,75,3,11,8,-131,124,255,6
"9","903",2019,"male","Austrian",8,-1,8,9,9,57,48,-58,100,158,6
"9","903",2019,"male","Foreign",33,41,129,88,-8,12,20,-111,106,217,9
"9","903",2019,"female","Austrian",31,1,6,5,30,92,62,-80,96,176,7
"9","903",2019,"female","Foreign",53,59,129,70,-6,20,26,-106,102,208,7
"9","903",2020,"male","Austrian",7,-1,8,9,8,46,38,-47,109,156,7
"9","903",2020,"male","Foreign",70,76,134,58,-6,13,19,-57,108,165,5
"9","903",2020,"female","Austrian",9,-4,7,11,13,67,54,-40,118,158,5
"9","903",2020,"female","Foreign",56,64,118,54,-8,7,15,-24,103,127,9
"9","903",2021,"male","Austrian",18,11,14,3,7,45,38,-39,103,142,10
"9","903",2021,"male","Foreign",43,43,115,72,0,7,7,-45,116,161,6
"9","903",2021,"female","Austrian",20,1,8,7,19,59,40,-78,106,184,7
"9","903",2021,"female","Foreign",41,48,122,74,-7,5,12,-51,94,145,9
"9","903",2022,"male","Austrian",7,-2,8,10,9,47,38,-10,114,124,1
"9","903",2022,"male","Foreign",99,90,174,84,9,18,9,-29,127,156,7
"9","903",2022,"female","Austrian",15,3,10,7,12,56,44,-23,101,124,2
"9","903",2022,"female","Foreign",130,122,203,81,8,21,13,-16,137,153,14
"9","903",2023,"male","Austrian",-11,-1,9,10,-10,36,46,-45,81,126,5
"9","903",2023,"male","Foreign",98,45,138,93,53,62,9,-50,144,194,5
"9","903",2023,"female","Austrian",-18,-6,2,8,-12,37,49,-60,83,143,6
"9","903",2023,"female","Foreign",87,72,157,85,15,30,15,-51,135,186,9
"9","904",2007,"male","Austrian",40,-2,22,24,42,126,84,-58,219,277,23
"9","904",2007,"male","Foreign",124,57,156,99,67,94,27,-63,211,274,10
"9","904",2007,"female","Austrian",84,2,13,11,82,159,77,-29,222,251,12
"9","904",2007,"female","Foreign",131,88,144,56,43,63,20,-42,166,208,15
"9","904",2008,"male","Austrian",38,-8,19,27,46,120,74,-55,200,255,13
"9","904",2008,"male","Foreign",101,37,152,115,64,89,25,-70,193,263,11
"9","904",2008,"female","Austrian",7,-6,15,21,13,129,116,-29,223,252,18
"9","904",2008,"female","Foreign",98,62,147,85,36,53,17,-79,156,235,14
"9","904",2009,"male","Austrian",42,-10,22,32,52,130,78,-78,198,276,10
"9","904",2009,"male","Foreign",84,31,147,116,53,77,24,-86,205,291,11
"9","904",2009,"female","Austrian",62,-13,12,25,75,161,86,-111,183,294,16
"9","904",2009,"female","Foreign",100,54,149,95,46,64,18,-51,183,234,16
"9","904",2010,"male","Austrian",29,-12,22,34,41,144,103,-28,191,219,11
"9","904",2010,"male","Foreign",87,43,172,129,44,62,18,-58,180,238,4
"9","904",2010,"female","Austrian",30,-13,10,23,43,157,114,-36,213,249,12
"9","904",2010,"female","Foreign",86,65,162,97,21,39,18,-44,188,232,8
"9","904",2011,"male","Austrian",49,-13,12,25,62,134,72,-79,165,244,12
"9","904",2011,"male","Foreign",153,116,259,143,37,65,28,-49,185,234,13
"9","904",2011,"female","Austrian",62,-17,6,23,79,162,83,-103,176,279,13
"9","904",2011,"female","Foreign",75,63,188,125,12,26,14,-89,161,250,12
"9","904",2012,"male","Austrian",56,0,22,22,56,121,65,-95,186,281,17
"9","904",2012,"male","Foreign",76,132,282,150,-56,132,188,-47,217,264,14
"9","904",2012,"female","Austrian",35,-3,17,20,38,132,94,-73,218,291,15
"9","904",2012,"female","Foreign",166,156,264,108,10,30,20,-54,146,200,16
"9","904",2013,"male","Austrian",48,-9,25,34,57,125,68,-32,204,236,20
"9","904",2013,"male","Foreign",161,285,470,185,-124,76,200,-86,239,325,15
"9","904",2013,"female","Austrian",60,-18,13,31,78,174,96,-72,232,304,19
"9","904",2013,"female","Foreign",117,110,237,127,7,24,17,-61,190,251,19
"9","904",2014,"male","Austrian",41,-8,21,29,49,140,91,-100,208,308,20
"9","904",2014,"male","Foreign",217,237,438,201,-20,158,178,-189,227,416,10
"9","904",2014,"female","Austrian",27,-12,16,28,39,136,97,-50,231,281,18
"9","904",2014,"female","Foreign",84,93,241,148,-9,22,31,-87,205,292,20
"9","904",2015,"male","Austrian",39,-3,23,26,42,138,96,-85,210,295,14
"9","904",2015,"male","Foreign",139,643,848,205,-504,73,577,-52,368,420,15
"9","904",2015,"female","Austrian",63,-8,14,22,71,157,86,-97,214,311,19
"9","904",2015,"female","Foreign",153,348,489,141,-195,31,226,-32,261,293,21
"9","904",2016,"male","Austrian",23,-5,25,30,28,123,95,-10,220,230,12
"9","904",2016,"male","Foreign",189,366,525,159,-177,173,350,72,529,457,17
"9","904",2016,"female","Austrian",-2,-11,14,25,9,122,113,-61,237,298,12
"9","904",2016,"female","Foreign",237,400,533,133,-163,69,232,-47,374,421,17
"9","904",2017,"male","Austrian",35,10,28,18,25,105,80,-74,217,291,13
"9","904",2017,"male","Foreign",406,406,604,198,0,96,96,-384,442,826,21
"9","904",2017,"female","Austrian",14,0,9,9,14,115,101,-53,233,286,18
"9","904",2017,"female","Foreign",603,653,846,193,-50,32,82,-568,278,846,25
"9","904",2018,"male","Austrian",22,-6,22,28,28,103,75,-111,209,320,7
"9","904",2018,"male","Foreign",169,199,389,190,-30,48,78,-320,330,650,26
"9","904",2018,"female","Austrian",4,-7,16,23,11,98,87,-108,225,333,19
"9","904",2018,"female","Foreign",293,331,512,181,-38,29,67,-354,249,603,15
"9","904",2019,"male","Austrian",31,0,17,17,31,101,70,-60,223,283,15
"9","904",2019,"male","Foreign",187,183,389,206,4,49,45,-261,283,544,16
"9","904",2019,"female","Austrian",60,-5,11,16,65,150,85,-89,216,305,16
"9","904",2019,"female","Foreign",244,252,430,178,-8,43,51,-239,236,475,13
"9","904",2020,"male","Austrian",34,-2,15,17,36,108,72,-70,188,258,18
"9","904",2020,"male","Foreign",105,59,208,149,46,117,71,-95,253,348,9
"9","904",2020,"female","Austrian",46,-12,9,21,58,146,88,-103,197,300,17
"9","904",2020,"female","Foreign",113,43,218,175,70,162,92,-113,217,330,19
"9","904",2021,"male","Austrian",1,-7,11,18,8,107,99,-45,199,244,21
"9","904",2021,"male","Foreign",112,168,345,177,-56,100,156,-187,238,425,19
"9","904",2021,"female","Austrian",29,-11,6,17,40,135,95,-92,194,286,21
"9","904",2021,"female","Foreign",246,376,553,177,-130,119,249,-240,249,489,15
"9","904",2022,"male","Austrian",18,-7,20,27,25,100,75,-83,206,289,10
"9","904",2022,"male","Foreign",530,716,846,130,-186,97,283,-372,286,658,20
"9","904",2022,"female","Austrian",29,-2,15,17,31,122,91,-94,184,278,15
"9","904",2022,"female","Foreign",763,1152,1358,206,-389,82,471,-615,280,895,23
"9","904",2023,"male","Austrian",11,6,25,19,5,84,79,-81,179,260,18
"9","904",2023,"male","Foreign",558,894,1072,178,-336,78,414,-608,349,957,17
"9","904",2023,"female","Austrian",-5,0,13,13,-5,93,98,-101,174,275,17
"9","904",2023,"female","Foreign",905,1456,1671,215,-551,52,603,-888,421,1309,24
"9","905",2007,"male","Austrian",-6,-4,10,14,-2,35,37,-32,96,128,4
"9","905",2007,"male","Foreign",26,28,76,48,-2,3,5,26,78,52,5
"9","905",2007,"female","Austrian",0,-11,0,11,11,48,37,-19,97,116,8
"9","905",2007,"female","Foreign",64,67,101,34,-3,3,6,-2,54,56,5
"9","905",2008,"male","Austrian",-4,-1,12,13,-3,48,51,-71,75,146,6
"9","905",2008,"male","Foreign",30,28,85,57,2,5,3,-13,50,63,5
"9","905",2008,"female","Austrian",-4,-14,6,20,10,56,46,-45,99,144,14
"9","905",2008,"female","Foreign",26,23,85,62,3,12,9,-19,53,72,2
"9","905",2009,"male","Austrian",19,-5,10,15,24,54,30,-28,94,122,8
"9","905",2009,"male","Foreign",43,46,112,66,-3,3,6,-17,54,71,2
"9","905",2009,"female","Austrian",3,-7,10,17,10,56,46,-55,101,156,11
"9","905",2009,"female","Foreign",30,29,88,59,1,6,5,-22,55,77,3
"9","905",2010,"male","Austrian",31,-5,12,17,36,63,27,0,126,126,8
"9","905",2010,"male","Foreign",15,17,78,61,-2,3,5,-13,58,71,5
"9","905",2010,"female","Austrian",40,-9,10,19,49,77,28,-10,119,129,6
"9","905",2010,"female","Foreign",30,34,91,57,-4,4,8,1,75,74,9
"9","905",2011,"male","Austrian",0,-12,9,21,12,52,40,-28,94,122,10
"9","905",2011,"male","Foreign",19,21,101,80,-2,5,7,0,69,69,1
"9","905",2011,"female","Austrian",13,-15,4,19,28,68,40,-38,97,135,13
"9","905",2011,"female","Foreign",53,50,115,65,3,4,1,-5,74,79,5
"9","905",2012,"male","Austrian",12,-7,10,17,19,56,37,-46,103,149,6
"9","905",2012,"male","Foreign",31,28,108,80,3,12,9,-5,76,81,3
"9","905",2012,"female","Austrian",4,-6,9,15,10,53,43,-29,96,125,7
"9","905",2012,"female","Foreign",41,42,124,82,-1,7,8,-5,74,79,2
"9","905",2013,"male","Austrian",16,-2,14,16,18,72,54,-24,97,121,7
"9","905",2013,"male","Foreign",53,50,129,79,3,11,8,7,108,101,8
"9","905",2013,"female","Austrian",-18,-10,4,14,-8,48,56,-32,106,138,6
"9","905",2013,"female","Foreign",69,62,159,97,7,18,11,18,134,116,10
"9","905",2014,"male","Austrian",3,-6,7,13,9,44,35,-33,105,138,6
"9","905",2014,"male","Foreign",23,20,119,99,3,13,10,-35,88,123,4
"9","905",2014,"female","Austrian",14,-1,5,6,15,61,46,-50,95,145,9
"9","905",2014,"female","Foreign",30,29,134,105,1,8,7,-33,109,142,8
"9","905",2015,"male","Austrian",13,1,12,11,12,47,35,-8,121,129,6
"9","905",2015,"male","Foreign",55,54,135,81,1,11,10,33,117,84,5
"9","905",2015,"female","Austrian",28,-1,7,8,29,70,41,4,126,122,6
"9","905",2015,"female","Foreign",62,63,168,105,-1,4,5,9,105,96,6
"9","905",2016,"male","Austrian",27,-10,7,17,37,63,26,-60,75,135,8
"9","905",2016,"male","Foreign",50,52,131,79,-2,5,7,-15,86,101,4
"9","905",2016,"female","Austrian",-6,-12,10,22,6,51,45,-10,102,112,7
"9","905",2016,"female","Foreign",58,54,140,86,4,11,7,-32,92,124,4
"9","905",2017,"male","Austrian",15,-6,13,19,21,61,40,4,113,109,8
"9","905",2017,"male","Foreign",-13,-16,97,113,3,11,8,13,101,88,9
"9","905",2017,"female","Austrian",15,-1,12,13,16,66,50,-13,108,121,5
"9","905",2017,"female","Foreign",5,-1,118,119,6,13,7,-24,92,116,12
"9","905",2018,"male","Austrian",23,-4,12,16,27,57,30,21,149,128,6
"9","905",2018,"male","Foreign",15,8,93,85,7,12,5,14,121,107,7
"9","905",2018,"female","Austrian",15,-5,14,19,20,63,43,0,121,121,15
"9","905",2018,"female","Foreign",23,18,116,98,5,12,7,9,110,101,12
"9","905",2019,"male","Austrian",26,7,16,9,19,67,48,-79,80,159,8
"9","905",2019,"male","Foreign",32,40,127,87,-8,4,12,-38,99,137,8
"9","905",2019,"female","Austrian",8,-4,12,16,12,58,46,-61,106,167,5
"9","905",2019,"female","Foreign",50,47,155,108,3,21,18,-37,120,157,4
"9","905",2020,"male","Austrian",13,-1,13,14,14,49,35,-12,120,132,7
"9","905",2020,"male","Foreign",53,40,132,92,13,21,8,-30,84,114,1
"9","905",2020,"female","Austrian",19,3,16,13,16,63,47,-32,135,167,9
"9","905",2020,"female","Foreign",69,63,146,83,6,19,13,2,128,126,3
"9","905",2021,"male","Austrian",-21,-17,5,22,-4,51,55,7,113,106,8
"9","905",2021,"male","Foreign",27,17,110,93,10,17,7,-44,94,138,2
"9","905",2021,"female","Austrian",9,-2,13,15,11,58,47,-22,119,141,11
"9","905",2021,"female","Foreign",33,36,129,93,-3,14,17,-53,96,149,4
"9","905",2022,"male","Austrian",-5,6,14,8,-11,44,55,-40,86,126,9
"9","905",2022,"male","Foreign",109,111,178,67,-2,14,16,-52,77,129,4
"9","905",2022,"female","Austrian",-16,-9,9,18,-7,44,51,-43,88,131,7
"9","905",2022,"female","Foreign",186,191,278,87,-5,17,22,-75,113,188,7
"9","905",2023,"male","Austrian",-16,-9,5,14,-7,39,46,-28,88,116,5
"9","905",2023,"male","Foreign",30,32,113,81,-2,13,15,-15,91,106,10
"9","905",2023,"female","Austrian",-11,2,11,9,-13,38,51,-36,113,149,9
"9","905",2023,"female","Foreign",20,12,132,120,8,21,13,-53,109,162,16
"9","906",2007,"male","Austrian",3,-1,6,7,4,11,7,14,45,31,2
"9","906",2007,"male","Foreign",36,34,54,20,2,5,3,14,46,32,3
"9","906",2007,"female","Austrian",21,3,4,1,18,36,18,10,48,38,2
"9","906",2007,"female","Foreign",43,39,59,20,4,5,1,17,42,25,5
"9","906",2008,"male","Austrian",1,-6,5,11,7,17,10,-6,33,39,1
"9","906",2008,"male","Foreign",23,21,48,27,2,4,2,-8,22,30,0
"9","906",2008,"female","Austrian",3,-3,1,4,6,28,22,-13,37,50,0
"9","906",2008,"female","Foreign",30,26,58,32,4,4,0,-5,41,46,0
"9","906",2009,"male","Austrian",11,-2,4,6,13,27,14,46,99,53,1
"9","906",2009,"male","Foreign",25,26,47,21,-1,2,3,3,39,36,1
"9","906",2009,"female","Austrian",4,-2,4,6,6,30,24,35,96,61,1
"9","906",2009,"female","Foreign",17,16,51,35,1,4,3,-1,35,36,1
"9","906",2010,"male","Austrian",15,-1,6,7,16,35,19,-10,40,50,0
"9","906",2010,"male","Foreign",4,5,32,27,-1,2,3,-17,29,46,2
"9","906",2010,"female","Austrian",12,-1,1,2,13,33,20,-22,30,52,1
"9","906",2010,"female","Foreign",25,25,42,17,0,2,2,-8,29,37,0
"9","906",2011,"male","Austrian",5,0,7,7,5,23,18,-4,44,48,0
"9","906",2011,"male","Foreign",-4,-9,43,52,5,7,2,-14,22,36,3
"9","906",2011,"female","Austrian",8,-2,1,3,10,33,23,-12,42,54,1
"9","906",2011,"female","Foreign",0,-4,45,49,4,11,7,-5,36,41,1
"9","906",2012,"male","Austrian",19,-2,3,5,21,29,8,-18,38,56,1
"9","906",2012,"male","Foreign",28,29,61,32,-1,2,3,-5,32,37,2
"9","906",2012,"female","Austrian",14,-5,3,8,19,38,19,-7,51,58,2
"9","906",2012,"female","Foreign",34,31,68,37,3,10,7,-21,30,51,3
"9","906",2013,"male","Austrian",3,6,9,3,-3,23,26,-3,53,56,2
"9","906",2013,"male","Foreign",11,14,47,33,-3,1,4,3,43,40,1
"9","906",2013,"female","Austrian",34,-1,4,5,35,52,17,-23,41,64,1
"9","906",2013,"female","Foreign",14,12,63,51,2,7,5,4,54,50,2
"9","906",2014,"male","Austrian",14,-5,2,7,19,38,19,-20,43,63,0
"9","906",2014,"male","Foreign",23,24,60,36,-1,1,2,12,54,42,0
"9","906",2014,"female","Austrian",5,-6,1,7,11,43,32,-20,43,63,0
"9","906",2014,"female","Foreign",33,32,71,39,1,7,6,-9,47,56,2
"9","906",2015,"male","Austrian",0,-7,5,12,7,25,18,-7,35,42,0
"9","906",2015,"male","Foreign",20,19,58,39,1,6,5,-10,43,53,2
"9","906",2015,"female","Austrian",17,-5,4,9,22,41,19,-9,50,59,0
"9","906",2015,"female","Foreign",16,14,58,44,2,7,5,4,61,57,0
"9","906",2016,"male","Austrian",14,-3,1,4,17,36,19,-15,45,60,1
"9","906",2016,"male","Foreign",43,41,85,44,2,7,5,5,61,56,2
"9","906",2016,"female","Austrian",4,-5,0,5,9,31,22,-38,36,74,2
"9","906",2016,"female","Foreign",35,36,81,45,-1,7,8,-1,61,62,4
"9","906",2017,"male","Austrian",1,-8,1,9,9,31,22,-2,61,63,4
"9","906",2017,"male","Foreign",21,20,75,55,1,7,6,-7,66,73,2
"9","906",2017,"female","Austrian",10,-1,2,3,11,29,18,-3,59,62,3
"9","906",2017,"female","Foreign",14,12,89,77,2,6,4,-10,64,74,0
"9","906",2018,"male","Austrian",-2,-7,5,12,5,34,29,-3,51,54,1
"9","906",2018,"male","Foreign",11,17,74,57,-6,4,10,-18,52,70,4
"9","906",2018,"female","Austrian",24,5,11,6,19,42,23,-31,44,75,4
"9","906",2018,"female","Foreign",-12,-6,63,69,-6,5,11,5,74,69,1
"9","906",2019,"male","Austrian",10,1,6,5,9,27,18,-37,41,78,2
"9","906",2019,"male","Foreign",18,12,58,46,6,7,1,-24,40,64,4
"9","906",2019,"female","Austrian",19,-4,0,4,23,39,16,-31,48,79,2
"9","906",2019,"female","Foreign",23,21,69,48,2,5,3,-12,61,73,7
"9","906",2020,"male","Austrian",0,-7,2,9,7,30,23,-8,54,62,2
"9","906",2020,"male","Foreign",-11,-5,50,55,-6,4,10,-2,61,63,1
"9","906",2020,"female","Austrian",3,-1,6,7,4,38,34,-17,57,74,3
"9","906",2020,"female","Foreign",5,9,56,47,-4,5,9,-8,74,82,1
"9","906",2021,"male","Austrian",-2,-3,2,5,1,25,24,-16,41,57,1
"9","906",2021,"male","Foreign",17,17,67,50,0,8,8,-18,52,70,0
"9","906",2021,"female","Austrian",-3,-5,2,7,2,33,31,-27,38,65,2
"9","906",2021,"female","Foreign",34,39,91,52,-5,3,8,-16,51,67,2
"9","906",2022,"male","Austrian",1,-2,4,6,3,19,16,-28,41,69,2
"9","906",2022,"male","Foreign",57,58,90,32,-1,7,8,-3,62,65,1
"9","906",2022,"female","Austrian",-11,-2,3,5,-9,12,21,-30,39,69,2
"9","906",2022,"female","Foreign",87,85,153,68,2,11,9,-10,81,91,3
"9","906",2023,"male","Austrian",-3,1,3,2,-4,13,17,-24,36,60,0
"9","906",2023,"male","Foreign",2,0,55,55,2,7,5,-28,49,77,0
"9","906",2023,"female","Austrian",-3,4,8,4,-7,13,20,4,47,43,0
"9","906",2023,"female","Foreign",6,11,81,70,-5,0,5,-33,59,92,2
"9","999",2007,"male","Austrian",-18,-3,0,3,-15,1,16,-57,1,58,0
"9","999",2007,"male","Foreign",-9,-9,0,9,0,0,0,-31,0,31,0
"9","999",2007,"female","Austrian",-20,-5,0,5,-15,0,15,-55,4,59,0
"9","999",2007,"female","Foreign",-12,-10,0,10,-2,0,2,-31,1,32,0
"9","999",2008,"male","Austrian",-1,0,0,0,-1,0,1,-3,2,5,0
"9","999",2008,"male","Foreign",0,0,0,0,0,0,0,-2,1,3,0
"9","999",2008,"female","Austrian",-2,0,0,0,-2,0,2,0,4,4,0
"9","999",2008,"female","Foreign",-1,-1,1,2,0,0,0,-5,1,6,0
"9","999",2009,"male","Austrian",0,0,1,1,0,1,1,-6,1,7,0
"9","999",2009,"male","Foreign",2,1,1,0,1,1,0,0,1,1,0
"9","999",2009,"female","Austrian",-2,-2,0,2,0,0,0,-3,3,6,0
"9","999",2009,"female","Foreign",-2,-2,0,2,0,0,0,-2,0,2,0
"9","999",2010,"male","Austrian",-1,0,0,0,-1,1,2,-1,1,2,0
"9","999",2010,"male","Foreign",1,1,1,0,0,0,0,-3,1,4,0
"9","999",2010,"female","Austrian",0,0,0,0,0,1,1,-1,2,3,0
"9","999",2010,"female","Foreign",0,0,0,0,0,0,0,2,3,1,0
"9","999",2011,"male","Austrian",-2,-1,0,1,-1,0,1,-3,2,5,0
"9","999",2011,"male","Foreign",0,0,0,0,0,0,0,-1,1,2,0
"9","999",2011,"female","Austrian",-1,0,0,0,-1,0,1,1,1,0,0
"9","999",2011,"female","Foreign",-1,-1,1,2,0,0,0,-2,2,4,0
"9","999",2012,"male","Austrian",0,0,0,0,0,0,0,1,4,3,0
"9","999",2012,"male","Foreign",0,0,1,1,0,0,0,-1,3,4,0
"9","999",2012,"female","Austrian",-1,-1,0,1,0,1,1,-2,1,3,0
"9","999",2012,"female","Foreign",-2,-2,0,2,0,0,0,0,2,2,0
"9","999",2013,"male","Austrian",-5,0,0,0,-5,0,5,-9,0,9,0
"9","999",2013,"male","Foreign",-1,-2,0,2,1,1,0,-4,0,4,0
"9","999",2013,"female","Austrian",-4,1,1,0,-5,0,5,-14,1,15,0
"9","999",2013,"female","Foreign",0,0,1,1,0,0,0,-3,1,4,0
"9","999",2014,"male","Austrian",-1,-1,0,1,0,0,0,-2,1,3,0
"9","999",2014,"male","Foreign",0,0,0,0,0,0,0,1,2,1,0
"9","999",2014,"female","Austrian",0,0,0,0,0,0,0,-2,3,5,0
"9","999",2014,"female","Foreign",0,1,1,0,-1,0,1,-2,0,2,0
"9","999",2015,"male","Austrian",1,0,1,1,1,1,0,-2,1,3,0
"9","999",2015,"male","Foreign",0,0,0,0,0,0,0,0,0,0,0
"9","999",2015,"female","Austrian",1,0,0,0,1,1,0,-3,0,3,0
"9","999",2015,"female","Foreign",0,0,0,0,0,0,0,-1,0,1,0
"9","999",2016,"male","Austrian",0,0,0,0,0,0,0,-2,0,2,0
"9","999",2016,"male","Foreign",0,0,0,0,0,0,0,-1,0,1,0
"9","999",2016,"female","Austrian",-1,0,0,0,-1,0,1,-1,1,2,0
"9","999",2016,"female","Foreign",0,0,0,0,0,0,0,-2,0,2,0
"9","999",2017,"male","Austrian",0,0,0,0,0,1,1,4,6,2,0
"9","999",2017,"male","Foreign",1,1,1,0,0,0,0,5,5,0,0
"9","999",2017,"female","Austrian",0,0,0,0,0,0,0,10,11,1,0
"9","999",2017,"female","Foreign",4,4,4,0,0,0,0,3,4,1,0
"9","999",2018,"male","Austrian",0,0,0,0,0,0,0,-2,0,2,0
"9","999",2018,"male","Foreign",-1,-1,0,1,0,0,0,1,1,0,0
"9","999",2018,"female","Austrian",-1,0,0,0,-1,0,1,-1,0,1,0
"9","999",2018,"female","Foreign",0,0,0,0,0,0,0,0,0,0,0
"9","999",2019,"male","Austrian",0,0,0,0,0,0,0,0,0,0,0
"9","999",2019,"male","Foreign",0,0,0,0,0,0,0,0,0,0,0
"9","999",2019,"female","Austrian",0,0,0,0,0,0,0,1,1,0,0
"9","999",2019,"female","Foreign",0,0,0,0,0,0,0,0,0,0,0
"9","999",2020,"male","Austrian",0,0,0,0,0,0,0,0,0,0,0
"9","999",2020,"male","Foreign",0,0,0,0,0,0,0,0,0,0,0
"9","999",2020,"female","Austrian",0,0,0,0,0,0,0,0,0,0,0
"9","999",2020,"female","Foreign",0,0,0,0,0,0,0,0,0,0,0
"9","999",2021,"male","Austrian",0,0,0,0,0,0,0,0,0,0,0
"9","999",2021,"male","Foreign",0,0,0,0,0,0,0,0,0,0,0
"9","999",2021,"female","Austrian",0,0,0,0,0,0,0,0,0,0,0
"9","999",2021,"female","Foreign",1,1,1,0,0,0,0,-1,0,1,0
"9","999",2022,"male","Austrian",0,0,0,0,0,0,0,0,0,0,0
"9","999",2022,"male","Foreign",3,3,3,0,0,0,0,0,0,0,0
"9","999",2022,"female","Austrian",0,0,0,0,0,0,0,2,3,1,0
"9","999",2022,"female","Foreign",5,5,5,0,0,0,0,0,0,0,0
"9","999",2023,"male","Austrian",0,0,0,0,0,0,0,0,0,0,0
"9","999",2023,"male","Foreign",1,1,1,0,0,0,0,-1,0,1,0
"9","999",2023,"female","Austrian",0,0,0,0,0,0,0,0,0,0,0
"9","999",2023,"female","Foreign",2,2,2,0,0,0,0,1,1,0,0
"10","1001",2007,"male","Austrian",0,-1,0,1,1,1,0,-5,8,13,0
"10","1001",2007,"male","Foreign",0,2,11,9,-2,1,3,0,14,14,1
"10","1001",2007,"female","Austrian",0,0,0,0,0,0,0,-2,8,10,0
"10","1001",2007,"female","Foreign",5,7,10,3,-2,0,2,-3,8,11,0
"10","1001",2008,"male","Austrian",13,1,1,0,12,14,2,184,201,17,2
"10","1001",2008,"male","Foreign",19,16,22,6,3,3,0,74,98,24,3
"10","1001",2008,"female","Austrian",11,-1,0,1,12,13,1,173,196,23,5
"10","1001",2008,"female","Foreign",21,19,20,1,2,2,0,97,112,15,1
"10","1001",2009,"male","Austrian",3,0,3,3,3,6,3,-3,17,20,0
"10","1001",2009,"male","Foreign",-12,-13,7,20,1,3,2,-13,19,32,0
"10","1001",2009,"female","Austrian",1,0,0,0,1,4,3,-3,12,15,0
"10","1001",2009,"female","Foreign",0,0,6,6,0,2,2,-8,16,24,0
"10","1001",2010,"male","Austrian",0,-1,2,3,1,4,3,-5,9,14,0
"10","1001",2010,"male","Foreign",11,8,13,5,3,5,2,-6,19,25,1
"10","1001",2010,"female","Austrian",3,0,1,1,3,3,0,-5,15,20,1
"10","1001",2010,"female","Foreign",4,2,8,6,2,3,1,-14,6,20,0
"10","1001",2011,"male","Austrian",-4,-2,0,2,-2,1,3,-9,15,24,0
"10","1001",2011,"male","Foreign",6,1,12,11,5,5,0,-5,24,29,0
"10","1001",2011,"female","Austrian",-2,-1,0,1,-1,1,2,-18,8,26,0
"10","1001",2011,"female","Foreign",4,3,7,4,1,2,1,-14,12,26,0
"10","1001",2012,"male","Austrian",-2,-1,0,1,-1,2,3,-5,9,14,1
"10","1001",2012,"male","Foreign",4,1,14,13,3,3,0,-12,8,20,2
"10","1001",2012,"female","Austrian",1,0,0,0,1,5,4,-9,9,18,1
"10","1001",2012,"female","Foreign",7,6,8,2,1,1,0,-8,7,15,1
"10","1001",2013,"male","Austrian",25,0,3,3,25,35,10,293,310,17,2
"10","1001",2013,"male","Foreign",15,13,27,14,2,3,1,148,162,14,1
"10","1001",2013,"female","Austrian",27,1,1,0,26,32,6,311,322,11,1
"10","1001",2013,"female","Foreign",21,11,15,4,10,10,0,127,143,16,3
"10","1001",2014,"male","Austrian",48,1,5,4,47,60,13,468,494,26,5
"10","1001",2014,"male","Foreign",22,21,32,11,1,10,9,163,200,37,0
"10","1001",2014,"female","Austrian",43,-1,0,1,44,54,10,428,457,29,6
"10","1001",2014,"female","Foreign",43,29,35,6,14,18,4,197,218,21,6
"10","1001",2015,"male","Austrian",45,3,8,5,42,59,17,250,297,47,8
"10","1001",2015,"male","Foreign",60,46,62,16,14,21,7,164,221,57,2
"10","1001",2015,"female","Austrian",33,1,4,3,32,48,16,320,363,43,9
"10","1001",2015,"female","Foreign",42,29,44,15,13,20,7,166,211,45,3
"10","1001",2016,"male","Austrian",28,1,6,5,27,48,21,217,286,69,11
"10","1001",2016,"male","Foreign",55,29,53,24,26,40,14,128,241,113,4
"10","1001",2016,"female","Austrian",21,1,3,2,20,41,21,220,283,63,9
"10","1001",2016,"female","Foreign",54,49,66,17,5,15,10,143,208,65,5
"10","1001",2017,"male","Austrian",-17,3,8,5,-20,35,55,213,287,74,8
"10","1001",2017,"male","Foreign",24,19,49,30,5,21,16,107,216,109,5
"10","1001",2017,"female","Austrian",-3,-1,2,3,-2,29,31,235,322,87,9
"10","1001",2017,"female","Foreign",38,40,66,26,-2,13,15,125,206,81,11
"10","1001",2018,"male","Austrian",13,1,9,8,12,69,57,247,314,67,21
"10","1001",2018,"male","Foreign",104,100,143,43,4,28,24,279,433,154,15
"10","1001",2018,"female","Austrian",3,-9,7,16,12,64,52,223,332,109,21
"10","1001",2018,"female","Foreign",73,68,107,39,5,25,20,280,404,124,22
"10","1001",2019,"male","Austrian",54,-5,7,12,59,108,49,263,393,130,36
"10","1001",2019,"male","Foreign",125,103,175,72,22,60,38,231,378,147,35
"10","1001",2019,"female","Austrian",35,2,6,4,33,87,54,278,398,120,31
"10","1001",2019,"female","Foreign",92,91,148,57,1,34,33,199,329,130,32
"10","1001",2020,"male","Austrian",22,-1,12,13,23,72,49,65,212,147,26
"10","1001",2020,"male","Foreign",98,95,169,74,3,32,29,125,343,218,33
"10","1001",2020,"female","Austrian",25,-3,6,9,28,79,51,96,232,136,26
"10","1001",2020,"female","Foreign",91,73,140,67,18,37,19,177,315,138,35
"10","1001",2021,"male","Austrian",27,9,22,13,18,103,85,128,291,163,29
"10","1001",2021,"male","Foreign",151,130,229,99,21,50,29,190,395,205,35
"10","1001",2021,"female","Austrian",-2,2,17,15,-4,85,89,114,265,151,23
"10","1001",2021,"female","Foreign",127,113,201,88,14,38,24,187,368,181,45
"10","1001",2022,"male","Austrian",3,1,20,19,2,87,85,14,215,201,30
"10","1001",2022,"male","Foreign",409,403,538,135,6,53,47,105,433,328,63
"10","1001",2022,"female","Austrian",4,1,19,18,3,87,84,-5,182,187,34
"10","1001",2022,"female","Foreign",562,540,650,110,22,65,43,98,451,353,87
"10","1001",2023,"male","Austrian",-27,-9,17,26,-18,75,93,-35,186,221,36
"10","1001",2023,"male","Foreign",146,155,365,210,-9,44,53,5,384,379,69
"10","1001",2023,"female","Austrian",-27,-2,15,17,-25,60,85,-59,190,249,30
"10","1001",2023,"female","Foreign",174,173,391,218,1,44,43,-32,363,395,76
"10","1002",2007,"male","Austrian",-37,-9,51,60,-28,98,126,-29,492,521,52
"10","1002",2007,"male","Foreign",118,102,267,165,16,52,36,-61,463,524,60
"10","1002",2007,"female","Austrian",-47,-23,11,34,-24,102,126,-85,411,496,52
"10","1002",2007,"female","Foreign",173,164,263,99,9,42,33,-15,353,368,47
"10","1002",2008,"male","Austrian",-49,-17,50,67,-32,80,112,-105,458,563,70
"10","1002",2008,"male","Foreign",93,76,267,191,17,59,42,66,469,403,54
"10","1002",2008,"female","Austrian",-36,-4,21,25,-32,76,108,-78,440,518,68
"10","1002",2008,"female","Foreign",191,160,286,126,31,60,29,45,382,337,53
"10","1002",2009,"male","Austrian",-31,-20,47,67,-11,103,114,-97,402,499,71
"10","1002",2009,"male","Foreign",66,31,250,219,35,75,40,23,461,438,40
"10","1002",2009,"female","Austrian",10,0,27,27,10,135,125,-146,372,518,69
"10","1002",2009,"female","Foreign",113,75,225,150,38,71,33,0,385,385,49
"10","1002",2010,"male","Austrian",-16,1,63,62,-17,106,123,2,471,469,54
"10","1002",2010,"male","Foreign",80,44,281,237,36,77,41,129,602,473,51
"10","1002",2010,"female","Austrian",-46,-12,26,38,-34,90,124,-74,388,462,57
"10","1002",2010,"female","Foreign",153,132,276,144,21,60,39,62,457,395,42
"10","1002",2011,"male","Austrian",-19,-18,44,62,-1,88,89,-86,393,479,74
"10","1002",2011,"male","Foreign",114,87,353,266,27,76,49,76,597,521,63
"10","1002",2011,"female","Austrian",-50,1,24,23,-51,70,121,-77,388,465,78
"10","1002",2011,"female","Foreign",130,94,258,164,36,66,30,8,434,426,45
"10","1002",2012,"male","Austrian",-55,-27,42,69,-28,84,112,-44,426,470,48
"10","1002",2012,"male","Foreign",190,162,416,254,28,85,57,84,628,544,63
"10","1002",2012,"female","Austrian",-3,-17,15,32,14,112,98,-93,356,449,46
"10","1002",2012,"female","Foreign",196,183,335,152,13,75,62,-10,468,478,65
"10","1002",2013,"male","Austrian",-36,-10,38,48,-26,94,120,-78,400,478,38
"10","1002",2013,"male","Foreign",249,213,461,248,36,94,58,2,663,661,66
"10","1002",2013,"female","Austrian",-26,-6,20,26,-20,92,112,-111,314,425,38
"10","1002",2013,"female","Foreign",195,179,351,172,16,73,57,-28,514,542,59
"10","1002",2014,"male","Austrian",-24,-2,46,48,-22,81,103,-86,391,477,41
"10","1002",2014,"male","Foreign",281,217,504,287,64,150,86,16,698,682,80
"10","1002",2014,"female","Austrian",-64,1,25,24,-65,70,135,-122,296,418,31
"10","1002",2014,"female","Foreign",241,220,410,190,21,83,62,-10,524,534,75
"10","1002",2015,"male","Austrian",-33,-14,38,52,-19,92,111,-39,388,427,43
"10","1002",2015,"male","Foreign",426,281,575,294,145,232,87,-86,925,1011,94
"10","1002",2015,"female","Austrian",-36,0,19,19,-36,70,106,-75,345,420,43
"10","1002",2015,"female","Foreign",371,323,472,149,48,101,53,-168,569,737,69
"10","1002",2016,"male","Austrian",-35,0,38,38,-35,73,108,-83,338,421,34
"10","1002",2016,"male","Foreign",435,212,515,303,223,338,115,-3,1044,1047,93
"10","1002",2016,"female","Austrian",-18,-1,23,24,-17,82,99,-85,256,341,25
"10","1002",2016,"female","Foreign",302,252,453,201,50,115,65,-82,564,646,57
"10","1002",2017,"male","Austrian",2,7,41,34,-5,94,99,-96,351,447,30
"10","1002",2017,"male","Foreign",268,167,495,328,101,247,146,42,1186,1144,106
"10","1002",2017,"female","Austrian",-33,-2,29,31,-31,77,108,-113,269,382,20
"10","1002",2017,"female","Foreign",253,207,397,190,46,136,90,-113,576,689,63
"10","1002",2018,"male","Austrian",-66,-21,22,43,-45,47,92,-66,350,416,25
"10","1002",2018,"male","Foreign",56,42,389,347,14,159,145,-151,1116,1267,96
"10","1002",2018,"female","Austrian",-53,-19,11,30,-34,53,87,-137,262,399,28
"10","1002",2018,"female","Foreign",110,99,293,194,11,72,61,-128,635,763,60
"10","1002",2019,"male","Austrian",-15,-13,25,38,-2,92,94,-144,338,482,22
"10","1002",2019,"male","Foreign",109,103,401,298,6,134,128,-234,957,1191,96
"10","1002",2019,"female","Austrian",-36,-7,17,24,-29,73,102,-147,276,423,23
"10","1002",2019,"female","Foreign",68,82,324,242,-14,82,96,-164,601,765,54
"10","1002",2020,"male","Austrian",-31,-4,19,23,-27,59,86,-143,258,401,27
"10","1002",2020,"male","Foreign",219,144,366,222,75,176,101,-70,910,980,80
"10","1002",2020,"female","Austrian",-33,-2,13,15,-31,61,92,-140,213,353,24
"10","1002",2020,"female","Foreign",154,136,287,151,18,98,80,-85,585,670,49
"10","1002",2021,"male","Austrian",-14,-9,25,34,-5,78,83,-135,245,380,25
"10","1002",2021,"male","Foreign",299,24,360,336,275,401,126,-168,1043,1211,136
"10","1002",2021,"female","Austrian",-24,-11,11,22,-13,67,80,-107,216,323,28
"10","1002",2021,"female","Foreign",164,105,290,185,59,136,77,-164,563,727,69
"10","1002",2022,"male","Austrian",-59,-6,37,43,-53,70,123,-99,269,368,31
"10","1002",2022,"male","Foreign",548,163,481,318,385,511,126,-173,1283,1456,150
"10","1002",2022,"female","Austrian",-68,-14,14,28,-54,52,106,-109,231,340,27
"10","1002",2022,"female","Foreign",304,239,434,195,65,139,74,-125,596,721,67
"10","1002",2023,"male","Austrian",-39,-4,30,34,-35,82,117,-83,262,345,35
"10","1002",2023,"male","Foreign",486,105,482,377,381,539,158,-157,1494,1651,214
"10","1002",2023,"female","Austrian",-39,-1,17,18,-38,72,110,-117,215,332,20
"10","1002",2023,"female","Foreign",276,213,451,238,63,128,65,-113,638,751,82
"10","1003",2007,"male","Austrian",-18,-1,8,9,-17,22,39,36,175,139,12
"10","1003",2007,"male","Foreign",30,40,73,33,-10,10,20,41,173,132,4
"10","1003",2007,"female","Austrian",-29,1,5,4,-30,26,56,-17,138,155,14
"10","1003",2007,"female","Foreign",51,48,69,21,3,15,12,17,126,109,1
"10","1003",2008,"male","Austrian",-23,-6,10,16,-17,31,48,-31,129,160,5
"10","1003",2008,"male","Foreign",36,38,72,34,-2,13,15,-42,108,150,11
"10","1003",2008,"female","Austrian",-10,-1,7,8,-9,28,37,-12,129,141,20
"10","1003",2008,"female","Foreign",40,36,73,37,4,15,11,-12,103,115,5
"10","1003",2009,"male","Austrian",-13,-1,11,12,-12,28,40,-43,123,166,14
"10","1003",2009,"male","Foreign",19,21,84,63,-2,8,10,7,121,114,5
"10","1003",2009,"female","Austrian",-6,2,7,5,-8,35,43,-14,119,133,16
"10","1003",2009,"female","Foreign",24,29,62,33,-5,6,11,14,117,103,7
"10","1003",2010,"male","Austrian",4,3,13,10,1,23,22,-29,127,156,14
"10","1003",2010,"male","Foreign",23,23,77,54,0,9,9,17,135,118,5
"10","1003",2010,"female","Austrian",-11,-6,7,13,-5,33,38,-44,99,143,7
"10","1003",2010,"female","Foreign",32,33,75,42,-1,4,5,2,111,109,5
"10","1003",2011,"male","Austrian",-17,1,15,14,-18,31,49,-31,140,171,7
"10","1003",2011,"male","Foreign",24,18,76,58,6,16,10,29,156,127,8
"10","1003",2011,"female","Austrian",-21,-5,3,8,-16,34,50,-47,124,171,8
"10","1003",2011,"female","Foreign",18,13,81,68,5,16,11,35,131,96,4
"10","1003",2012,"male","Austrian",5,1,13,12,4,40,36,6,162,156,11
"10","1003",2012,"male","Foreign",39,38,91,53,1,9,8,21,146,125,5
"10","1003",2012,"female","Austrian",-21,-5,4,9,-16,33,49,2,160,158,5
"10","1003",2012,"female","Foreign",47,43,73,30,4,8,4,38,128,90,5
"10","1003",2013,"male","Austrian",4,4,19,15,0,35,35,-12,147,159,7
"10","1003",2013,"male","Foreign",75,72,115,43,3,14,11,16,160,144,7
"10","1003",2013,"female","Austrian",-10,0,8,8,-10,31,41,-23,121,144,5
"10","1003",2013,"female","Foreign",54,52,98,46,2,9,7,36,139,103,6
"10","1003",2014,"male","Austrian",-14,-5,16,21,-9,26,35,-46,119,165,4
"10","1003",2014,"male","Foreign",74,58,121,63,16,31,15,11,170,159,7
"10","1003",2014,"female","Austrian",-24,-6,6,12,-18,28,46,-26,116,142,8
"10","1003",2014,"female","Foreign",64,57,98,41,7,16,9,-7,128,135,4
"10","1003",2015,"male","Austrian",10,6,17,11,4,36,32,-14,119,133,9
"10","1003",2015,"male","Foreign",73,82,144,62,-9,14,23,58,244,186,9
"10","1003",2015,"female","Austrian",-20,-4,3,7,-16,22,38,-16,123,139,7
"10","1003",2015,"female","Foreign",54,55,96,41,-1,16,17,12,157,145,5
"10","1003",2016,"male","Austrian",-33,-8,13,21,-25,16,41,-27,127,154,4
"10","1003",2016,"male","Foreign",66,49,118,69,17,35,18,-4,233,237,5
"10","1003",2016,"female","Austrian",-8,-6,10,16,-2,43,45,-33,95,128,3
"10","1003",2016,"female","Foreign",59,55,92,37,4,17,13,-18,129,147,4
"10","1003",2017,"male","Austrian",-24,-5,10,15,-19,31,50,78,205,127,21
"10","1003",2017,"male","Foreign",38,26,99,73,12,33,21,44,259,215,6
"10","1003",2017,"female","Austrian",-17,-11,3,14,-6,50,56,27,160,133,11
"10","1003",2017,"female","Foreign",57,44,105,61,13,30,17,18,190,172,9
"10","1003",2018,"male","Austrian",-7,2,11,9,-9,35,44,-3,153,156,3
"10","1003",2018,"male","Foreign",37,19,87,68,18,50,32,39,281,242,9
"10","1003",2018,"female","Austrian",-20,-2,7,9,-18,37,55,-30,114,144,3
"10","1003",2018,"female","Foreign",48,39,91,52,9,38,29,30,197,167,7
"10","1003",2019,"male","Austrian",-44,-14,7,21,-30,20,50,-38,124,162,4
"10","1003",2019,"male","Foreign",41,37,107,70,4,40,36,30,261,231,10
"10","1003",2019,"female","Austrian",-15,3,15,12,-18,35,53,-10,123,133,4
"10","1003",2019,"female","Foreign",28,16,82,66,12,32,20,18,195,177,12
"10","1003",2020,"male","Austrian",-18,-11,5,16,-7,36,43,-22,116,138,9
"10","1003",2020,"male","Foreign",5,3,72,69,2,32,30,22,271,249,9
"10","1003",2020,"female","Austrian",-21,-2,3,5,-19,32,51,-58,79,137,9
"10","1003",2020,"female","Foreign",30,23,76,53,7,21,14,-5,185,190,11
"10","1003",2021,"male","Austrian",-33,-6,7,13,-27,24,51,-62,86,148,8
"10","1003",2021,"male","Foreign",20,3,101,98,17,44,27,-14,263,277,12
"10","1003",2021,"female","Austrian",-21,2,8,6,-23,25,48,-43,79,122,4
"10","1003",2021,"female","Foreign",1,2,58,56,-1,15,16,-29,143,172,6
"10","1003",2022,"male","Austrian",-30,-5,6,11,-25,17,42,-41,89,130,6
"10","1003",2022,"male","Foreign",96,72,138,66,24,57,33,-29,283,312,6
"10","1003",2022,"female","Austrian",-16,3,11,8,-19,21,40,-38,98,136,8
"10","1003",2022,"female","Foreign",85,83,129,46,2,25,23,-41,189,230,6
"10","1003",2023,"male","Austrian",-15,-2,7,9,-13,17,30,-17,104,121,5
"10","1003",2023,"male","Foreign",70,33,109,76,37,83,46,59,342,283,13
"10","1003",2023,"female","Austrian",-14,-4,5,9,-10,29,39,-22,100,122,5
"10","1003",2023,"female","Foreign",54,35,99,64,19,31,12,59,229,170,4
"10","1004",2007,"male","Austrian",-23,2,17,15,-25,32,57,-55,130,185,8
"10","1004",2007,"male","Foreign",40,40,140,100,0,24,24,8,224,216,15
"10","1004",2007,"female","Austrian",-33,-6,5,11,-27,53,80,-50,161,211,7
"10","1004",2007,"female","Foreign",87,79,144,65,8,27,19,-10,174,184,14
"10","1004",2008,"male","Austrian",19,0,21,21,19,67,48,-72,145,217,9
"10","1004",2008,"male","Foreign",42,31,138,107,11,33,22,46,253,207,8
"10","1004",2008,"female","Austrian",-16,-2,8,10,-14,51,65,-65,143,208,14
"10","1004",2008,"female","Foreign",60,56,132,76,4,17,13,-13,181,194,8
"10","1004",2009,"male","Austrian",16,-2,18,20,18,66,48,23,202,179,11
"10","1004",2009,"male","Foreign",85,51,180,129,34,43,9,5,270,265,14
"10","1004",2009,"female","Austrian",-8,1,6,5,-9,46,55,-10,172,182,9
"10","1004",2009,"female","Foreign",85,60,131,71,25,34,9,2,191,189,9
"10","1004",2010,"male","Austrian",16,2,23,21,14,66,52,-64,156,220,3
"10","1004",2010,"male","Foreign",69,49,175,126,20,34,14,-20,257,277,13
"10","1004",2010,"female","Austrian",9,-3,13,16,12,69,57,-68,148,216,7
"10","1004",2010,"female","Foreign",56,30,130,100,26,41,15,13,223,210,6
"10","1004",2011,"male","Austrian",8,-1,23,24,9,62,53,-14,194,208,16
"10","1004",2011,"male","Foreign",76,18,182,164,58,84,26,13,297,284,26
"10","1004",2011,"female","Austrian",-7,-5,7,12,-2,51,53,-30,174,204,9
"10","1004",2011,"female","Foreign",103,67,158,91,36,57,21,-19,205,224,18
"10","1004",2012,"male","Austrian",8,-3,15,18,11,65,54,-26,171,197,10
"10","1004",2012,"male","Foreign",204,163,275,112,41,80,39,1,315,314,12
"10","1004",2012,"female","Austrian",2,-8,9,17,10,59,49,-71,145,216,10
"10","1004",2012,"female","Foreign",157,132,232,100,25,53,28,-51,210,261,11
"10","1004",2013,"male","Austrian",-13,-15,7,22,2,66,64,-47,156,203,7
"10","1004",2013,"male","Foreign",145,98,292,194,47,88,41,-3,390,393,25
"10","1004",2013,"female","Austrian",-15,-3,7,10,-12,53,65,-63,136,199,8
"10","1004",2013,"female","Foreign",143,105,225,120,38,65,27,-19,263,282,15
"10","1004",2014,"male","Austrian",12,-6,15,21,18,66,48,-73,164,237,11
"10","1004",2014,"male","Foreign",216,145,356,211,71,109,38,25,462,437,23
"10","1004",2014,"female","Austrian",-6,1,9,8,-7,61,68,-31,155,186,6
"10","1004",2014,"female","Foreign",184,148,295,147,36,61,25,20,333,313,9
"10","1004",2015,"male","Austrian",0,-10,13,23,10,57,47,-48,171,219,3
"10","1004",2015,"male","Foreign",443,314,500,186,129,183,54,17,583,566,29
"10","1004",2015,"female","Austrian",-6,-8,8,16,2,50,48,-94,151,245,2
"10","1004",2015,"female","Foreign",337,305,438,133,32,51,19,-19,328,347,15
"10","1004",2016,"male","Austrian",5,2,18,16,3,39,36,-69,146,215,6
"10","1004",2016,"male","Foreign",351,128,343,215,223,324,101,-135,814,949,84
"10","1004",2016,"female","Austrian",17,-1,8,9,18,64,46,-67,122,189,5
"10","1004",2016,"female","Foreign",211,177,328,151,34,94,60,-175,341,516,22
"10","1004",2017,"male","Austrian",2,-10,15,25,12,48,36,-47,140,187,6
"10","1004",2017,"male","Foreign",128,62,307,245,66,186,120,-115,838,953,51
"10","1004",2017,"female","Austrian",7,-6,1,7,13,53,40,-67,124,191,5
"10","1004",2017,"female","Foreign",149,100,299,199,49,101,52,-115,394,509,20
"10","1004",2018,"male","Austrian",-7,-3,17,20,-4,44,48,-94,137,231,10
"10","1004",2018,"male","Foreign",62,66,273,207,-4,102,106,-164,696,860,49
"10","1004",2018,"female","Austrian",-4,3,6,3,-7,39,46,-93,106,199,7
"10","1004",2018,"female","Foreign",103,107,243,136,-4,55,59,-132,383,515,28
"10","1004",2019,"male","Austrian",11,1,21,20,10,52,42,19,211,192,11
"10","1004",2019,"male","Foreign",118,106,335,229,12,102,90,-13,938,951,54
"10","1004",2019,"female","Austrian",-7,9,18,9,-16,44,60,19,211,192,11
"10","1004",2019,"female","Foreign",88,80,251,171,8,58,50,24,561,537,31
"10","1004",2020,"male","Austrian",-8,-7,16,23,-1,54,55,-71,168,239,8
"10","1004",2020,"male","Foreign",131,45,240,195,86,171,85,-109,688,797,48
"10","1004",2020,"female","Austrian",-11,-1,15,16,-10,55,65,-108,170,278,9
"10","1004",2020,"female","Foreign",83,35,183,148,48,87,39,-126,452,578,32
"10","1004",2021,"male","Austrian",23,6,17,11,17,64,47,-72,135,207,9
"10","1004",2021,"male","Foreign",350,47,278,231,303,401,98,-187,813,1000,66
"10","1004",2021,"female","Austrian",-7,-8,6,14,1,65,64,-76,162,238,10
"10","1004",2021,"female","Foreign",107,79,246,167,28,95,67,-105,494,599,32
"10","1004",2022,"male","Austrian",-22,-2,14,16,-20,44,64,-51,164,215,13
"10","1004",2022,"male","Foreign",523,154,342,188,369,477,108,-264,992,1256,102
"10","1004",2022,"female","Austrian",2,3,13,10,-1,49,50,-68,138,206,12
"10","1004",2022,"female","Foreign",237,209,365,156,28,78,50,-123,510,633,23
"10","1004",2023,"male","Austrian",-4,2,21,19,-6,50,56,-51,133,184,5
"10","1004",2023,"male","Foreign",374,78,329,251,296,442,146,-298,1064,1362,98
"10","1004",2023,"female","Austrian",-18,-7,12,19,-11,44,55,-65,161,226,7
"10","1004",2023,"female","Foreign",230,168,347,179,62,125,63,-96,548,644,16
"10","1005",2007,"male","Austrian",-52,-4,33,37,-48,89,137,-57,398,455,43
"10","1005",2007,"male","Foreign",102,99,241,142,3,55,52,-35,420,455,52
"10","1005",2007,"female","Austrian",-57,-5,9,14,-52,83,135,-109,318,427,48
"10","1005",2007,"female","Foreign",142,132,221,89,10,45,35,-36,316,352,34
"10","1005",2008,"male","Austrian",-46,-4,35,39,-42,87,129,-106,405,511,42
"10","1005",2008,"male","Foreign",161,125,271,146,36,75,39,-30,424,454,50
"10","1005",2008,"female","Austrian",-69,1,16,15,-70,72,142,-84,333,417,30
"10","1005",2008,"female","Foreign",201,159,261,102,42,72,30,-24,357,381,48
"10","1005",2009,"male","Austrian",-22,1,29,28,-23,91,114,-95,369,464,51
"10","1005",2009,"male","Foreign",63,43,233,190,20,71,51,60,483,423,67
"10","1005",2009,"female","Austrian",-38,-7,14,21,-31,93,124,-72,352,424,35
"10","1005",2009,"female","Foreign",94,80,214,134,14,57,43,18,380,362,52
"10","1005",2010,"male","Austrian",-9,6,39,33,-15,105,120,-8,351,359,44
"10","1005",2010,"male","Foreign",51,53,300,247,-2,62,64,51,481,430,59
"10","1005",2010,"female","Austrian",-38,-2,22,24,-36,70,106,-9,322,331,48
"10","1005",2010,"female","Foreign",108,98,243,145,10,52,42,-17,349,366,35
"10","1005",2011,"male","Austrian",-57,-1,38,39,-56,87,143,-56,327,383,21
"10","1005",2011,"male","Foreign",145,99,301,202,46,91,45,-96,434,530,43
"10","1005",2011,"female","Austrian",-61,-10,11,21,-51,76,127,-79,284,363,27
"10","1005",2011,"female","Foreign",171,136,264,128,35,64,29,-102,305,407,50
"10","1005",2012,"male","Austrian",-45,1,38,37,-46,75,121,-30,340,370,32
"10","1005",2012,"male","Foreign",91,99,348,249,-8,49,57,-26,452,478,36
"10","1005",2012,"female","Austrian",-49,-20,4,24,-29,62,91,-48,274,322,29
"10","1005",2012,"female","Foreign",172,183,336,153,-11,49,60,-60,329,389,39
"10","1005",2013,"male","Austrian",-29,-6,33,39,-23,95,118,-89,332,421,41
"10","1005",2013,"male","Foreign",253,230,433,203,23,88,65,-114,484,598,41
"10","1005",2013,"female","Austrian",-14,-4,12,16,-10,91,101,-65,292,357,35
"10","1005",2013,"female","Foreign",242,237,378,141,5,63,58,-135,321,456,34
"10","1005",2014,"male","Austrian",-5,2,31,29,-7,96,103,-14,319,333,40
"10","1005",2014,"male","Foreign",265,234,490,256,31,94,63,-58,516,574,42
"10","1005",2014,"female","Austrian",-54,-6,11,17,-48,76,124,-43,270,313,39
"10","1005",2014,"female","Foreign",251,228,418,190,23,58,35,-22,430,452,33
"10","1005",2015,"male","Austrian",-36,-9,30,39,-27,82,109,-68,298,366,35
"10","1005",2015,"male","Foreign",302,226,501,275,76,171,95,-44,641,685,53
"10","1005",2015,"female","Austrian",-36,-1,16,17,-35,59,94,-62,276,338,22
"10","1005",2015,"female","Foreign",211,197,392,195,14,68,54,-69,433,502,40
"10","1005",2016,"male","Austrian",-56,-13,28,41,-43,79,122,-75,275,350,24
"10","1005",2016,"male","Foreign",253,165,490,325,88,187,99,90,794,704,40
"10","1005",2016,"female","Austrian",-56,-12,11,23,-44,60,104,-77,213,290,30
"10","1005",2016,"female","Foreign",175,176,387,211,-1,72,73,-41,424,465,32
"10","1005",2017,"male","Austrian",-28,-5,25,30,-23,100,123,-31,295,326,37
"10","1005",2017,"male","Foreign",187,140,436,296,47,151,104,-60,834,894,45
"10","1005",2017,"female","Austrian",-54,-12,6,18,-42,81,123,-76,250,326,15
"10","1005",2017,"female","Foreign",187,147,329,182,40,98,58,0,542,542,43
"10","1005",2018,"male","Austrian",-45,-5,17,22,-40,80,120,-159,221,380,32
"10","1005",2018,"male","Foreign",107,129,473,344,-22,98,120,-80,787,867,42
"10","1005",2018,"female","Austrian",-64,-12,8,20,-52,61,113,-150,187,337,27
"10","1005",2018,"female","Foreign",127,143,320,177,-16,61,77,-90,523,613,29
"10","1005",2019,"male","Austrian",-64,-26,23,49,-38,77,115,-103,257,360,20
"10","1005",2019,"male","Foreign",144,112,443,331,32,135,103,-37,777,814,73
"10","1005",2019,"female","Austrian",-51,-13,14,27,-38,59,97,-141,192,333,23
"10","1005",2019,"female","Foreign",142,118,312,194,24,85,61,-118,492,610,53
"10","1005",2020,"male","Austrian",-59,-12,17,29,-47,75,122,-131,214,345,18
"10","1005",2020,"male","Foreign",114,96,374,278,18,122,104,-168,643,811,56
"10","1005",2020,"female","Austrian",-48,-13,8,21,-35,54,89,-113,183,296,16
"10","1005",2020,"female","Foreign",76,86,247,161,-10,57,67,-187,410,597,39
"10","1005",2021,"male","Austrian",-27,4,32,28,-31,91,122,-80,256,336,40
"10","1005",2021,"male","Foreign",278,57,309,252,221,312,91,-78,894,972,78
"10","1005",2021,"female","Austrian",-61,0,11,11,-61,56,117,-91,222,313,29
"10","1005",2021,"female","Foreign",98,74,241,167,24,86,62,-169,424,593,37
"10","1005",2022,"male","Austrian",-45,-2,25,27,-43,70,113,-84,209,293,26
"10","1005",2022,"male","Foreign",634,227,483,256,407,527,120,-102,1244,1346,107
"10","1005",2022,"female","Austrian",-55,-5,11,16,-50,75,125,-108,173,281,25
"10","1005",2022,"female","Foreign",351,319,459,140,32,93,61,-92,491,583,39
"10","1005",2023,"male","Austrian",-25,2,22,20,-27,66,93,-104,210,314,23
"10","1005",2023,"male","Foreign",446,107,456,349,339,490,151,-295,1197,1492,111
"10","1005",2023,"female","Austrian",-44,-7,9,16,-37,57,94,-100,178,278,21
"10","1005",2023,"female","Foreign",239,194,390,196,45,103,58,-164,508,672,60
"10","1006",2007,"male","Austrian",-25,-12,20,32,-13,45,58,-106,221,327,15
"10","1006",2007,"male","Foreign",81,70,221,151,11,45,34,55,423,368,26
"10","1006",2007,"female","Austrian",-5,1,20,19,-6,53,59,-145,197,342,17
"10","1006",2007,"female","Foreign",139,122,200,78,17,35,18,-34,282,316,17
"10","1006",2008,"male","Austrian",-11,-14,31,45,3,62,59,-86,243,329,20
"10","1006",2008,"male","Foreign",68,60,214,154,8,37,29,-69,395,464,27
"10","1006",2008,"female","Austrian",-28,-11,21,32,-17,47,64,-106,213,319,13
"10","1006",2008,"female","Foreign",112,88,184,96,24,46,22,-44,281,325,18
"10","1006",2009,"male","Austrian",3,-11,22,33,14,73,59,44,353,309,44
"10","1006",2009,"male","Foreign",91,61,226,165,30,59,29,70,413,343,39
"10","1006",2009,"female","Austrian",-20,-7,8,15,-13,63,76,4,307,303,48
"10","1006",2009,"female","Foreign",132,115,233,118,17,44,27,22,335,313,31
"10","1006",2010,"male","Austrian",-21,-28,22,50,7,70,63,-19,278,297,23
"10","1006",2010,"male","Foreign",125,101,300,199,24,53,29,-42,393,435,40
"10","1006",2010,"female","Austrian",6,-8,10,18,14,65,51,-6,261,267,19
"10","1006",2010,"female","Foreign",168,144,287,143,24,63,39,1,310,309,38
"10","1006",2011,"male","Austrian",7,-1,32,33,8,72,64,-9,285,294,46
"10","1006",2011,"male","Foreign",64,7,297,290,57,83,26,7,465,458,48
"10","1006",2011,"female","Austrian",5,-13,13,26,18,76,58,48,294,246,45
"10","1006",2011,"female","Foreign",78,40,248,208,38,57,19,-12,348,360,65
"10","1006",2012,"male","Austrian",-9,-5,24,29,-4,77,81,6,273,267,45
"10","1006",2012,"male","Foreign",178,153,402,249,25,66,41,-54,376,430,45
"10","1006",2012,"female","Austrian",3,-2,16,18,5,80,75,-29,237,266,36
"10","1006",2012,"female","Foreign",179,166,343,177,13,56,43,-30,347,377,45
"10","1006",2013,"male","Austrian",-25,-11,24,35,-14,60,74,-86,226,312,13
"10","1006",2013,"male","Foreign",187,150,451,301,37,61,24,-61,455,516,26
"10","1006",2013,"female","Austrian",-7,2,13,11,-9,65,74,-92,188,280,12
"10","1006",2013,"female","Foreign",188,187,453,266,1,34,33,-92,343,435,24
"10","1006",2014,"male","Austrian",7,2,30,28,5,72,67,-48,238,286,24
"10","1006",2014,"male","Foreign",335,243,544,301,92,130,38,-90,514,604,37
"10","1006",2014,"female","Austrian",-49,-17,9,26,-32,48,80,-26,238,264,17
"10","1006",2014,"female","Foreign",242,210,484,274,32,67,35,-115,389,504,26
"10","1006",2015,"male","Austrian",-29,-19,19,38,-10,62,72,-11,247,258,21
"10","1006",2015,"male","Foreign",322,211,536,325,111,186,75,-58,667,725,55
"10","1006",2015,"female","Austrian",-1,-7,13,20,6,80,74,-30,206,236,10
"10","1006",2015,"female","Foreign",243,246,504,258,-3,52,55,-94,402,496,40
"10","1006",2016,"male","Austrian",-27,-18,13,31,-9,42,51,-82,190,272,14
"10","1006",2016,"male","Foreign",270,137,471,334,133,222,89,-125,804,929,52
"10","1006",2016,"female","Austrian",-15,-9,7,16,-6,40,46,-91,163,254,16
"10","1006",2016,"female","Foreign",210,168,458,290,42,100,58,-118,473,591,26
"10","1006",2017,"male","Austrian",13,-5,25,30,18,88,70,-49,219,268,18
"10","1006",2017,"male","Foreign",188,136,410,274,52,165,113,91,991,900,76
"10","1006",2017,"female","Austrian",-23,-8,11,19,-15,65,80,-30,199,229,26
"10","1006",2017,"female","Foreign",177,168,376,208,9,84,75,7,607,600,50
"10","1006",2018,"male","Austrian",-38,-16,15,31,-22,49,71,-92,194,286,18
"10","1006",2018,"male","Foreign",130,107,413,306,23,109,86,-99,875,974,39
"10","1006",2018,"female","Austrian",-16,-17,7,24,1,60,59,-89,176,265,16
"10","1006",2018,"female","Foreign",84,102,285,183,-18,63,81,-116,515,631,33
"10","1006",2019,"male","Austrian",3,-3,20,23,6,61,55,-93,186,279,13
"10","1006",2019,"male","Foreign",-15,1,341,340,-16,93,109,-188,755,943,53
"10","1006",2019,"female","Austrian",-12,-10,10,20,-2,59,61,-85,189,274,17
"10","1006",2019,"female","Foreign",105,119,294,175,-14,57,71,-147,473,620,39
"10","1006",2020,"male","Austrian",-15,-16,14,30,1,60,59,-72,181,253,14
"10","1006",2020,"male","Foreign",138,108,335,227,30,99,69,-182,644,826,53
"10","1006",2020,"female","Austrian",-21,-20,6,26,-1,62,63,-90,166,256,9
"10","1006",2020,"female","Foreign",122,100,271,171,22,68,46,-233,388,621,57
"10","1006",2021,"male","Austrian",-39,-10,20,30,-29,54,83,-75,185,260,21
"10","1006",2021,"male","Foreign",344,75,358,283,269,358,89,-181,793,974,92
"10","1006",2021,"female","Austrian",-35,-16,9,25,-19,53,72,-120,143,263,20
"10","1006",2021,"female","Foreign",125,102,252,150,23,83,60,-194,428,622,49
"10","1006",2022,"male","Austrian",-5,-3,16,19,-2,54,56,-64,161,225,18
"10","1006",2022,"male","Foreign",420,129,403,274,291,413,122,-180,958,1138,100
"10","1006",2022,"female","Austrian",-13,-4,11,15,-9,54,63,-74,143,217,18
"10","1006",2022,"female","Foreign",268,248,414,166,20,91,71,-164,420,584,76
"10","1006",2023,"male","Austrian",-34,-19,9,28,-15,48,63,-82,132,214,19
"10","1006",2023,"male","Foreign",546,193,469,276,353,496,143,-181,1206,1387,138
"10","1006",2023,"female","Austrian",-12,-8,8,16,-4,47,51,-101,112,213,10
"10","1006",2023,"female","Foreign",276,198,429,231,78,120,42,-210,429,639,36
"10","1007",2007,"male","Austrian",-31,-1,28,29,-30,41,71,-35,213,248,13
"10","1007",2007,"male","Foreign",42,40,114,74,2,19,17,-1,191,192,8
"10","1007",2007,"female","Austrian",-29,-7,10,17,-22,58,80,-18,208,226,23
"10","1007",2007,"female","Foreign",67,62,99,37,5,19,14,11,138,127,9
"10","1007",2008,"male","Austrian",-15,-4,20,24,-11,62,73,-33,205,238,19
"10","1007",2008,"male","Foreign",49,23,124,101,26,46,20,14,212,198,11
"10","1007",2008,"female","Austrian",-48,-10,3,13,-38,53,91,-58,178,236,23
"10","1007",2008,"female","Foreign",68,49,115,66,19,41,22,9,177,168,9
"10","1007",2009,"male","Austrian",-35,-7,15,22,-28,48,76,25,247,222,19
"10","1007",2009,"male","Foreign",35,21,133,112,14,31,17,55,246,191,15
"10","1007",2009,"female","Austrian",-11,-8,9,17,-3,72,75,-12,240,252,26
"10","1007",2009,"female","Foreign",73,61,140,79,12,36,24,57,226,169,13
"10","1007",2010,"male","Austrian",-17,2,21,19,-19,43,62,-34,218,252,10
"10","1007",2010,"male","Foreign",34,17,133,116,17,36,19,18,226,208,8
"10","1007",2010,"female","Austrian",-13,-9,10,19,-4,63,67,-3,219,222,11
"10","1007",2010,"female","Foreign",87,64,136,72,23,27,4,29,191,162,3
"10","1007",2011,"male","Austrian",-11,-11,12,23,0,69,69,88,296,208,13
"10","1007",2011,"male","Foreign",44,32,168,136,12,34,22,63,262,199,13
"10","1007",2011,"female","Austrian",-14,-13,4,17,-1,65,66,52,284,232,16
"10","1007",2011,"female","Foreign",58,50,144,94,8,27,19,68,247,179,8
"10","1007",2012,"male","Austrian",-20,-10,18,28,-10,73,83,-6,210,216,29
"10","1007",2012,"male","Foreign",76,58,182,124,18,38,20,7,256,249,15
"10","1007",2012,"female","Austrian",-21,-5,7,12,-16,61,77,-31,208,239,18
"10","1007",2012,"female","Foreign",90,85,179,94,5,28,23,28,252,224,19
"10","1007",2013,"male","Austrian",-24,-5,21,26,-19,67,86,-20,205,225,14
"10","1007",2013,"male","Foreign",107,95,227,132,12,33,21,73,335,262,11
"10","1007",2013,"female","Austrian",-32,-12,4,16,-20,70,90,-65,190,255,17
"10","1007",2013,"female","Foreign",97,89,222,133,8,35,27,59,293,234,13
"10","1007",2014,"male","Austrian",-10,-2,17,19,-8,56,64,-5,224,229,5
"10","1007",2014,"male","Foreign",147,134,272,138,13,45,32,5,300,295,16
"10","1007",2014,"female","Austrian",-44,-1,12,13,-43,40,83,30,263,233,10
"10","1007",2014,"female","Foreign",102,104,237,133,-2,35,37,48,282,234,17
"10","1007",2015,"male","Austrian",-26,-10,17,27,-16,50,66,-23,198,221,19
"10","1007",2015,"male","Foreign",171,118,243,125,53,90,37,15,357,342,22
"10","1007",2015,"female","Austrian",-30,-12,9,21,-18,63,81,9,255,246,18
"10","1007",2015,"female","Foreign",121,122,238,116,-1,35,36,-18,280,298,20
"10","1007",2016,"male","Austrian",-29,-2,17,19,-27,45,72,-44,181,225,15
"10","1007",2016,"male","Foreign",161,82,247,165,79,150,71,33,483,450,30
"10","1007",2016,"female","Austrian",-39,-9,13,22,-30,48,78,-6,193,199,23
"10","1007",2016,"female","Foreign",82,105,225,120,-23,29,52,42,326,284,19
"10","1007",2017,"male","Austrian",-21,-2,17,19,-19,59,78,-6,218,224,10
"10","1007",2017,"male","Foreign",173,103,264,161,70,123,53,34,598,564,30
"10","1007",2017,"female","Austrian",-25,-2,15,17,-23,62,85,-24,227,251,12
"10","1007",2017,"female","Foreign",137,87,218,131,50,80,30,42,367,325,22
"10","1007",2018,"male","Austrian",-12,1,19,18,-13,56,69,-32,211,243,22
"10","1007",2018,"male","Foreign",58,29,208,179,29,84,55,59,545,486,18
"10","1007",2018,"female","Austrian",-53,-10,5,15,-43,53,96,-38,208,246,20
"10","1007",2018,"female","Foreign",93,60,178,118,33,60,27,16,378,362,22
"10","1007",2019,"male","Austrian",-27,3,17,14,-30,44,74,-59,179,238,8
"10","1007",2019,"male","Foreign",137,126,267,141,11,66,55,-17,429,446,14
"10","1007",2019,"female","Austrian",-41,-13,6,19,-28,44,72,-72,153,225,11
"10","1007",2019,"female","Foreign",102,88,197,109,14,54,40,6,341,335,22
"10","1007",2020,"male","Austrian",-37,1,12,11,-38,37,75,-57,168,225,17
"10","1007",2020,"male","Foreign",91,77,236,159,14,79,65,-37,425,462,32
"10","1007",2020,"female","Austrian",-51,-5,8,13,-46,37,83,-1,195,196,17
"10","1007",2020,"female","Foreign",90,63,171,108,27,67,40,-14,309,323,35
"10","1007",2021,"male","Austrian",-26,1,15,14,-27,46,73,-47,168,215,17
"10","1007",2021,"male","Foreign",91,-8,168,176,99,160,61,-87,484,571,28
"10","1007",2021,"female","Austrian",-40,-11,8,19,-29,46,75,-14,174,188,11
"10","1007",2021,"female","Foreign",61,55,155,100,6,48,42,-96,288,384,19
"10","1007",2022,"male","Austrian",-44,-7,13,20,-37,24,61,-68,161,229,11
"10","1007",2022,"male","Foreign",192,91,247,156,101,172,71,0,591,591,14
"10","1007",2022,"female","Austrian",-40,-13,7,20,-27,49,76,-69,151,220,11
"10","1007",2022,"female","Foreign",138,136,235,99,2,60,58,-55,312,367,10
"10","1007",2023,"male","Austrian",-41,0,13,13,-41,39,80,-70,129,199,23
"10","1007",2023,"male","Foreign",196,94,237,143,102,197,95,-110,666,776,31
"10","1007",2023,"female","Austrian",-63,-9,6,15,-54,31,85,-67,159,226,16
"10","1007",2023,"female","Foreign",127,87,191,104,40,83,43,-19,351,370,21
"10","1008",2007,"male","Austrian",-4,2,21,19,-6,47,53,13,244,231,19
"10","1008",2007,"male","Foreign",84,48,138,90,36,52,16,26,313,287,24
"10","1008",2007,"female","Austrian",8,3,15,12,5,55,50,6,241,235,25
"10","1008",2007,"female","Foreign",98,74,128,54,24,44,20,34,267,233,17
"10","1008",2008,"male","Austrian",-14,-9,15,24,-5,64,69,73,330,257,26
"10","1008",2008,"male","Foreign",79,41,144,103,38,62,24,34,349,315,23
"10","1008",2008,"female","Austrian",5,-4,8,12,9,65,56,61,304,243,17
"10","1008",2008,"female","Foreign",108,63,122,59,45,65,20,-37,244,281,18
"10","1008",2009,"male","Austrian",-15,-7,18,25,-8,50,58,-23,214,237,26
"10","1008",2009,"male","Foreign",37,19,137,118,18,40,22,-2,278,280,23
"10","1008",2009,"female","Austrian",-5,-3,11,14,-2,62,64,21,212,191,17
"10","1008",2009,"female","Foreign",79,71,131,60,8,33,25,-20,216,236,23
"10","1008",2010,"male","Austrian",-19,-12,15,27,-7,49,56,-7,177,184,13
"10","1008",2010,"male","Foreign",38,36,163,127,2,34,32,9,256,247,17
"10","1008",2010,"female","Austrian",-14,-8,7,15,-6,36,42,-48,142,190,9
"10","1008",2010,"female","Foreign",46,38,126,88,8,24,16,-11,195,206,22
"10","1008",2011,"male","Austrian",-3,-10,11,21,7,54,47,-37,210,247,16
"10","1008",2011,"male","Foreign",84,64,182,118,20,41,21,-25,279,304,20
"10","1008",2011,"female","Austrian",17,0,10,10,17,64,47,-35,201,236,23
"10","1008",2011,"female","Foreign",64,40,117,77,24,38,14,-15,224,239,21
"10","1008",2012,"male","Austrian",-1,2,18,16,-3,53,56,-6,198,204,12
"10","1008",2012,"male","Foreign",98,68,191,123,30,54,24,-5,303,308,38
"10","1008",2012,"female","Austrian",-5,-3,5,8,-2,54,56,-3,207,210,24
"10","1008",2012,"female","Foreign",96,78,152,74,18,44,26,-8,225,233,22
"10","1008",2013,"male","Austrian",-18,-4,16,20,-14,37,51,-74,164,238,7
"10","1008",2013,"male","Foreign",116,94,234,140,22,47,25,-23,282,305,6
"10","1008",2013,"female","Austrian",-9,-5,8,13,-4,43,47,-76,146,222,13
"10","1008",2013,"female","Foreign",104,89,156,67,15,48,33,-68,209,277,4
"10","1008",2014,"male","Austrian",-21,-7,15,22,-14,44,58,-41,165,206,14
"10","1008",2014,"male","Foreign",223,182,320,138,41,81,40,-64,321,385,26
"10","1008",2014,"female","Austrian",-7,-3,12,15,-4,49,53,-41,144,185,11
"10","1008",2014,"female","Foreign",143,124,212,88,19,49,30,-93,240,333,16
"10","1008",2015,"male","Austrian",-6,-13,17,30,7,50,43,-34,165,199,12
"10","1008",2015,"male","Foreign",196,160,296,136,36,90,54,-105,363,468,27
"10","1008",2015,"female","Austrian",-19,-13,7,20,-6,47,53,-47,145,192,12
"10","1008",2015,"female","Foreign",125,126,214,88,-1,34,35,-92,205,297,21
"10","1008",2016,"male","Austrian",-40,-17,11,28,-23,36,59,-39,129,168,17
"10","1008",2016,"male","Foreign",125,98,264,166,27,96,69,-4,461,465,32
"10","1008",2016,"female","Austrian",-24,-1,10,11,-23,30,53,-78,116,194,17
"10","1008",2016,"female","Foreign",147,120,203,83,27,70,43,30,334,304,29
"10","1008",2017,"male","Austrian",20,4,19,15,16,61,45,-17,140,157,4
"10","1008",2017,"male","Foreign",164,98,267,169,66,133,67,80,623,543,37
"10","1008",2017,"female","Austrian",-13,3,9,6,-16,37,53,-47,130,177,9
"10","1008",2017,"female","Foreign",106,61,172,111,45,96,51,-14,346,360,34
"10","1008",2018,"male","Austrian",-4,-2,13,15,-2,38,40,-30,145,175,3
"10","1008",2018,"male","Foreign",92,78,234,156,14,60,46,-125,545,670,16
"10","1008",2018,"female","Austrian",-9,2,9,7,-11,42,53,-59,114,173,7
"10","1008",2018,"female","Foreign",56,49,151,102,7,30,23,-120,282,402,10
"10","1008",2019,"male","Austrian",-12,-11,9,20,-1,49,50,-86,125,211,6
"10","1008",2019,"male","Foreign",37,23,239,216,14,78,64,-223,438,661,15
"10","1008",2019,"female","Austrian",-12,-10,3,13,-2,48,50,-32,136,168,10
"10","1008",2019,"female","Foreign",62,47,146,99,15,49,34,-141,295,436,16
"10","1008",2020,"male","Austrian",-15,-3,11,14,-12,35,47,-76,115,191,13
"10","1008",2020,"male","Foreign",31,-7,183,190,38,84,46,-79,382,461,23
"10","1008",2020,"female","Austrian",-17,-2,11,13,-15,34,49,-85,95,180,11
"10","1008",2020,"female","Foreign",25,21,124,103,4,40,36,-91,249,340,10
"10","1008",2021,"male","Austrian",-25,12,19,7,-37,26,63,-35,117,152,18
"10","1008",2021,"male","Foreign",145,22,199,177,123,186,63,-140,447,587,24
"10","1008",2021,"female","Austrian",-27,3,7,4,-30,38,68,-37,108,145,18
"10","1008",2021,"female","Foreign",40,27,142,115,13,53,40,-109,202,311,16
"10","1008",2022,"male","Austrian",-9,-2,14,16,-7,48,55,-47,139,186,9
"10","1008",2022,"male","Foreign",201,95,256,161,106,172,66,-58,561,619,30
"10","1008",2022,"female","Austrian",-27,0,9,9,-27,39,66,-67,107,174,11
"10","1008",2022,"female","Foreign",190,190,292,102,0,52,52,-35,339,374,24
"10","1008",2023,"male","Austrian",-9,-4,13,17,-5,42,47,20,163,143,3
"10","1008",2023,"male","Foreign",220,85,281,196,135,217,82,-75,555,630,37
"10","1008",2023,"female","Austrian",-36,-10,5,15,-26,22,48,-26,130,156,3
"10","1008",2023,"female","Foreign",130,113,239,126,17,50,33,-100,234,334,24
"10","1009",2007,"male","Austrian",-8,0,8,8,-8,41,49,162,283,121,15
"10","1009",2007,"male","Foreign",-2,0,15,15,-2,2,4,57,90,33,2
"10","1009",2007,"female","Austrian",-1,-3,1,4,2,40,38,103,238,135,16
"10","1009",2007,"female","Foreign",13,10,19,9,3,7,4,71,104,33,2
"10","1009",2008,"male","Austrian",-13,5,11,6,-18,29,47,13,139,126,11
"10","1009",2008,"male","Foreign",10,8,16,8,2,2,0,50,78,28,5
"10","1009",2008,"female","Austrian",-18,0,2,2,-18,16,34,32,150,118,12
"10","1009",2008,"female","Foreign",2,8,12,4,-6,1,7,36,72,36,5
"10","1009",2009,"male","Austrian",-27,-5,7,12,-22,23,45,13,122,109,10
"10","1009",2009,"male","Foreign",6,4,16,12,2,3,1,17,50,33,4
"10","1009",2009,"female","Austrian",-20,-5,0,5,-15,21,36,28,120,92,13
"10","1009",2009,"female","Foreign",10,7,14,7,3,3,0,16,48,32,1
"10","1009",2010,"male","Austrian",-21,-2,5,7,-19,15,34,-4,115,119,7
"10","1009",2010,"male","Foreign",11,13,31,18,-2,2,4,10,49,39,5
"10","1009",2010,"female","Austrian",-14,2,6,4,-16,18,34,26,137,111,13
"10","1009",2010,"female","Foreign",-3,-6,8,14,3,6,3,19,53,34,3
"10","1009",2011,"male","Austrian",-11,-6,4,10,-5,19,24,-8,107,115,20
"10","1009",2011,"male","Foreign",3,6,19,13,-3,2,5,6,49,43,1
"10","1009",2011,"female","Austrian",-3,-1,3,4,-2,22,24,8,110,102,14
"10","1009",2011,"female","Foreign",2,6,19,13,-4,4,8,17,48,31,4
"10","1009",2012,"male","Austrian",-25,-1,13,14,-24,19,43,13,114,101,10
"10","1009",2012,"male","Foreign",10,16,30,14,-6,2,8,22,74,52,5
"10","1009",2012,"female","Austrian",-23,-2,2,4,-21,20,41,9,124,115,13
"10","1009",2012,"female","Foreign",12,17,26,9,-5,0,5,31,70,39,2
"10","1009",2013,"male","Austrian",-7,-5,4,9,-2,23,25,-4,97,101,9
"10","1009",2013,"male","Foreign",7,13,30,17,-6,5,11,22,66,44,3
"10","1009",2013,"female","Austrian",-5,4,6,2,-9,18,27,24,123,99,13
"10","1009",2013,"female","Foreign",16,17,27,10,-1,6,7,22,61,39,1
"10","1009",2014,"male","Austrian",-11,-4,8,12,-7,21,28,-2,104,106,18
"10","1009",2014,"male","Foreign",10,13,27,14,-3,6,9,-1,67,68,2
"10","1009",2014,"female","Austrian",-19,3,5,2,-22,13,35,15,117,102,15
"10","1009",2014,"female","Foreign",8,7,24,17,1,11,10,17,72,55,2
"10","1009",2015,"male","Austrian",-35,-4,5,9,-31,13,44,-38,111,149,9
"10","1009",2015,"male","Foreign",14,16,36,20,-2,8,10,33,95,62,5
"10","1009",2015,"female","Austrian",-35,0,7,7,-35,13,48,-25,113,138,8
"10","1009",2015,"female","Foreign",7,11,28,17,-4,9,13,9,69,60,4
"10","1009",2016,"male","Austrian",-17,-3,10,13,-14,16,30,-12,84,96,7
"10","1009",2016,"male","Foreign",-2,3,24,21,-5,7,12,28,93,65,1
"10","1009",2016,"female","Austrian",-22,-8,5,13,-14,13,27,4,95,91,10
"10","1009",2016,"female","Foreign",6,14,23,9,-8,5,13,22,83,61,0
"10","1009",2017,"male","Austrian",-15,2,10,8,-17,20,37,-26,98,124,8
"10","1009",2017,"male","Foreign",3,12,27,15,-9,6,15,14,96,82,1
"10","1009",2017,"female","Austrian",-25,-2,5,7,-23,16,39,-21,109,130,12
"10","1009",2017,"female","Foreign",11,14,25,11,-3,4,7,0,72,72,3
"10","1009",2018,"male","Austrian",-10,-3,8,11,-7,30,37,134,232,98,7
"10","1009",2018,"male","Foreign",47,49,64,15,-2,6,8,124,193,69,7
"10","1009",2018,"female","Austrian",-1,-4,3,7,3,45,42,127,220,93,9
"10","1009",2018,"female","Foreign",54,55,71,16,-1,9,10,121,175,54,8
"10","1009",2019,"male","Austrian",-41,-4,7,11,-37,14,51,8,122,114,7
"10","1009",2019,"male","Foreign",22,18,62,44,4,10,6,30,136,106,5
"10","1009",2019,"female","Austrian",-17,-1,1,2,-16,23,39,-55,103,158,5
"10","1009",2019,"female","Foreign",13,6,52,46,7,15,8,38,130,92,5
"10","1009",2020,"male","Austrian",1,2,13,11,-1,19,20,-23,95,118,6
"10","1009",2020,"male","Foreign",10,18,50,32,-8,10,18,28,116,88,3
"10","1009",2020,"female","Austrian",-22,-2,2,4,-20,15,35,-19,99,118,7
"10","1009",2020,"female","Foreign",20,23,55,32,-3,10,13,25,111,86,3
"10","1009",2021,"male","Austrian",-8,3,10,7,-11,18,29,-38,83,121,9
"10","1009",2021,"male","Foreign",29,41,73,32,-12,5,17,53,125,72,1
"10","1009",2021,"female","Austrian",-5,3,3,0,-8,24,32,-42,72,114,7
"10","1009",2021,"female","Foreign",25,40,84,44,-15,3,18,7,81,74,2
"10","1009",2022,"male","Austrian",-35,-3,2,5,-32,7,39,-32,82,114,7
"10","1009",2022,"male","Foreign",65,59,109,50,6,20,14,52,160,108,2
"10","1009",2022,"female","Austrian",-31,-5,3,8,-26,6,32,-34,71,105,7
"10","1009",2022,"female","Foreign",50,53,100,47,-3,7,10,8,115,107,2
"10","1009",2023,"male","Austrian",-26,-4,4,8,-22,13,35,-33,78,111,8
"10","1009",2023,"male","Foreign",65,53,100,47,12,27,15,-22,119,141,6
"10","1009",2023,"female","Austrian",-21,0,4,4,-21,15,36,-51,72,123,7
"10","1009",2023,"female","Foreign",67,65,98,33,2,11,9,-7,107,114,6
"10","1010",2007,"male","Austrian",-62,-12,29,41,-50,72,122,-11,361,372,32
"10","1010",2007,"male","Foreign",37,39,98,59,-2,13,15,36,212,176,12
"10","1010",2007,"female","Austrian",-40,0,14,14,-40,63,103,-15,346,361,26
"10","1010",2007,"female","Foreign",43,40,86,46,3,20,17,51,189,138,9
"10","1010",2008,"male","Austrian",-71,-24,25,49,-47,59,106,26,401,375,44
"10","1010",2008,"male","Foreign",39,37,96,59,2,27,25,64,244,180,12
"10","1010",2008,"female","Austrian",-65,-8,13,21,-57,56,113,3,405,402,50
"10","1010",2008,"female","Foreign",79,66,96,30,13,31,18,106,241,135,14
"10","1010",2009,"male","Austrian",-74,-17,23,40,-57,68,125,86,407,321,44
"10","1010",2009,"male","Foreign",41,12,98,86,29,49,20,103,296,193,15
"10","1010",2009,"female","Austrian",-65,-24,6,30,-41,90,131,-32,353,385,33
"10","1010",2009,"female","Foreign",36,21,82,61,15,28,13,92,255,163,10
"10","1010",2010,"male","Austrian",-65,-27,28,55,-38,64,102,-24,326,350,38
"10","1010",2010,"male","Foreign",39,32,126,94,7,30,23,73,281,208,15
"10","1010",2010,"female","Austrian",-44,-17,16,33,-27,65,92,28,339,311,46
"10","1010",2010,"female","Foreign",45,38,100,62,7,23,16,64,231,167,14
"10","1010",2011,"male","Austrian",-33,-6,38,44,-27,83,110,50,363,313,26
"10","1010",2011,"male","Foreign",81,73,181,108,8,37,29,93,340,247,19
"10","1010",2011,"female","Austrian",-32,-2,15,17,-30,80,110,40,379,339,38
"10","1010",2011,"female","Foreign",55,51,104,53,4,25,21,82,277,195,11
"10","1010",2012,"male","Austrian",-32,-6,32,38,-26,68,94,25,365,340,20
"10","1010",2012,"male","Foreign",753,476,896,420,277,369,92,842,1602,760,36
"10","1010",2012,"female","Austrian",-66,-12,15,27,-54,53,107,-16,349,365,45
"10","1010",2012,"female","Foreign",259,170,310,140,89,145,56,304,628,324,14
"10","1010",2013,"male","Austrian",8,-10,37,47,18,105,87,212,583,371,55
"10","1010",2013,"male","Foreign",641,375,1146,771,266,453,187,-256,1211,1467,49
"10","1010",2013,"female","Austrian",-48,-15,16,31,-33,76,109,152,515,363,64
"10","1010",2013,"female","Foreign",235,169,436,267,66,140,74,57,645,588,45
"10","1010",2014,"male","Austrian",-71,-27,26,53,-44,74,118,-71,323,394,26
"10","1010",2014,"male","Foreign",-263,-339,531,870,76,216,140,-515,613,1128,39
"10","1010",2014,"female","Austrian",-41,-1,21,22,-40,62,102,-36,300,336,35
"10","1010",2014,"female","Foreign",19,13,234,221,6,55,49,-144,324,468,31
"10","1010",2015,"male","Austrian",-52,-17,26,43,-35,61,96,19,397,378,35
"10","1010",2015,"male","Foreign",467,223,592,369,244,351,107,-192,747,939,40
"10","1010",2015,"female","Austrian",-72,-20,13,33,-52,66,118,19,360,341,37
"10","1010",2015,"female","Foreign",205,181,283,102,24,60,36,16,431,415,31
"10","1010",2016,"male","Austrian",-43,-17,22,39,-26,72,98,4,342,338,43
"10","1010",2016,"male","Foreign",426,189,477,288,237,354,117,-252,773,1025,30
"10","1010",2016,"female","Austrian",-45,-8,14,22,-37,56,93,-28,293,321,43
"10","1010",2016,"female","Foreign",107,84,210,126,23,57,34,-4,369,373,21
"10","1010",2017,"male","Austrian",-32,0,27,27,-32,68,100,-6,338,344,32
"10","1010",2017,"male","Foreign",360,37,370,333,323,458,135,-440,793,1233,43
"10","1010",2017,"female","Austrian",-52,-5,11,16,-47,60,107,-68,324,392,30
"10","1010",2017,"female","Foreign",77,20,166,146,57,113,56,7,431,424,42
"10","1010",2018,"male","Austrian",-49,-15,23,38,-34,54,88,-67,324,391,40
"10","1010",2018,"male","Foreign",-35,-40,238,278,5,101,96,36,817,781,40
"10","1010",2018,"female","Austrian",-42,-11,21,32,-31,64,95,-56,275,331,30
"10","1010",2018,"female","Foreign",69,75,166,91,-6,37,43,74,464,390,27
"10","1010",2019,"male","Austrian",-53,-11,24,35,-42,52,94,-53,331,384,37
"10","1010",2019,"male","Foreign",81,47,292,245,34,101,67,109,700,591,37
"10","1010",2019,"female","Austrian",-48,-2,24,26,-46,55,101,-77,290,367,27
"10","1010",2019,"female","Foreign",27,29,154,125,-2,44,46,80,404,324,24
"10","1010",2020,"male","Austrian",-78,-4,26,30,-74,49,123,-110,268,378,33
"10","1010",2020,"male","Foreign",55,0,209,209,55,126,71,55,656,601,34
"10","1010",2020,"female","Austrian",-74,-5,17,22,-69,43,112,-97,243,340,34
"10","1010",2020,"female","Foreign",47,39,126,87,8,56,48,69,367,298,24
"10","1010",2021,"male","Austrian",-56,14,30,16,-70,41,111,-64,273,337,34
"10","1010",2021,"male","Foreign",85,-11,217,228,96,179,83,123,690,567,37
"10","1010",2021,"female","Austrian",-64,-1,16,17,-63,42,105,-130,208,338,38
"10","1010",2021,"female","Foreign",22,25,108,83,-3,47,50,176,461,285,38
"10","1010",2022,"male","Austrian",-60,-5,22,27,-55,55,110,185,531,346,66
"10","1010",2022,"male","Foreign",228,77,348,271,151,256,105,267,955,688,61
"10","1010",2022,"female","Austrian",-66,-5,12,17,-61,54,115,191,516,325,74
"10","1010",2022,"female","Foreign",102,78,181,103,24,67,43,337,698,361,64
"10","1010",2023,"male","Austrian",-56,-21,9,30,-35,41,76,-32,296,328,25
"10","1010",2023,"male","Foreign",145,-2,277,279,147,273,126,-28,811,839,61
"10","1010",2023,"female","Austrian",-39,-8,8,16,-31,48,79,-57,255,312,23
"10","1010",2023,"female","Foreign",92,99,199,100,-7,45,52,42,451,409,50
"10","1011",2007,"male","Austrian",-34,3,23,20,-37,28,65,49,259,210,20
"10","1011",2007,"male","Foreign",2,1,23,22,1,4,3,21,77,56,1
"10","1011",2007,"female","Austrian",-39,0,7,7,-39,22,61,26,234,208,23
"10","1011",2007,"female","Foreign",6,4,26,22,2,5,3,50,97,47,2
"10","1011",2008,"male","Austrian",-35,2,22,20,-37,23,60,32,256,224,24
"10","1011",2008,"male","Foreign",9,9,28,19,0,4,4,65,111,46,1
"10","1011",2008,"female","Austrian",-46,-9,4,13,-37,18,55,43,250,207,16
"10","1011",2008,"female","Foreign",21,16,29,13,5,6,1,74,118,44,3
"10","1011",2009,"male","Austrian",-66,-12,9,21,-54,15,69,-16,204,220,21
"10","1011",2009,"male","Foreign",10,6,23,17,4,7,3,66,119,53,6
"10","1011",2009,"female","Austrian",-51,-10,3,13,-41,15,56,-12,184,196,11
"10","1011",2009,"female","Foreign",15,11,27,16,4,7,3,65,110,45,4
"10","1011",2010,"male","Austrian",-20,-11,19,30,-9,32,41,-1,230,231,21
"10","1011",2010,"male","Foreign",3,6,28,22,-3,4,7,54,104,50,2
"10","1011",2010,"female","Austrian",-27,-4,5,9,-23,26,49,-34,192,226,14
"10","1011",2010,"female","Foreign",-1,4,20,16,-5,5,10,61,114,53,4
"10","1011",2011,"male","Austrian",-34,-11,12,23,-23,18,41,-20,169,189,23
"10","1011",2011,"male","Foreign",10,7,23,16,3,9,6,44,100,56,2
"10","1011",2011,"female","Austrian",-21,-2,5,7,-19,19,38,12,192,180,29
"10","1011",2011,"female","Foreign",10,5,25,20,5,11,6,29,86,57,3
"10","1011",2012,"male","Austrian",-13,-2,16,18,-11,20,31,-25,181,206,16
"10","1011",2012,"male","Foreign",21,21,38,17,0,6,6,48,124,76,1
"10","1011",2012,"female","Austrian",-49,-10,7,17,-39,15,54,6,179,173,17
"10","1011",2012,"female","Foreign",21,16,40,24,5,9,4,58,116,58,2
"10","1011",2013,"male","Austrian",-20,1,16,15,-21,22,43,-6,205,211,14
"10","1011",2013,"male","Foreign",32,32,57,25,0,7,7,29,127,98,3
"10","1011",2013,"female","Austrian",-27,-7,8,15,-20,21,41,6,206,200,13
"10","1011",2013,"female","Foreign",24,22,41,19,2,7,5,44,119,75,5
"10","1011",2014,"male","Austrian",-41,-7,12,19,-34,16,50,-32,145,177,15
"10","1011",2014,"male","Foreign",28,22,55,33,6,12,6,33,122,89,0
"10","1011",2014,"female","Austrian",-32,-4,6,10,-28,14,42,-1,147,148,8
"10","1011",2014,"female","Foreign",34,32,53,21,2,9,7,42,94,52,4
"10","1011",2015,"male","Austrian",-8,-6,21,27,-2,32,34,19,189,170,14
"10","1011",2015,"male","Foreign",26,19,44,25,7,17,10,39,142,103,6
"10","1011",2015,"female","Austrian",-2,0,8,8,-2,23,25,-10,153,163,13
"10","1011",2015,"female","Foreign",22,26,53,27,-4,6,10,20,113,93,9
"10","1011",2016,"male","Austrian",-42,-11,20,31,-31,14,45,-23,149,172,10
"10","1011",2016,"male","Foreign",29,15,37,22,14,28,14,28,123,95,8
"10","1011",2016,"female","Austrian",-30,-1,9,10,-29,14,43,-54,85,139,7
"10","1011",2016,"female","Foreign",35,28,51,23,7,21,14,29,103,74,2
"10","1011",2017,"male","Austrian",-8,-1,13,14,-7,22,29,15,195,180,18
"10","1011",2017,"male","Foreign",16,16,51,35,0,15,15,41,176,135,7
"10","1011",2017,"female","Austrian",-25,0,5,5,-25,20,45,9,173,164,28
"10","1011",2017,"female","Foreign",19,16,40,24,3,12,9,35,128,93,6
"10","1011",2018,"male","Austrian",-46,-14,13,27,-32,25,57,18,185,167,13
"10","1011",2018,"male","Foreign",12,11,40,29,1,14,13,80,201,121,5
"10","1011",2018,"female","Austrian",-40,-9,7,16,-31,27,58,11,163,152,9
"10","1011",2018,"female","Foreign",9,4,28,24,5,15,10,81,162,81,3
"10","1011",2019,"male","Austrian",-25,-8,11,19,-17,29,46,0,192,192,17
"10","1011",2019,"male","Foreign",25,33,60,27,-8,11,19,50,151,101,6
"10","1011",2019,"female","Austrian",-53,-5,8,13,-48,16,64,-9,165,174,13
"10","1011",2019,"female","Foreign",12,15,42,27,-3,7,10,78,152,74,6
"10","1011",2020,"male","Austrian",-19,0,15,15,-19,18,37,-1,170,171,18
"10","1011",2020,"male","Foreign",4,-1,28,29,5,16,11,74,180,106,5
"10","1011",2020,"female","Austrian",-36,-7,8,15,-29,17,46,-13,127,140,12
"10","1011",2020,"female","Foreign",7,9,30,21,-2,8,10,86,161,75,5
"10","1011",2021,"male","Austrian",-35,-2,14,16,-33,17,50,-7,139,146,12
"10","1011",2021,"male","Foreign",-4,-4,26,30,0,21,21,65,156,91,5
"10","1011",2021,"female","Austrian",-37,-6,9,15,-31,20,51,-10,117,127,8
"10","1011",2021,"female","Foreign",-4,7,34,27,-11,8,19,44,111,67,3
"10","1011",2022,"male","Austrian",-2,0,15,15,-2,25,27,47,227,180,16
"10","1011",2022,"male","Foreign",18,25,53,28,-7,9,16,86,211,125,8
"10","1011",2022,"female","Austrian",-24,-7,6,13,-17,28,45,81,248,167,14
"10","1011",2022,"female","Foreign",26,34,60,26,-8,5,13,66,195,129,6
"10","1011",2023,"male","Austrian",-7,4,14,10,-11,28,39,3,157,154,15
"10","1011",2023,"male","Foreign",18,15,46,31,3,24,21,91,204,113,2
"10","1011",2023,"female","Austrian",-19,5,14,9,-24,33,57,12,164,152,18
"10","1011",2023,"female","Foreign",9,7,30,23,2,11,9,81,175,94,14
"10","1012",2007,"male","Austrian",7,1,2,1,6,26,20,13,60,47,7
"10","1012",2007,"male","Foreign",12,12,17,5,0,2,2,-2,17,19,1
"10","1012",2007,"female","Austrian",6,-1,0,1,7,27,20,13,57,44,5
"10","1012",2007,"female","Foreign",12,13,23,10,-1,4,5,9,27,18,2
"10","1012",2008,"male","Austrian",-8,-1,5,6,-7,24,31,39,73,34,5
"10","1012",2008,"male","Foreign",13,11,24,13,2,3,1,-7,16,23,2
"10","1012",2008,"female","Austrian",-5,-3,0,3,-2,25,27,6,54,48,10
"10","1012",2008,"female","Foreign",10,8,14,6,2,4,2,-4,22,26,1
"10","1012",2009,"male","Austrian",3,2,4,2,1,27,26,9,62,53,2
"10","1012",2009,"male","Foreign",8,11,23,12,-3,1,4,-6,17,23,5
"10","1012",2009,"female","Austrian",-23,-3,1,4,-20,19,39,25,57,32,7
"10","1012",2009,"female","Foreign",7,12,22,10,-5,3,8,8,20,12,5
"10","1012",2010,"male","Austrian",-16,1,4,3,-17,22,39,16,53,37,6
"10","1012",2010,"male","Foreign",13,9,17,8,4,5,1,-7,12,19,1
"10","1012",2010,"female","Austrian",-6,2,3,1,-8,17,25,17,50,33,4
"10","1012",2010,"female","Foreign",12,13,18,5,-1,5,6,2,17,15,1
"10","1012",2011,"male","Austrian",3,-3,0,3,6,14,8,3,58,55,7
"10","1012",2011,"male","Foreign",1,6,17,11,-5,0,5,-2,15,17,1
"10","1012",2011,"female","Austrian",-4,-6,1,7,2,9,7,-4,41,45,6
"10","1012",2011,"female","Foreign",6,5,16,11,1,3,2,-6,15,21,1
"10","1012",2012,"male","Austrian",-11,-3,2,5,-8,14,22,-2,42,44,7
"10","1012",2012,"male","Foreign",29,23,35,12,6,8,2,-5,20,25,1
"10","1012",2012,"female","Austrian",-10,-4,2,6,-6,11,17,-8,26,34,4
"10","1012",2012,"female","Foreign",28,27,38,11,1,4,3,-10,16,26,3
"10","1012",2013,"male","Austrian",-16,-1,4,5,-15,16,31,-13,38,51,3
"10","1012",2013,"male","Foreign",17,20,26,6,-3,3,6,-17,13,30,0
"10","1012",2013,"female","Austrian",-18,-3,2,5,-15,14,29,2,44,42,2
"10","1012",2013,"female","Foreign",16,18,28,10,-2,2,4,-5,18,23,1
"10","1012",2014,"male","Austrian",-9,0,2,2,-9,18,27,-16,38,54,1
"10","1012",2014,"male","Foreign",17,13,28,15,4,7,3,-6,15,21,0
"10","1012",2014,"female","Austrian",-2,1,2,1,-3,16,19,-8,31,39,1
"10","1012",2014,"female","Foreign",17,18,29,11,-1,8,9,-14,20,34,0
"10","1012",2015,"male","Austrian",-22,-3,7,10,-19,14,33,3,42,39,5
"10","1012",2015,"male","Foreign",18,15,31,16,3,9,6,-13,23,36,1
"10","1012",2015,"female","Austrian",-8,4,4,0,-12,10,22,4,46,42,5
"10","1012",2015,"female","Foreign",19,19,27,8,0,2,2,3,28,25,1
"10","1012",2016,"male","Austrian",-21,0,2,2,-21,16,37,-11,32,43,3
"10","1012",2016,"male","Foreign",5,11,21,10,-6,1,7,4,26,22,4
"10","1012",2016,"female","Austrian",-12,-1,3,4,-11,7,18,-11,25,36,5
"10","1012",2016,"female","Foreign",1,8,26,18,-7,1,8,7,27,20,1
"10","1012",2017,"male","Austrian",-13,-4,1,5,-9,17,26,4,41,37,1
"10","1012",2017,"male","Foreign",12,10,23,13,2,10,8,-15,27,42,3
"10","1012",2017,"female","Austrian",-9,3,3,0,-12,16,28,5,33,28,0
"10","1012",2017,"female","Foreign",8,2,21,19,6,9,3,-11,28,39,3
"10","1012",2018,"male","Austrian",-15,-3,2,5,-12,8,20,-19,22,41,4
"10","1012",2018,"male","Foreign",5,4,20,16,1,4,3,-1,30,31,1
"10","1012",2018,"female","Austrian",-8,-3,4,7,-5,11,16,-6,30,36,3
"10","1012",2018,"female","Foreign",7,4,19,15,3,9,6,8,29,21,0
"10","1012",2019,"male","Austrian",-9,-1,1,2,-8,14,22,17,53,36,5
"10","1012",2019,"male","Foreign",21,19,35,16,2,4,2,-6,23,29,1
"10","1012",2019,"female","Austrian",-8,3,4,1,-11,12,23,-6,39,45,5
"10","1012",2019,"female","Foreign",10,11,28,17,-1,4,5,6,29,23,3
"10","1012",2020,"male","Austrian",-7,1,4,3,-8,12,20,-28,33,61,6
"10","1012",2020,"male","Foreign",8,12,28,16,-4,3,7,-6,31,37,1
"10","1012",2020,"female","Austrian",-11,-1,2,3,-10,12,22,-36,28,64,5
"10","1012",2020,"female","Foreign",4,9,26,17,-5,3,8,3,28,25,1
"10","1012",2021,"male","Austrian",-22,-5,0,5,-17,12,29,-1,42,43,6
"10","1012",2021,"male","Foreign",14,4,18,14,10,17,7,10,48,38,3
"10","1012",2021,"female","Austrian",-13,1,4,3,-14,15,29,-16,28,44,3
"10","1012",2021,"female","Foreign",11,4,21,17,7,11,4,-2,28,30,5
"10","1012",2022,"male","Austrian",-11,3,5,2,-14,11,25,-14,31,45,2
"10","1012",2022,"male","Foreign",30,29,56,27,1,11,10,-5,59,64,1
"10","1012",2022,"female","Austrian",-21,1,3,2,-22,8,30,-12,28,40,3
"10","1012",2022,"female","Foreign",48,51,75,24,-3,6,9,-30,46,76,2
"10","1012",2023,"male","Austrian",-9,-3,2,5,-6,15,21,12,39,27,2
"10","1012",2023,"male","Foreign",18,9,35,26,9,13,4,-2,38,40,0
"10","1012",2023,"female","Austrian",-18,-3,3,6,-15,10,25,-3,30,33,1
"10","1012",2023,"female","Foreign",20,9,30,21,11,18,7,-9,38,47,3
"10","1013",2007,"male","Austrian",-25,-11,3,14,-14,11,25,12,103,91,17
"10","1013",2007,"male","Foreign",-1,0,4,4,-1,1,2,33,42,9,2
"10","1013",2007,"female","Austrian",-32,0,5,5,-32,16,48,23,100,77,23
"10","1013",2007,"female","Foreign",11,8,11,3,3,4,1,17,33,16,3
"10","1013",2008,"male","Austrian",-15,-1,4,5,-14,17,31,44,118,74,8
"10","1013",2008,"male","Foreign",4,7,12,5,-3,0,3,23,38,15,2
"10","1013",2008,"female","Austrian",-12,-2,3,5,-10,16,26,25,92,67,6
"10","1013",2008,"female","Foreign",12,11,12,1,1,3,2,20,36,16,3
"10","1013",2009,"male","Austrian",-25,4,7,3,-29,18,47,29,104,75,18
"10","1013",2009,"male","Foreign",-3,-6,6,12,3,5,2,19,39,20,3
"10","1013",2009,"female","Austrian",-27,-1,2,3,-26,10,36,21,111,90,10
"10","1013",2009,"female","Foreign",5,2,9,7,3,4,1,30,45,15,2
"10","1013",2010,"male","Austrian",-11,-6,5,11,-5,19,24,-3,77,80,9
"10","1013",2010,"male","Foreign",4,4,13,9,0,2,2,12,33,21,4
"10","1013",2010,"female","Austrian",-27,-8,3,11,-19,16,35,8,86,78,12
"10","1013",2010,"female","Foreign",11,12,18,6,-1,1,2,24,39,15,3
"10","1013",2011,"male","Austrian",-19,-4,5,9,-15,20,35,16,115,99,16
"10","1013",2011,"male","Foreign",-3,-2,9,11,-1,2,3,14,32,18,4
"10","1013",2011,"female","Austrian",-7,-7,1,8,0,29,29,1,90,89,20
"10","1013",2011,"female","Foreign",8,7,18,11,1,4,3,9,32,23,6
"10","1013",2012,"male","Austrian",-10,3,11,8,-13,16,29,22,113,91,13
"10","1013",2012,"male","Foreign",14,12,17,5,2,4,2,18,32,14,3
"10","1013",2012,"female","Austrian",-2,1,5,4,-3,13,16,1,87,86,16
"10","1013",2012,"female","Foreign",19,20,29,9,-1,4,5,0,25,25,2
"10","1013",2013,"male","Austrian",-18,-3,3,6,-15,14,29,22,96,74,13
"10","1013",2013,"male","Foreign",19,18,24,6,1,2,1,16,40,24,3
"10","1013",2013,"female","Austrian",-14,-1,2,3,-13,14,27,1,96,95,16
"10","1013",2013,"female","Foreign",11,8,20,12,3,4,1,21,40,19,3
"10","1013",2014,"male","Austrian",-5,1,5,4,-6,18,24,27,100,73,12
"10","1013",2014,"male","Foreign",15,19,34,15,-4,2,6,24,55,31,7
"10","1013",2014,"female","Austrian",-18,-4,0,4,-14,17,31,13,89,76,9
"10","1013",2014,"female","Foreign",17,15,23,8,2,5,3,26,43,17,5
"10","1013",2015,"male","Austrian",-23,-6,1,7,-17,15,32,-9,91,100,18
"10","1013",2015,"male","Foreign",10,10,23,13,0,4,4,14,48,34,4
"10","1013",2015,"female","Austrian",-14,-4,3,7,-10,20,30,-28,72,100,17
"10","1013",2015,"female","Foreign",26,22,36,14,4,8,4,22,51,29,5
"10","1013",2016,"male","Austrian",-17,-5,4,9,-12,12,24,-11,80,91,13
"10","1013",2016,"male","Foreign",15,12,21,9,3,8,5,22,61,39,5
"10","1013",2016,"female","Austrian",-9,1,2,1,-10,14,24,-20,70,90,14
"10","1013",2016,"female","Foreign",19,19,31,12,0,2,2,21,52,31,8
"10","1013",2017,"male","Austrian",-6,-3,4,7,-3,22,25,15,92,77,11
"10","1013",2017,"male","Foreign",4,4,17,13,0,5,5,34,61,27,4
"10","1013",2017,"female","Austrian",0,3,3,0,-3,20,23,13,96,83,8
"10","1013",2017,"female","Foreign",5,10,24,14,-5,1,6,9,43,34,3
"10","1013",2018,"male","Austrian",-31,-2,4,6,-29,11,40,24,102,78,12
"10","1013",2018,"male","Foreign",6,3,22,19,3,4,1,15,58,43,7
"10","1013",2018,"female","Austrian",-29,-1,3,4,-28,10,38,-14,73,87,16
"10","1013",2018,"female","Foreign",5,8,21,13,-3,4,7,17,53,36,8
"10","1013",2019,"male","Austrian",-26,-4,5,9,-22,14,36,-5,96,101,19
"10","1013",2019,"male","Foreign",3,3,21,18,0,8,8,27,87,60,3
"10","1013",2019,"female","Austrian",-22,-4,3,7,-18,15,33,-5,91,96,15
"10","1013",2019,"female","Foreign",8,8,21,13,0,3,3,-1,66,67,10
"10","1013",2020,"male","Austrian",0,1,4,3,-1,29,30,-6,91,97,6
"10","1013",2020,"male","Foreign",3,5,18,13,-2,7,9,28,61,33,2
"10","1013",2020,"female","Austrian",-34,-1,2,3,-33,11,44,-32,73,105,9
"10","1013",2020,"female","Foreign",3,7,15,8,-4,3,7,38,62,24,2
"10","1013",2021,"male","Austrian",-22,-2,6,8,-20,10,30,-62,51,113,5
"10","1013",2021,"male","Foreign",13,11,23,12,2,11,9,27,72,45,1
"10","1013",2021,"female","Austrian",-30,-6,2,8,-24,23,47,-42,50,92,10
"10","1013",2021,"female","Foreign",18,14,20,6,4,5,1,22,46,24,4
"10","1013",2022,"male","Austrian",-17,-5,1,6,-12,11,23,-22,66,88,8
"10","1013",2022,"male","Foreign",13,15,30,15,-2,9,11,19,64,45,3
"10","1013",2022,"female","Austrian",-18,1,3,2,-19,13,32,-33,68,101,8
"10","1013",2022,"female","Foreign",10,16,30,14,-6,3,9,5,44,39,6
"10","1013",2023,"male","Austrian",-26,-4,1,5,-22,6,28,-19,65,84,17
"10","1013",2023,"male","Foreign",-4,-6,19,25,2,8,6,-4,59,63,3
"10","1013",2023,"female","Austrian",-28,-4,2,6,-24,15,39,-45,45,90,20
"10","1013",2023,"female","Foreign",6,4,24,20,2,4,2,8,55,47,3
"10","1014",2007,"male","Austrian",-3,1,10,9,-4,11,15,-6,97,103,13
"10","1014",2007,"male","Foreign",2,3,5,2,-1,0,1,13,25,12,0
"10","1014",2007,"female","Austrian",-5,2,2,0,-7,14,21,5,83,78,6
"10","1014",2007,"female","Foreign",-2,3,8,5,-5,3,8,19,26,7,0
"10","1014",2008,"male","Austrian",-19,-3,10,13,-16,8,24,25,102,77,13
"10","1014",2008,"male","Foreign",-2,-3,2,5,1,2,1,3,30,27,1
"10","1014",2008,"female","Austrian",-20,0,6,6,-20,16,36,29,105,76,12
"10","1014",2008,"female","Foreign",3,5,8,3,-2,2,4,6,16,10,5
"10","1014",2009,"male","Austrian",-5,1,11,10,-6,7,13,33,115,82,14
"10","1014",2009,"male","Foreign",10,9,12,3,1,1,0,6,18,12,1
"10","1014",2009,"female","Austrian",-11,-2,6,8,-9,14,23,21,105,84,5
"10","1014",2009,"female","Foreign",0,0,6,6,0,1,1,6,17,11,2
"10","1014",2010,"male","Austrian",-14,-3,6,9,-11,11,22,21,90,69,10
"10","1014",2010,"male","Foreign",0,0,11,11,0,0,0,10,24,14,0
"10","1014",2010,"female","Austrian",-16,-8,1,9,-8,19,27,-12,74,86,2
"10","1014",2010,"female","Foreign",-3,2,6,4,-5,0,5,14,27,13,1
"10","1014",2011,"male","Austrian",3,5,9,4,-2,24,26,5,82,77,9
"10","1014",2011,"male","Foreign",6,7,13,6,-1,3,4,21,39,18,3
"10","1014",2011,"female","Austrian",-9,0,1,1,-9,17,26,-34,71,105,7
"10","1014",2011,"female","Foreign",9,8,10,2,1,4,3,24,34,10,4
"10","1014",2012,"male","Austrian",-9,3,8,5,-12,23,35,42,117,75,9
"10","1014",2012,"male","Foreign",1,4,9,5,-3,0,3,12,24,12,1
"10","1014",2012,"female","Austrian",-10,3,5,2,-13,10,23,46,111,65,6
"10","1014",2012,"female","Foreign",3,5,14,9,-2,2,4,12,24,12,3
"10","1014",2013,"male","Austrian",3,-3,5,8,6,23,17,18,87,69,8
"10","1014",2013,"male","Foreign",5,6,9,3,-1,1,2,20,32,12,0
"10","1014",2013,"female","Austrian",-12,3,3,0,-15,14,29,10,83,73,14
"10","1014",2013,"female","Foreign",7,8,13,5,-1,1,2,11,24,13,0
"10","1014",2014,"male","Austrian",-7,1,7,6,-8,12,20,-12,67,79,13
"10","1014",2014,"male","Foreign",7,7,16,9,0,2,2,20,36,16,4
"10","1014",2014,"female","Austrian",-4,0,1,1,-4,16,20,-13,51,64,7
"10","1014",2014,"female","Foreign",1,4,9,5,-3,0,3,17,31,14,1
"10","1014",2015,"male","Austrian",-10,0,5,5,-10,10,20,-10,79,89,8
"10","1014",2015,"male","Foreign",7,6,11,5,1,3,2,7,39,32,6
"10","1014",2015,"female","Austrian",-12,0,1,1,-12,13,25,-2,78,80,11
"10","1014",2015,"female","Foreign",9,9,14,5,0,1,1,14,36,22,4
"10","1014",2016,"male","Austrian",-17,-5,3,8,-12,18,30,4,79,75,11
"10","1014",2016,"male","Foreign",2,3,16,13,-1,3,4,28,51,23,1
"10","1014",2016,"female","Austrian",-40,-6,1,7,-34,9,43,-6,72,78,7
"10","1014",2016,"female","Foreign",6,7,15,8,-1,6,7,28,45,17,0
"10","1014",2017,"male","Austrian",-11,-3,5,8,-8,21,29,-6,77,83,5
"10","1014",2017,"male","Foreign",7,7,15,8,0,3,3,19,49,30,3
"10","1014",2017,"female","Austrian",-29,-4,1,5,-25,13,38,0,80,80,5
"10","1014",2017,"female","Foreign",10,9,14,5,1,5,4,14,48,34,2
"10","1014",2018,"male","Austrian",-11,2,5,3,-13,12,25,-1,79,80,6
"10","1014",2018,"male","Foreign",4,11,21,10,-7,3,10,18,54,36,3
"10","1014",2018,"female","Austrian",-19,-3,2,5,-16,13,29,8,79,71,2
"10","1014",2018,"female","Foreign",-4,3,10,7,-7,2,9,31,55,24,3
"10","1014",2019,"male","Austrian",-16,-1,6,7,-15,18,33,-15,79,94,9
"10","1014",2019,"male","Foreign",0,-2,12,14,2,6,4,27,59,32,2
"10","1014",2019,"female","Austrian",-32,-8,2,10,-24,10,34,6,78,72,12
"10","1014",2019,"female","Foreign",0,2,14,12,-2,2,4,21,47,26,2
"10","1014",2020,"male","Austrian",-1,3,7,4,-4,21,25,-8,69,77,13
"10","1014",2020,"male","Foreign",4,4,17,13,0,6,6,46,75,29,2
"10","1014",2020,"female","Austrian",-15,-1,2,3,-14,17,31,-9,59,68,11
"10","1014",2020,"female","Foreign",-5,0,13,13,-5,2,7,31,65,34,3
"10","1014",2021,"male","Austrian",-20,-1,5,6,-19,13,32,-8,72,80,4
"10","1014",2021,"male","Foreign",0,-1,14,15,1,6,5,19,58,39,6
"10","1014",2021,"female","Austrian",-18,-8,0,8,-10,19,29,1,75,74,5
"10","1014",2021,"female","Foreign",-14,-10,7,17,-4,2,6,18,40,22,6
"10","1014",2022,"male","Austrian",-10,-3,3,6,-7,13,20,-14,65,79,5
"10","1014",2022,"male","Foreign",17,18,28,10,-1,3,4,32,75,43,0
"10","1014",2022,"female","Austrian",-14,3,6,3,-17,10,27,0,74,74,4
"10","1014",2022,"female","Foreign",11,16,34,18,-5,0,5,44,73,29,0
"10","1014",2023,"male","Austrian",-13,-3,4,7,-10,12,22,3,54,51,2
"10","1014",2023,"male","Foreign",7,9,25,16,-2,6,8,-5,44,49,1
"10","1014",2023,"female","Austrian",-11,0,1,1,-11,10,21,-19,67,86,5
"10","1014",2023,"female","Foreign",15,17,27,10,-2,1,3,11,42,31,3
"10","1015",2007,"male","Austrian",6,-6,8,14,12,47,35,260,343,83,18
"10","1015",2007,"male","Foreign",6,7,10,3,-1,1,2,65,80,15,0
"10","1015",2007,"female","Austrian",13,-4,7,11,17,49,32,275,356,81,26
"10","1015",2007,"female","Foreign",17,15,18,3,2,7,5,64,77,13,1
"10","1015",2008,"male","Austrian",-14,-5,8,13,-9,17,26,146,231,85,18
"10","1015",2008,"male","Foreign",1,2,10,8,-1,2,3,54,76,22,8
"10","1015",2008,"female","Austrian",-20,-1,1,2,-19,24,43,173,250,77,21
"10","1015",2008,"female","Foreign",12,11,21,10,1,6,5,60,74,14,10
"10","1015",2009,"male","Austrian",-16,-2,6,8,-14,20,34,18,138,120,5
"10","1015",2009,"male","Foreign",8,8,15,7,0,4,4,19,38,19,0
"10","1015",2009,"female","Austrian",-13,-5,1,6,-8,21,29,18,137,119,9
"10","1015",2009,"female","Foreign",4,5,13,8,-1,2,3,11,36,25,0
"10","1015",2010,"male","Austrian",-14,-4,5,9,-10,23,33,77,181,104,19
"10","1015",2010,"male","Foreign",2,-1,8,9,3,9,6,42,66,24,5
"10","1015",2010,"female","Austrian",-14,-4,2,6,-10,22,32,92,165,73,22
"10","1015",2010,"female","Foreign",8,12,22,10,-4,2,6,37,58,21,4
"10","1015",2011,"male","Austrian",-16,0,6,6,-16,27,43,92,188,96,18
"10","1015",2011,"male","Foreign",6,9,17,8,-3,1,4,44,59,15,9
"10","1015",2011,"female","Austrian",-16,-4,0,4,-12,30,42,120,200,80,29
"10","1015",2011,"female","Foreign",13,13,19,6,0,6,6,44,56,12,8
"10","1015",2012,"male","Austrian",-25,-3,5,8,-22,24,46,5,114,109,11
"10","1015",2012,"male","Foreign",5,10,20,10,-5,3,8,27,51,24,2
"10","1015",2012,"female","Austrian",-36,-4,1,5,-32,13,45,8,124,116,8
"10","1015",2012,"female","Foreign",3,9,19,10,-6,2,8,28,44,16,1
"10","1015",2013,"male","Austrian",-35,-3,1,4,-32,16,48,19,113,94,15
"10","1015",2013,"male","Foreign",19,19,28,9,0,6,6,23,52,29,1
"10","1015",2013,"female","Austrian",-26,-1,0,1,-25,25,50,29,119,90,16
"10","1015",2013,"female","Foreign",21,21,27,6,0,5,5,31,54,23,1
"10","1015",2014,"male","Austrian",-15,-6,5,11,-9,34,43,60,148,88,11
"10","1015",2014,"male","Foreign",12,14,30,16,-2,4,6,27,54,27,1
"10","1015",2014,"female","Austrian",-6,-2,7,9,-4,37,41,44,132,88,7
"10","1015",2014,"female","Foreign",13,15,28,13,-2,4,6,6,43,37,1
"10","1015",2015,"male","Austrian",-20,-8,4,12,-12,24,36,29,146,117,15
"10","1015",2015,"male","Foreign",3,2,20,18,1,6,5,23,59,36,4
"10","1015",2015,"female","Austrian",-20,-1,3,4,-19,31,50,19,115,96,16
"10","1015",2015,"female","Foreign",11,10,24,14,1,6,5,35,70,35,6
"10","1015",2016,"male","Austrian",-37,-5,8,13,-32,22,54,25,126,101,15
"10","1015",2016,"male","Foreign",16,21,38,17,-5,7,12,29,74,45,6
"10","1015",2016,"female","Austrian",-42,-4,7,11,-38,8,46,27,120,93,19
"10","1015",2016,"female","Foreign",14,18,32,14,-4,5,9,12,56,44,7
"10","1015",2017,"male","Austrian",-22,0,4,4,-22,32,54,57,145,88,26
"10","1015",2017,"male","Foreign",17,15,32,17,2,8,6,108,153,45,4
"10","1015",2017,"female","Austrian",-23,-2,1,3,-21,29,50,63,151,88,21
"10","1015",2017,"female","Foreign",28,30,40,10,-2,7,9,98,139,41,4
"10","1015",2018,"male","Austrian",-11,3,8,5,-14,56,70,81,194,113,40
"10","1015",2018,"male","Foreign",45,40,67,27,5,21,16,113,167,54,13
"10","1015",2018,"female","Austrian",-29,-3,2,5,-26,40,66,16,145,129,39
"10","1015",2018,"female","Foreign",47,40,69,29,7,23,16,103,158,55,14
"10","1015",2019,"male","Austrian",-18,1,11,10,-19,53,72,68,209,141,22
"10","1015",2019,"male","Foreign",105,49,84,35,56,67,11,200,286,86,8
"10","1015",2019,"female","Austrian",-24,-5,7,12,-19,44,63,50,177,127,20
"10","1015",2019,"female","Foreign",102,51,79,28,51,67,16,191,253,62,9
"10","1015",2020,"male","Austrian",-39,1,9,8,-40,36,76,-1,147,148,27
"10","1015",2020,"male","Foreign",66,19,50,31,47,64,17,56,161,105,10
"10","1015",2020,"female","Austrian",-26,-3,2,5,-23,33,56,23,160,137,23
"10","1015",2020,"female","Foreign",63,29,54,25,34,46,12,60,161,101,7
"10","1015",2021,"male","Austrian",-42,-8,4,12,-34,42,76,4,148,144,18
"10","1015",2021,"male","Foreign",46,31,69,38,15,43,28,13,182,169,13
"10","1015",2021,"female","Austrian",-59,-2,6,8,-57,24,81,3,132,129,32
"10","1015",2021,"female","Foreign",55,46,81,35,9,34,25,15,133,118,12
"10","1015",2022,"male","Austrian",0,4,10,6,-4,50,54,94,238,144,45
"10","1015",2022,"male","Foreign",94,71,126,55,23,50,27,134,275,141,16
"10","1015",2022,"female","Austrian",-8,2,5,3,-10,55,65,93,230,137,35
"10","1015",2022,"female","Foreign",154,131,195,64,23,39,16,123,291,168,15
"10","1015",2023,"male","Austrian",-44,0,8,8,-44,30,74,31,148,117,13
"10","1015",2023,"male","Foreign",66,57,103,46,9,39,30,-2,192,194,13
"10","1015",2023,"female","Austrian",-30,-1,5,6,-29,48,77,12,140,128,12
"10","1015",2023,"female","Foreign",50,50,115,65,0,28,28,13,202,189,14
"10","1016",2007,"male","Austrian",-2,1,9,8,-3,24,27,46,138,92,18
"10","1016",2007,"male","Foreign",4,4,11,7,0,2,2,-5,22,27,3
"10","1016",2007,"female","Austrian",6,-4,2,6,10,27,17,14,115,101,18
"10","1016",2007,"female","Foreign",4,5,11,6,-1,2,3,12,34,22,0
"10","1016",2008,"male","Austrian",-14,8,13,5,-22,8,30,26,127,101,20
"10","1016",2008,"male","Foreign",-3,1,14,13,-4,0,4,8,31,23,3
"10","1016",2008,"female","Austrian",-17,0,2,2,-17,15,32,39,123,84,24
"10","1016",2008,"female","Foreign",13,18,27,9,-5,3,8,16,34,18,3
"10","1016",2009,"male","Austrian",-9,5,10,5,-14,18,32,-6,112,118,24
"10","1016",2009,"male","Foreign",2,2,16,14,0,0,0,5,26,21,3
"10","1016",2009,"female","Austrian",-8,1,5,4,-9,23,32,-6,113,119,27
"10","1016",2009,"female","Foreign",13,14,23,9,-1,1,2,6,29,23,6
"10","1016",2010,"male","Austrian",-6,-7,7,14,1,22,21,51,149,98,22
"10","1016",2010,"male","Foreign",8,6,12,6,2,5,3,22,47,25,2
"10","1016",2010,"female","Austrian",-8,-3,4,7,-5,21,26,41,129,88,28
"10","1016",2010,"female","Foreign",16,12,23,11,4,6,2,11,37,26,3
"10","1016",2011,"male","Austrian",-24,-5,5,10,-19,12,31,14,105,91,16
"10","1016",2011,"male","Foreign",3,2,15,13,1,3,2,-1,29,30,4
"10","1016",2011,"female","Austrian",-1,0,5,5,-1,14,15,-11,89,100,25
"10","1016",2011,"female","Foreign",7,9,21,12,-2,1,3,-12,31,43,4
"10","1016",2012,"male","Austrian",-1,3,7,4,-4,20,24,9,104,95,15
"10","1016",2012,"male","Foreign",2,2,19,17,0,1,1,-10,33,43,1
"10","1016",2012,"female","Austrian",-3,-2,2,4,-1,16,17,0,102,102,14
"10","1016",2012,"female","Foreign",16,18,23,5,-2,1,3,15,35,20,1
"10","1016",2013,"male","Austrian",-6,-6,4,10,0,20,20,32,121,89,26
"10","1016",2013,"male","Foreign",11,11,18,7,0,2,2,27,49,22,1
"10","1016",2013,"female","Austrian",-9,1,5,4,-10,19,29,32,124,92,21
"10","1016",2013,"female","Foreign",21,19,29,10,2,4,2,7,41,34,0
"10","1016",2014,"male","Austrian",-26,0,8,8,-26,11,37,15,117,102,29
"10","1016",2014,"male","Foreign",7,6,20,14,1,8,7,0,42,42,1
"10","1016",2014,"female","Austrian",-16,-3,2,5,-13,21,34,18,99,81,24
"10","1016",2014,"female","Foreign",12,12,23,11,0,3,3,8,47,39,1
"10","1016",2015,"male","Austrian",-1,-1,8,9,0,19,19,15,127,112,16
"10","1016",2015,"male","Foreign",15,15,28,13,0,1,1,10,44,34,2
"10","1016",2015,"female","Austrian",-2,-1,4,5,-1,29,30,30,125,95,18
"10","1016",2015,"female","Foreign",19,20,28,8,-1,7,8,7,43,36,1
"10","1016",2016,"male","Austrian",-24,-4,6,10,-20,11,31,36,102,66,22
"10","1016",2016,"male","Foreign",17,14,28,14,3,10,7,9,56,47,3
"10","1016",2016,"female","Austrian",-24,0,3,3,-24,20,44,-7,70,77,27
"10","1016",2016,"female","Foreign",7,11,28,17,-4,3,7,-14,36,50,1
"10","1016",2017,"male","Austrian",3,-8,3,11,11,29,18,24,103,79,15
"10","1016",2017,"male","Foreign",2,2,20,18,0,3,3,9,52,43,0
"10","1016",2017,"female","Austrian",1,1,4,3,0,29,29,33,108,75,14
"10","1016",2017,"female","Foreign",14,16,27,11,-2,2,4,5,40,35,1
"10","1016",2018,"male","Austrian",-16,0,6,6,-16,29,45,49,139,90,12
"10","1016",2018,"male","Foreign",12,16,24,8,-4,3,7,0,43,43,1
"10","1016",2018,"female","Austrian",-9,0,3,3,-9,21,30,35,114,79,22
"10","1016",2018,"female","Foreign",-1,1,15,14,-2,6,8,-9,33,42,2
"10","1016",2019,"male","Austrian",-16,-4,7,11,-12,21,33,102,186,84,23
"10","1016",2019,"male","Foreign",2,3,17,14,-1,3,4,38,98,60,6
"10","1016",2019,"female","Austrian",3,1,4,3,2,35,33,115,192,77,14
"10","1016",2019,"female","Foreign",19,16,21,5,3,7,4,69,109,40,4
"10","1016",2020,"male","Austrian",8,-3,5,8,11,39,28,378,461,83,35
"10","1016",2020,"male","Foreign",14,11,24,13,3,8,5,177,221,44,2
"10","1016",2020,"female","Austrian",-1,-7,5,12,6,37,31,399,474,75,24
"10","1016",2020,"female","Foreign",10,4,20,16,6,8,2,190,225,35,3
"10","1016",2021,"male","Austrian",-10,2,3,1,-12,22,34,28,118,90,29
"10","1016",2021,"male","Foreign",7,9,27,18,-2,6,8,23,72,49,3
"10","1016",2021,"female","Austrian",0,-2,4,6,2,31,29,52,144,92,38
"10","1016",2021,"female","Foreign",9,13,27,14,-4,4,8,22,50,28,6
"10","1016",2022,"male","Austrian",-18,-4,5,9,-14,26,40,34,133,99,23
"10","1016",2022,"male","Foreign",48,44,63,19,4,10,6,48,97,49,2
"10","1016",2022,"female","Austrian",-1,2,6,4,-3,40,43,53,150,97,23
"10","1016",2022,"female","Foreign",78,81,100,19,-3,9,12,46,92,46,1
"10","1016",2023,"male","Austrian",-21,-11,6,17,-10,44,54,41,132,91,26
"10","1016",2023,"male","Foreign",16,10,34,24,6,13,7,20,86,66,2
"10","1016",2023,"female","Austrian",-18,-2,5,7,-16,41,57,37,144,107,28
"10","1016",2023,"female","Foreign",13,14,44,30,-1,14,15,5,60,55,2
"10","1017",2007,"male","Austrian",4,1,1,0,3,5,2,38,55,17,32
"10","1017",2007,"male","Foreign",2,2,2,0,0,0,0,-1,1,2,1
"10","1017",2007,"female","Austrian",0,0,0,0,0,4,4,40,48,8,28
"10","1017",2007,"female","Foreign",5,5,6,1,0,0,0,-3,2,5,0
"10","1017",2008,"male","Austrian",-3,1,1,0,-4,2,6,-4,18,22,0
"10","1017",2008,"male","Foreign",-1,0,3,3,-1,0,1,2,4,2,0
"10","1017",2008,"female","Austrian",-6,0,0,0,-6,1,7,-13,11,24,2
"10","1017",2008,"female","Foreign",0,0,1,1,0,0,0,0,2,2,0
"10","1017",2009,"male","Austrian",3,0,1,1,3,8,5,2,15,13,1
"10","1017",2009,"male","Foreign",-2,-1,1,2,-1,0,1,-1,2,3,0
"10","1017",2009,"female","Austrian",-3,-1,1,2,-2,5,7,0,15,15,3
"10","1017",2009,"female","Foreign",-5,-4,1,5,-1,0,1,2,2,0,0
"10","1017",2010,"male","Austrian",-14,0,0,0,-14,1,15,12,20,8,1
"10","1017",2010,"male","Foreign",3,6,9,3,-3,0,3,-2,0,2,0
"10","1017",2010,"female","Austrian",-5,-2,1,3,-3,5,8,6,17,11,0
"10","1017",2010,"female","Foreign",-2,-1,0,1,-1,0,1,-3,1,4,0
"10","1017",2011,"male","Austrian",-5,1,1,0,-6,2,8,7,16,9,2
"10","1017",2011,"male","Foreign",-1,2,2,0,-3,0,3,3,3,0,0
"10","1017",2011,"female","Austrian",1,0,0,0,1,6,5,1,16,15,1
"10","1017",2011,"female","Foreign",0,0,0,0,0,0,0,2,3,1,0
"10","1017",2012,"male","Austrian",-2,1,1,0,-3,3,6,11,25,14,0
"10","1017",2012,"male","Foreign",-7,-2,0,2,-5,0,5,-2,0,2,0
"10","1017",2012,"female","Austrian",-4,0,0,0,-4,4,8,-2,15,17,0
"10","1017",2012,"female","Foreign",-3,0,0,0,-3,0,3,0,3,3,0
"10","1017",2013,"male","Austrian",-3,0,0,0,-3,3,6,-4,9,13,2
"10","1017",2013,"male","Foreign",0,0,0,0,0,0,0,4,4,0,0
"10","1017",2013,"female","Austrian",-5,0,0,0,-5,1,6,7,19,12,2
"10","1017",2013,"female","Foreign",1,1,2,1,0,0,0,1,1,0,0
"10","1017",2014,"male","Austrian",-10,0,0,0,-10,3,13,-2,12,14,3
"10","1017",2014,"male","Foreign",5,5,6,1,0,0,0,4,7,3,0
"10","1017",2014,"female","Austrian",0,2,2,0,-2,5,7,0,16,16,4
"10","1017",2014,"female","Foreign",0,0,1,1,0,0,0,3,5,2,0
"10","1017",2015,"male","Austrian",-2,0,0,0,-2,5,7,4,14,10,4
"10","1017",2015,"male","Foreign",7,7,7,0,0,3,3,0,3,3,0
"10","1017",2015,"female","Austrian",-1,0,0,0,-1,5,6,6,21,15,3
"10","1017",2015,"female","Foreign",3,1,2,1,2,2,0,1,4,3,0
"10","1017",2016,"male","Austrian",1,-2,0,2,3,8,5,-5,9,14,0
"10","1017",2016,"male","Foreign",-2,-1,2,3,-1,0,1,5,8,3,0
"10","1017",2016,"female","Austrian",2,0,0,0,2,6,4,4,14,10,1
"10","1017",2016,"female","Foreign",-2,2,4,2,-4,0,4,7,10,3,0
"10","1017",2017,"male","Austrian",-7,0,2,2,-7,4,11,21,32,11,1
"10","1017",2017,"male","Foreign",-7,-4,4,8,-3,1,4,3,8,5,0
"10","1017",2017,"female","Austrian",-3,0,0,0,-3,5,8,35,44,9,2
"10","1017",2017,"female","Foreign",0,4,5,1,-4,0,4,2,10,8,0
"10","1017",2018,"male","Austrian",-8,-2,0,2,-6,8,14,2,17,15,3
"10","1017",2018,"male","Foreign",1,2,2,0,-1,2,3,-2,6,8,0
"10","1017",2018,"female","Austrian",-9,0,0,0,-9,3,12,7,18,11,2
"10","1017",2018,"female","Foreign",2,1,1,0,1,3,2,3,7,4,0
"10","1017",2019,"male","Austrian",-2,-2,0,2,0,4,4,7,21,14,4
"10","1017",2019,"male","Foreign",0,0,2,2,0,1,1,-3,4,7,0
"10","1017",2019,"female","Austrian",-8,0,0,0,-8,2,10,4,18,14,1
"10","1017",2019,"female","Foreign",-2,-1,2,3,-1,0,1,-3,2,5,0
"10","1017",2020,"male","Austrian",-2,1,1,0,-3,5,8,3,19,16,0
"10","1017",2020,"male","Foreign",-3,-1,0,1,-2,0,2,3,4,1,0
"10","1017",2020,"female","Austrian",-3,0,0,0,-3,6,9,3,16,13,0
"10","1017",2020,"female","Foreign",-1,0,1,1,-1,0,1,1,2,1,0
"10","1017",2021,"male","Austrian",-12,-1,0,1,-11,2,13,3,18,15,1
"10","1017",2021,"male","Foreign",2,4,4,0,-2,0,2,10,11,1,0
"10","1017",2021,"female","Austrian",-10,0,0,0,-10,2,12,-2,13,15,1
"10","1017",2021,"female","Foreign",0,1,2,1,-1,0,1,6,11,5,0
"10","1017",2022,"male","Austrian",-6,1,1,0,-7,6,13,5,24,19,2
"10","1017",2022,"male","Foreign",-5,-2,0,2,-3,1,4,1,8,7,0
"10","1017",2022,"female","Austrian",-8,-1,0,1,-7,5,12,12,25,13,1
"10","1017",2022,"female","Foreign",4,1,2,1,3,3,0,-2,5,7,0
"10","1017",2023,"male","Austrian",-3,0,0,0,-3,2,5,10,19,9,2
"10","1017",2023,"male","Foreign",4,1,1,0,3,3,0,1,4,3,0
"10","1017",2023,"female","Austrian",-7,-1,0,1,-6,0,6,21,36,15,0
"10","1017",2023,"female","Foreign",4,0,0,0,4,4,0,1,4,3,0
"10","1018",2007,"male","Austrian",-4,1,3,2,-5,32,37,60,125,65,8
"10","1018",2007,"male","Foreign",5,0,12,12,5,8,3,15,35,20,0
"10","1018",2007,"female","Austrian",-26,-3,0,3,-23,24,47,76,134,58,15
"10","1018",2007,"female","Foreign",12,10,17,7,2,5,3,-3,17,20,0
"10","1018",2008,"male","Austrian",-14,0,4,4,-14,31,45,84,149,65,14
"10","1018",2008,"male","Foreign",10,6,16,10,4,8,4,9,29,20,2
"10","1018",2008,"female","Austrian",-16,0,3,3,-16,22,38,59,134,75,16
"10","1018",2008,"female","Foreign",14,16,20,4,-2,6,8,19,30,11,1
"10","1018",2009,"male","Austrian",-21,-3,1,4,-18,18,36,41,117,76,17
"10","1018",2009,"male","Foreign",-10,-7,10,17,-3,3,6,21,50,29,2
"10","1018",2009,"female","Austrian",-12,-6,0,6,-6,24,30,91,172,81,24
"10","1018",2009,"female","Foreign",1,3,12,9,-2,4,6,-4,24,28,1
"10","1018",2010,"male","Austrian",-19,0,2,2,-19,15,34,2,84,82,9
"10","1018",2010,"male","Foreign",4,2,16,14,2,8,6,0,24,24,6
"10","1018",2010,"female","Austrian",-20,0,1,1,-20,17,37,-15,91,106,16
"10","1018",2010,"female","Foreign",-4,-5,6,11,1,6,5,0,20,20,6
"10","1018",2011,"male","Austrian",-24,3,8,5,-27,14,41,12,68,56,15
"10","1018",2011,"male","Foreign",-6,-2,16,18,-4,1,5,-9,31,40,11
"10","1018",2011,"female","Austrian",-35,-2,0,2,-33,18,51,14,93,79,10
"10","1018",2011,"female","Foreign",10,6,14,8,4,11,7,9,33,24,6
"10","1018",2012,"male","Austrian",-27,-2,6,8,-25,10,35,10,87,77,10
"10","1018",2012,"male","Foreign",-3,2,19,17,-5,2,7,2,17,15,0
"10","1018",2012,"female","Austrian",-28,-1,2,3,-27,9,36,-9,89,98,9
"10","1018",2012,"female","Foreign",2,4,13,9,-2,0,2,4,24,20,2
"10","1018",2013,"male","Austrian",-12,-2,4,6,-10,16,26,12,71,59,12
"10","1018",2013,"male","Foreign",3,8,20,12,-5,1,6,9,31,22,0
"10","1018",2013,"female","Austrian",-27,-2,2,4,-25,8,33,41,103,62,12
"10","1018",2013,"female","Foreign",9,13,17,4,-4,0,4,4,37,33,0
"10","1018",2014,"male","Austrian",-19,3,5,2,-22,15,37,12,76,64,20
"10","1018",2014,"male","Foreign",6,7,19,12,-1,0,1,21,42,21,1
"10","1018",2014,"female","Austrian",-31,-3,2,5,-28,16,44,24,103,79,8
"10","1018",2014,"female","Foreign",7,12,21,9,-5,0,5,14,37,23,2
"10","1018",2015,"male","Austrian",-28,0,4,4,-28,16,44,-6,66,72,18
"10","1018",2015,"male","Foreign",32,27,35,8,5,7,2,-20,22,42,9
"10","1018",2015,"female","Austrian",-27,-2,2,4,-25,14,39,-15,88,103,16
"10","1018",2015,"female","Foreign",18,14,19,5,4,4,0,-2,21,23,6
"10","1018",2016,"male","Austrian",-21,3,6,3,-24,11,35,-5,72,77,18
"10","1018",2016,"male","Foreign",9,-3,12,15,12,21,9,10,51,41,2
"10","1018",2016,"female","Austrian",-14,-2,5,7,-12,18,30,-10,104,114,13
"10","1018",2016,"female","Foreign",16,13,22,9,3,9,6,-11,33,44,2
"10","1018",2017,"male","Austrian",-42,-7,3,10,-35,14,49,2,83,81,9
"10","1018",2017,"male","Foreign",19,14,24,10,5,10,5,8,57,49,3
"10","1018",2017,"female","Austrian",-32,-2,3,5,-30,13,43,13,92,79,9
"10","1018",2017,"female","Foreign",3,9,21,12,-6,4,10,14,56,42,6
"10","1018",2018,"male","Austrian",-26,-2,2,4,-24,24,48,160,226,66,21
"10","1018",2018,"male","Foreign",7,14,32,18,-7,6,13,38,96,58,1
"10","1018",2018,"female","Austrian",-29,5,6,1,-34,25,59,167,260,93,23
"10","1018",2018,"female","Foreign",11,11,20,9,0,4,4,43,87,44,3
"10","1018",2019,"male","Austrian",2,6,10,4,-4,34,38,139,218,79,20
"10","1018",2019,"male","Foreign",-7,1,22,21,-8,7,15,77,130,53,4
"10","1018",2019,"female","Austrian",5,7,8,1,-2,31,33,171,263,92,21
"10","1018",2019,"female","Foreign",15,15,25,10,0,12,12,87,131,44,1
"10","1018",2020,"male","Austrian",23,1,4,3,22,67,45,117,218,101,17
"10","1018",2020,"male","Foreign",43,40,53,13,3,15,12,106,147,41,4
"10","1018",2020,"female","Austrian",20,-2,4,6,22,65,43,153,249,96,33
"10","1018",2020,"female","Foreign",31,28,40,12,3,16,13,133,164,31,2
"10","1018",2021,"male","Austrian",-1,0,5,5,-1,33,34,44,130,86,15
"10","1018",2021,"male","Foreign",4,8,33,25,-4,12,16,28,66,38,3
"10","1018",2021,"female","Austrian",-20,-2,3,5,-18,38,56,28,127,99,9
"10","1018",2021,"female","Foreign",-4,2,29,27,-6,4,10,26,67,41,3
"10","1018",2022,"male","Austrian",-25,0,5,5,-25,39,64,-4,102,106,15
"10","1018",2022,"male","Foreign",38,39,63,24,-1,17,18,27,78,51,10
"10","1018",2022,"female","Austrian",-40,-4,2,6,-36,35,71,20,127,107,19
"10","1018",2022,"female","Foreign",73,76,98,22,-3,14,17,-1,76,77,15
"10","1018",2023,"male","Austrian",-6,-5,3,8,-1,37,38,-12,92,104,26
"10","1018",2023,"male","Foreign",24,22,43,21,2,17,15,16,79,63,8
"10","1018",2023,"female","Austrian",-22,-2,2,4,-20,34,54,-16,131,147,32
"10","1018",2023,"female","Foreign",11,18,47,29,-7,9,16,42,111,69,16
"10","1019",2007,"male","Austrian",-13,-3,1,4,-10,9,19,25,61,36,0
"10","1019",2007,"male","Foreign",-13,-13,5,18,0,1,1,-19,20,39,0
"10","1019",2007,"female","Austrian",-11,-3,1,4,-8,11,19,26,61,35,3
"10","1019",2007,"female","Foreign",-2,-2,7,9,0,1,1,7,34,27,0
"10","1019",2008,"male","Austrian",-4,-1,0,1,-3,17,20,27,69,42,7
"10","1019",2008,"male","Foreign",-6,-7,4,11,1,2,1,12,24,12,3
"10","1019",2008,"female","Austrian",-1,-2,0,2,1,17,16,31,59,28,8
"10","1019",2008,"female","Foreign",4,2,10,8,2,2,0,-5,15,20,2
"10","1019",2009,"male","Austrian",-2,3,6,3,-5,9,14,-4,37,41,5
"10","1019",2009,"male","Foreign",2,4,17,13,-2,1,3,-2,18,20,0
"10","1019",2009,"female","Austrian",-3,-1,1,2,-2,13,15,-2,43,45,5
"10","1019",2009,"female","Foreign",1,5,12,7,-4,1,5,9,24,15,0
"10","1019",2010,"male","Austrian",4,2,2,0,2,22,20,9,59,50,2
"10","1019",2010,"male","Foreign",6,7,14,7,-1,2,3,-12,10,22,2
"10","1019",2010,"female","Austrian",-3,-3,1,4,0,17,17,8,61,53,3
"10","1019",2010,"female","Foreign",3,4,10,6,-1,1,2,5,17,12,1
"10","1019",2011,"male","Austrian",-7,-1,0,1,-6,15,21,18,58,40,4
"10","1019",2011,"male","Foreign",6,8,19,11,-2,2,4,14,23,9,0
"10","1019",2011,"female","Austrian",-5,1,1,0,-6,7,13,21,62,41,6
"10","1019",2011,"female","Foreign",14,10,12,2,4,5,1,0,19,19,1
"10","1019",2012,"male","Austrian",-15,0,3,3,-15,11,26,19,50,31,7
"10","1019",2012,"male","Foreign",5,10,15,5,-5,1,6,-9,15,24,0
"10","1019",2012,"female","Austrian",-5,1,3,2,-6,9,15,21,57,36,9
"10","1019",2012,"female","Foreign",2,7,11,4,-5,0,5,-11,11,22,5
"10","1019",2013,"male","Austrian",-8,5,7,2,-13,6,19,14,44,30,3
"10","1019",2013,"male","Foreign",8,15,20,5,-7,1,8,-1,15,16,3
"10","1019",2013,"female","Austrian",-10,-3,0,3,-7,6,13,5,43,38,1
"10","1019",2013,"female","Foreign",-1,2,7,5,-3,2,5,1,12,11,0
"10","1019",2014,"male","Austrian",0,1,3,2,-1,15,16,21,60,39,5
"10","1019",2014,"male","Foreign",1,3,19,16,-2,0,2,-3,22,25,2
"10","1019",2014,"female","Austrian",-8,0,0,0,-8,15,23,8,48,40,3
"10","1019",2014,"female","Foreign",4,4,11,7,0,1,1,9,27,18,1
"10","1019",2015,"male","Austrian",-7,0,1,1,-7,16,23,0,52,52,9
"10","1019",2015,"male","Foreign",27,25,42,17,2,7,5,4,21,17,3
"10","1019",2015,"female","Austrian",-12,-2,1,3,-10,17,27,16,61,45,7
"10","1019",2015,"female","Foreign",10,12,16,4,-2,3,5,0,23,23,2
"10","1019",2016,"male","Austrian",-5,4,7,3,-9,15,24,8,46,38,2
"10","1019",2016,"male","Foreign",13,18,43,25,-5,5,10,14,30,16,3
"10","1019",2016,"female","Austrian",-10,0,3,3,-10,14,24,15,49,34,2
"10","1019",2016,"female","Foreign",15,18,28,10,-3,1,4,12,25,13,5
"10","1019",2017,"male","Austrian",-5,2,3,1,-7,18,25,29,83,54,3
"10","1019",2017,"male","Foreign",6,5,34,29,1,6,5,11,31,20,4
"10","1019",2017,"female","Austrian",-9,-3,1,4,-6,21,27,26,71,45,8
"10","1019",2017,"female","Foreign",8,14,24,10,-6,3,9,10,37,27,2
"10","1019",2018,"male","Austrian",1,0,4,4,1,23,22,25,60,35,7
"10","1019",2018,"male","Foreign",10,14,36,22,-4,3,7,-1,40,41,1
"10","1019",2018,"female","Austrian",0,3,3,0,-3,16,19,42,71,29,3
"10","1019",2018,"female","Foreign",8,14,22,8,-6,6,12,-11,26,37,1
"10","1019",2019,"male","Austrian",-6,-1,3,4,-5,19,24,15,72,57,12
"10","1019",2019,"male","Foreign",6,2,33,31,4,7,3,-12,30,42,2
"10","1019",2019,"female","Austrian",-27,-1,1,2,-26,16,42,14,69,55,9
"10","1019",2019,"female","Foreign",18,17,23,6,1,3,2,-7,24,31,1
"10","1019",2020,"male","Austrian",-1,-1,2,3,0,24,24,22,80,58,6
"10","1019",2020,"male","Foreign",29,26,39,13,3,15,12,27,68,41,2
"10","1019",2020,"female","Austrian",0,1,1,0,-1,28,29,15,76,61,13
"10","1019",2020,"female","Foreign",21,18,24,6,3,11,8,28,59,31,4
"10","1019",2021,"male","Austrian",20,-4,1,5,24,50,26,69,116,47,12
"10","1019",2021,"male","Foreign",25,21,50,29,4,19,15,47,94,47,5
"10","1019",2021,"female","Austrian",10,-6,1,7,16,43,27,75,133,58,6
"10","1019",2021,"female","Foreign",9,4,20,16,5,13,8,32,68,36,8
"10","1019",2022,"male","Austrian",-16,-2,6,8,-14,27,41,5,83,78,4
"10","1019",2022,"male","Foreign",47,41,77,36,6,13,7,24,84,60,4
"10","1019",2022,"female","Austrian",-2,-1,3,4,-1,28,29,-3,72,75,6
"10","1019",2022,"female","Foreign",57,51,69,18,6,12,6,15,67,52,1
"10","1019",2023,"male","Austrian",-21,0,5,5,-21,25,46,11,72,61,7
"10","1019",2023,"male","Foreign",41,36,81,45,5,17,12,-19,81,100,6
"10","1019",2023,"female","Austrian",-18,0,2,2,-18,31,49,-8,62,70,9
"10","1019",2023,"female","Foreign",39,34,48,14,5,15,10,-13,64,77,5
"10","1020",2007,"male","Austrian",-31,-1,10,11,-30,25,55,32,178,146,21
"10","1020",2007,"male","Foreign",14,16,23,7,-2,2,4,10,34,24,4
"10","1020",2007,"female","Austrian",-41,-3,7,10,-38,20,58,35,179,144,26
"10","1020",2007,"female","Foreign",9,13,20,7,-4,1,5,26,51,25,5
"10","1020",2008,"male","Austrian",-26,4,19,15,-30,23,53,59,212,153,29
"10","1020",2008,"male","Foreign",5,5,20,15,0,2,2,12,39,27,1
"10","1020",2008,"female","Austrian",-38,-5,2,7,-33,20,53,47,191,144,21
"10","1020",2008,"female","Foreign",1,3,12,9,-2,2,4,22,46,24,1
"10","1020",2009,"male","Austrian",-45,-2,8,10,-43,17,60,40,217,177,35
"10","1020",2009,"male","Foreign",16,16,21,5,0,1,1,26,57,31,6
"10","1020",2009,"female","Austrian",-40,-9,3,12,-31,31,62,42,183,141,40
"10","1020",2009,"female","Foreign",2,6,16,10,-4,0,4,34,57,23,4
"10","1020",2010,"male","Austrian",-17,-7,13,20,-10,31,41,24,182,158,35
"10","1020",2010,"male","Foreign",-1,5,17,12,-6,2,8,13,35,22,1
"10","1020",2010,"female","Austrian",-17,-4,8,12,-13,25,38,32,155,123,26
"10","1020",2010,"female","Foreign",10,8,14,6,2,3,1,23,49,26,1
"10","1020",2011,"male","Austrian",-27,-6,9,15,-21,25,46,14,193,179,38
"10","1020",2011,"male","Foreign",10,5,19,14,5,6,1,60,80,20,3
"10","1020",2011,"female","Austrian",-40,-11,4,15,-29,29,58,-15,149,164,34
"10","1020",2011,"female","Foreign",8,6,12,6,2,7,5,40,69,29,1
"10","1020",2012,"male","Austrian",-27,-11,8,19,-16,28,44,23,185,162,38
"10","1020",2012,"male","Foreign",3,1,14,13,2,3,1,42,64,22,5
"10","1020",2012,"female","Austrian",-47,-6,2,8,-41,16,57,9,179,170,32
"10","1020",2012,"female","Foreign",20,17,22,5,3,7,4,48,67,19,3
"10","1020",2013,"male","Austrian",-34,-3,12,15,-31,17,48,37,160,123,38
"10","1020",2013,"male","Foreign",2,3,18,15,-1,3,4,67,95,28,2
"10","1020",2013,"female","Austrian",-45,-6,4,10,-39,16,55,60,165,105,29
"10","1020",2013,"female","Foreign",21,22,30,8,-1,5,6,61,80,19,4
"10","1020",2014,"male","Austrian",-29,-3,12,15,-26,34,60,36,151,115,27
"10","1020",2014,"male","Foreign",21,23,37,14,-2,1,3,59,101,42,0
"10","1020",2014,"female","Austrian",-35,-6,4,10,-29,29,58,50,184,134,26
"10","1020",2014,"female","Foreign",30,30,39,9,0,3,3,57,96,39,2
"10","1020",2015,"male","Austrian",-12,2,14,12,-14,20,34,13,154,141,28
"10","1020",2015,"male","Foreign",15,17,30,13,-2,4,6,57,93,36,3
"10","1020",2015,"female","Austrian",-27,-8,4,12,-19,30,49,21,169,148,25
"10","1020",2015,"female","Foreign",13,10,24,14,3,4,1,54,102,48,1
"10","1020",2016,"male","Austrian",-36,-3,7,10,-33,28,61,13,153,140,13
"10","1020",2016,"male","Foreign",6,6,27,21,0,4,4,53,87,34,7
"10","1020",2016,"female","Austrian",-44,-3,4,7,-41,23,64,25,137,112,27
"10","1020",2016,"female","Foreign",5,8,20,12,-3,5,8,43,86,43,3
"10","1020",2017,"male","Austrian",-26,-3,10,13,-23,31,54,41,188,147,24
"10","1020",2017,"male","Foreign",11,13,25,12,-2,5,7,53,107,54,5
"10","1020",2017,"female","Austrian",-27,3,7,4,-30,31,61,37,167,130,27
"10","1020",2017,"female","Foreign",15,19,31,12,-4,2,6,73,119,46,3
"10","1020",2018,"male","Austrian",-47,-2,8,10,-45,24,69,60,180,120,25
"10","1020",2018,"male","Foreign",-16,-10,22,32,-6,6,12,97,148,51,4
"10","1020",2018,"female","Austrian",-48,-5,2,7,-43,15,58,65,189,124,34
"10","1020",2018,"female","Foreign",4,6,25,19,-2,3,5,98,142,44,8
"10","1020",2019,"male","Austrian",-26,-2,10,12,-24,21,45,14,176,162,19
"10","1020",2019,"male","Foreign",10,16,30,14,-6,6,12,111,177,66,8
"10","1020",2019,"female","Austrian",-54,-4,1,5,-50,14,64,47,191,144,19
"10","1020",2019,"female","Foreign",10,10,26,16,0,7,7,107,167,60,8
"10","1020",2020,"male","Austrian",-34,1,12,11,-35,14,49,6,159,153,19
"10","1020",2020,"male","Foreign",0,1,22,21,-1,7,8,108,166,58,6
"10","1020",2020,"female","Austrian",-43,0,7,7,-43,14,57,11,156,145,18
"10","1020",2020,"female","Foreign",3,2,15,13,1,5,4,118,160,42,5
"10","1020",2021,"male","Austrian",-39,-5,5,10,-34,19,53,-25,155,180,21
"10","1020",2021,"male","Foreign",-2,5,34,29,-7,3,10,119,157,38,5
"10","1020",2021,"female","Austrian",-47,0,5,5,-47,15,62,15,158,143,22
"10","1020",2021,"female","Foreign",-9,1,14,13,-10,2,12,109,149,40,4
"10","1020",2022,"male","Austrian",-24,2,8,6,-26,20,46,-9,148,157,18
"10","1020",2022,"male","Foreign",4,6,28,22,-2,12,14,93,173,80,14
"10","1020",2022,"female","Austrian",-41,2,8,6,-43,18,61,45,185,140,24
"10","1020",2022,"female","Foreign",12,23,39,16,-11,3,14,115,164,49,11
"10","1020",2023,"male","Austrian",-43,-11,4,15,-32,12,44,31,168,137,24
"10","1020",2023,"male","Foreign",3,5,34,29,-2,4,6,113,181,68,24
"10","1020",2023,"female","Austrian",-52,-10,3,13,-42,16,58,34,180,146,31
"10","1020",2023,"female","Foreign",-6,-2,29,31,-4,3,7,98,155,57,14
"10","1021",2007,"male","Austrian",-48,-1,8,9,-47,17,64,-30,118,148,21
"10","1021",2007,"male","Foreign",5,3,16,13,2,2,0,2,27,25,0
"10","1021",2007,"female","Austrian",-52,7,7,0,-59,23,82,8,140,132,25
"10","1021",2007,"female","Foreign",1,2,8,6,-1,0,1,-2,17,19,1
"10","1021",2008,"male","Austrian",-42,0,8,8,-42,29,71,-27,113,140,41
"10","1021",2008,"male","Foreign",-3,-1,10,11,-2,2,4,25,42,17,1
"10","1021",2008,"female","Austrian",-53,-6,1,7,-47,24,71,0,143,143,47
"10","1021",2008,"female","Foreign",7,5,12,7,2,5,3,33,49,16,1
"10","1021",2009,"male","Austrian",-3,6,9,3,-9,25,34,2,145,143,33
"10","1021",2009,"male","Foreign",9,12,23,11,-3,2,5,9,20,11,2
"10","1021",2009,"female","Austrian",-15,-2,4,6,-13,30,43,9,140,131,36
"10","1021",2009,"female","Foreign",4,5,13,8,-1,3,4,5,19,14,1
"10","1021",2010,"male","Austrian",-31,-2,1,3,-29,13,42,21,136,115,19
"10","1021",2010,"male","Foreign",-2,-2,11,13,0,2,2,-7,16,23,2
"10","1021",2010,"female","Austrian",-36,-3,5,8,-33,9,42,-13,123,136,11
"10","1021",2010,"female","Foreign",2,0,2,2,2,3,1,12,21,9,3
"10","1021",2011,"male","Austrian",-36,-4,2,6,-32,15,47,4,138,134,36
"10","1021",2011,"male","Foreign",3,2,15,13,1,2,1,16,35,19,6
"10","1021",2011,"female","Austrian",-31,-1,4,5,-30,16,46,18,136,118,29
"10","1021",2011,"female","Foreign",8,8,12,4,0,4,4,21,37,16,2
"10","1021",2012,"male","Austrian",-17,-1,4,5,-16,18,34,-32,117,149,21
"10","1021",2012,"male","Foreign",3,4,20,16,-1,0,1,16,34,18,3
"10","1021",2012,"female","Austrian",-31,-6,3,9,-25,12,37,0,128,128,21
"10","1021",2012,"female","Foreign",8,10,26,16,-2,1,3,28,43,15,5
"10","1021",2013,"male","Austrian",-35,2,8,6,-37,20,57,21,140,119,28
"10","1021",2013,"male","Foreign",6,9,16,7,-3,1,4,14,34,20,5
"10","1021",2013,"female","Austrian",-49,-3,3,6,-46,12,58,11,138,127,28
"10","1021",2013,"female","Foreign",19,22,28,6,-3,1,4,14,34,20,4
"10","1021",2014,"male","Austrian",-49,-8,3,11,-41,17,58,3,128,125,46
"10","1021",2014,"male","Foreign",9,11,17,6,-2,2,4,13,34,21,0
"10","1021",2014,"female","Austrian",-40,-2,2,4,-38,9,47,-11,112,123,29
"10","1021",2014,"female","Foreign",6,8,16,8,-2,1,3,14,32,18,1
"10","1021",2015,"male","Austrian",-32,-2,6,8,-30,20,50,-16,120,136,17
"10","1021",2015,"male","Foreign",12,12,16,4,0,2,2,27,46,19,1
"10","1021",2015,"female","Austrian",-30,-6,3,9,-24,22,46,-18,129,147,23
"10","1021",2015,"female","Foreign",7,7,14,7,0,3,3,14,36,22,0
"10","1021",2016,"male","Austrian",-29,-3,4,7,-26,22,48,3,117,114,23
"10","1021",2016,"male","Foreign",1,4,14,10,-3,2,5,30,44,14,1
"10","1021",2016,"female","Austrian",-35,-5,2,7,-30,18,48,13,113,100,20
"10","1021",2016,"female","Foreign",0,6,13,7,-6,0,6,20,34,14,1
"10","1021",2017,"male","Austrian",-33,-3,4,7,-30,16,46,17,139,122,24
"10","1021",2017,"male","Foreign",1,5,10,5,-4,1,5,12,40,28,1
"10","1021",2017,"female","Austrian",-22,0,6,6,-22,18,40,21,155,134,22
"10","1021",2017,"female","Foreign",-3,-3,6,9,0,1,1,31,48,17,4
"10","1021",2018,"male","Austrian",-18,1,10,9,-19,21,40,-8,104,112,24
"10","1021",2018,"male","Foreign",-1,2,10,8,-3,1,4,27,45,18,2
"10","1021",2018,"female","Austrian",-36,-2,2,4,-34,10,44,13,113,100,18
"10","1021",2018,"female","Foreign",5,5,15,10,0,3,3,33,56,23,2
"10","1021",2019,"male","Austrian",-36,-3,2,5,-33,14,47,52,157,105,22
"10","1021",2019,"male","Foreign",5,3,11,8,2,3,1,88,104,16,3
"10","1021",2019,"female","Austrian",-36,-2,2,4,-34,14,48,21,138,117,29
"10","1021",2019,"female","Foreign",-5,4,8,4,-9,1,10,83,100,17,4
"10","1021",2020,"male","Austrian",-26,-2,4,6,-24,37,61,319,440,121,40
"10","1021",2020,"male","Foreign",24,25,30,5,-1,9,10,200,219,19,2
"10","1021",2020,"female","Austrian",-21,1,5,4,-22,42,64,352,452,100,42
"10","1021",2020,"female","Foreign",14,15,22,7,-1,10,11,209,229,20,3
"10","1021",2021,"male","Austrian",-24,-3,4,7,-21,23,44,209,321,112,31
"10","1021",2021,"male","Foreign",13,12,33,21,1,11,10,168,213,45,10
"10","1021",2021,"female","Austrian",-17,1,5,4,-18,27,45,244,354,110,24
"10","1021",2021,"female","Foreign",13,12,27,15,1,6,5,164,191,27,11
"10","1021",2022,"male","Austrian",-39,-7,3,10,-32,22,54,21,128,107,20
"10","1021",2022,"male","Foreign",27,22,40,18,5,14,9,35,88,53,6
"10","1021",2022,"female","Austrian",-37,0,1,1,-37,20,57,28,142,114,24
"10","1021",2022,"female","Foreign",35,37,58,21,-2,12,14,29,86,57,8
"10","1021",2023,"male","Austrian",-49,-5,6,11,-44,14,58,4,110,106,17
"10","1021",2023,"male","Foreign",13,22,40,18,-9,8,17,18,78,60,6
"10","1021",2023,"female","Austrian",-43,0,6,6,-43,27,70,4,120,116,15
"10","1021",2023,"female","Foreign",14,20,40,20,-6,11,17,26,81,55,5
"10","1022",2007,"male","Austrian",-2,0,12,12,-2,35,37,-69,131,200,7
"10","1022",2007,"male","Foreign",11,14,116,102,-3,21,24,-8,217,225,17
"10","1022",2007,"female","Austrian",6,1,5,4,5,46,41,-84,108,192,8
"10","1022",2007,"female","Foreign",63,61,108,47,2,19,17,6,166,160,13
"10","1022",2008,"male","Austrian",9,4,19,15,5,52,47,-49,132,181,12
"10","1022",2008,"male","Foreign",26,23,123,100,3,27,24,-28,181,209,12
"10","1022",2008,"female","Austrian",14,11,14,3,3,50,47,-45,116,161,10
"10","1022",2008,"female","Foreign",44,49,99,50,-5,11,16,-23,127,150,17
"10","1022",2009,"male","Austrian",-11,-4,10,14,-7,36,43,-25,137,162,13
"10","1022",2009,"male","Foreign",9,-31,97,128,40,55,15,-97,175,272,12
"10","1022",2009,"female","Austrian",2,-4,6,10,6,50,44,-24,125,149,12
"10","1022",2009,"female","Foreign",56,22,89,67,34,48,14,-73,135,208,11
"10","1022",2010,"male","Austrian",1,-6,15,21,7,44,37,0,135,135,12
"10","1022",2010,"male","Foreign",48,24,116,92,24,38,14,-28,178,206,16
"10","1022",2010,"female","Austrian",-10,-3,7,10,-7,51,58,-39,105,144,22
"10","1022",2010,"female","Foreign",56,48,107,59,8,24,16,-32,162,194,16
"10","1022",2011,"male","Austrian",-9,-4,11,15,-5,39,44,-22,137,159,14
"10","1022",2011,"male","Foreign",59,44,132,88,15,40,25,2,204,202,22
"10","1022",2011,"female","Austrian",-9,-3,6,9,-6,43,49,-24,126,150,9
"10","1022",2011,"female","Foreign",69,60,117,57,9,31,22,23,170,147,14
"10","1022",2012,"male","Austrian",13,-8,8,16,21,55,34,-52,130,182,11
"10","1022",2012,"male","Foreign",137,116,198,82,21,39,18,15,232,217,16
"10","1022",2012,"female","Austrian",-4,-7,3,10,3,52,49,-52,106,158,9
"10","1022",2012,"female","Foreign",84,67,146,79,17,29,12,-48,162,210,17
"10","1022",2013,"male","Austrian",-2,-2,14,16,0,48,48,-23,128,151,9
"10","1022",2013,"male","Foreign",61,57,168,111,4,33,29,-18,215,233,14
"10","1022",2013,"female","Austrian",0,-12,6,18,12,70,58,-41,119,160,13
"10","1022",2013,"female","Foreign",107,87,148,61,20,34,14,-35,152,187,12
"10","1022",2014,"male","Austrian",17,-3,15,18,20,52,32,-12,150,162,9
"10","1022",2014,"male","Foreign",137,94,191,97,43,67,24,-52,235,287,14
"10","1022",2014,"female","Austrian",-4,1,9,8,-5,47,52,-40,117,157,4
"10","1022",2014,"female","Foreign",110,99,176,77,11,29,18,-37,201,238,8
"10","1022",2015,"male","Austrian",19,6,19,13,13,48,35,-24,121,145,16
"10","1022",2015,"male","Foreign",208,133,246,113,75,117,42,-56,316,372,29
"10","1022",2015,"female","Austrian",3,3,9,6,0,40,40,-38,103,141,14
"10","1022",2015,"female","Foreign",117,101,183,82,16,48,32,2,240,238,22
"10","1022",2016,"male","Austrian",0,-8,7,15,8,45,37,-60,92,152,3
"10","1022",2016,"male","Foreign",140,65,191,126,75,119,44,-15,382,397,26
"10","1022",2016,"female","Austrian",4,-1,5,6,5,47,42,-21,109,130,6
"10","1022",2016,"female","Foreign",93,77,158,81,16,49,33,-34,225,259,18
"10","1022",2017,"male","Austrian",-6,-1,9,10,-5,47,52,-72,96,168,6
"10","1022",2017,"male","Foreign",133,94,215,121,39,84,45,30,458,428,29
"10","1022",2017,"female","Austrian",0,-6,8,14,6,47,41,-53,90,143,12
"10","1022",2017,"female","Foreign",104,89,167,78,15,48,33,-53,239,292,17
"10","1022",2018,"male","Austrian",-7,-6,9,15,-1,39,40,-54,93,147,7
"10","1022",2018,"male","Foreign",45,52,203,151,-7,50,57,-71,409,480,43
"10","1022",2018,"female","Austrian",-11,-6,3,9,-5,36,41,-54,93,147,3
"10","1022",2018,"female","Foreign",74,68,160,92,6,42,36,-107,213,320,23
"10","1022",2019,"male","Austrian",0,-7,8,15,7,49,42,-46,99,145,4
"10","1022",2019,"male","Foreign",112,88,232,144,24,63,39,-53,435,488,41
"10","1022",2019,"female","Austrian",14,-7,5,12,21,48,27,-52,89,141,3
"10","1022",2019,"female","Foreign",134,115,191,76,19,47,28,-97,261,358,16
"10","1022",2020,"male","Austrian",35,13,17,4,22,50,28,-41,101,142,4
"10","1022",2020,"male","Foreign",87,62,204,142,25,72,47,-92,382,474,25
"10","1022",2020,"female","Austrian",7,-2,6,8,9,42,33,-38,98,136,7
"10","1022",2020,"female","Foreign",59,43,135,92,16,50,34,-82,242,324,16
"10","1022",2021,"male","Austrian",-16,-5,12,17,-11,44,55,-35,101,136,6
"10","1022",2021,"male","Foreign",122,32,188,156,90,148,58,-131,401,532,16
"10","1022",2021,"female","Austrian",-2,3,10,7,-5,33,38,-74,81,155,2
"10","1022",2021,"female","Foreign",95,48,140,92,47,73,26,-95,238,333,8
"10","1022",2022,"male","Austrian",5,-6,5,11,11,49,38,-53,86,139,8
"10","1022",2022,"male","Foreign",229,79,221,142,150,192,42,-190,463,653,28
"10","1022",2022,"female","Austrian",-17,-2,5,7,-15,38,53,-49,80,129,2
"10","1022",2022,"female","Foreign",153,124,210,86,29,63,34,-168,215,383,9
"10","1022",2023,"male","Austrian",-5,5,10,5,-10,38,48,-42,81,123,3
"10","1022",2023,"male","Foreign",215,84,222,138,131,196,65,-182,468,650,22
"10","1022",2023,"female","Austrian",4,2,11,9,2,29,27,-54,77,131,10
"10","1022",2023,"female","Foreign",104,89,183,94,15,46,31,-89,223,312,21
"10","1023",2007,"male","Austrian",-9,-3,15,18,-6,47,53,9,254,245,23
"10","1023",2007,"male","Foreign",70,54,114,60,16,24,8,30,203,173,11
"10","1023",2007,"female","Austrian",6,-1,8,9,7,59,52,85,312,227,32
"10","1023",2007,"female","Foreign",51,41,82,41,10,23,13,12,175,163,10
"10","1023",2008,"male","Austrian",-16,-8,14,22,-8,58,66,9,240,231,32
"10","1023",2008,"male","Foreign",23,25,95,70,-2,22,24,-9,186,195,21
"10","1023",2008,"female","Austrian",-34,-7,6,13,-27,52,79,-30,236,266,34
"10","1023",2008,"female","Foreign",15,11,62,51,4,11,7,24,166,142,13
"10","1023",2009,"male","Austrian",-37,-7,20,27,-30,38,68,53,257,204,16
"10","1023",2009,"male","Foreign",42,32,106,74,10,23,13,19,171,152,12
"10","1023",2009,"female","Austrian",-48,2,12,10,-50,34,84,45,261,216,21
"10","1023",2009,"female","Foreign",43,41,85,44,2,17,15,19,149,130,7
"10","1023",2010,"male","Austrian",3,-4,19,23,7,56,49,23,236,213,15
"10","1023",2010,"male","Foreign",22,19,115,96,3,24,21,63,214,151,21
"10","1023",2010,"female","Austrian",-42,-10,6,16,-32,44,76,29,229,200,21
"10","1023",2010,"female","Foreign",46,38,81,43,8,16,8,32,166,134,10
"10","1023",2011,"male","Austrian",-30,2,29,27,-32,45,77,-8,238,246,18
"10","1023",2011,"male","Foreign",47,54,140,86,-7,16,23,-4,187,191,15
"10","1023",2011,"female","Austrian",-37,4,8,4,-41,39,80,-2,225,227,18
"10","1023",2011,"female","Foreign",37,44,84,40,-7,13,20,6,156,150,16
"10","1023",2012,"male","Austrian",-20,-14,18,32,-6,45,51,29,216,187,13
"10","1023",2012,"male","Foreign",85,70,160,90,15,24,9,31,224,193,8
"10","1023",2012,"female","Austrian",-19,-10,9,19,-9,53,62,34,231,197,17
"10","1023",2012,"female","Foreign",83,86,135,49,-3,11,14,48,190,142,13
"10","1023",2013,"male","Austrian",-25,-1,20,21,-24,44,68,38,244,206,17
"10","1023",2013,"male","Foreign",66,64,168,104,2,28,26,28,233,205,15
"10","1023",2013,"female","Austrian",-20,0,8,8,-20,34,54,54,283,229,27
"10","1023",2013,"female","Foreign",72,77,137,60,-5,13,18,14,189,175,15
"10","1023",2014,"male","Austrian",-24,-1,18,19,-23,37,60,3,195,192,19
"10","1023",2014,"male","Foreign",87,82,190,108,5,28,23,12,243,231,16
"10","1023",2014,"female","Austrian",-28,-8,9,17,-20,43,63,-38,167,205,14
"10","1023",2014,"female","Foreign",81,80,150,70,1,21,20,12,191,179,9
"10","1023",2015,"male","Austrian",-11,6,19,13,-17,54,71,129,324,195,24
"10","1023",2015,"male","Foreign",126,112,209,97,14,36,22,47,316,269,15
"10","1023",2015,"female","Austrian",-38,-1,9,10,-37,41,78,153,366,213,20
"10","1023",2015,"female","Foreign",84,90,161,71,-6,24,30,64,290,226,19
"10","1023",2016,"male","Austrian",-22,0,19,19,-22,45,67,-15,177,192,14
"10","1023",2016,"male","Foreign",56,41,172,131,15,59,44,4,302,298,15
"10","1023",2016,"female","Austrian",-36,-6,5,11,-30,39,69,7,190,183,18
"10","1023",2016,"female","Foreign",84,85,144,59,-1,29,30,29,238,209,13
"10","1023",2017,"male","Austrian",-15,-4,18,22,-11,54,65,-8,212,220,18
"10","1023",2017,"male","Foreign",85,47,161,114,38,72,34,55,409,354,18
"10","1023",2017,"female","Austrian",-15,1,11,10,-16,55,71,7,230,223,16
"10","1023",2017,"female","Foreign",106,67,143,76,39,55,16,45,283,238,13
"10","1023",2018,"male","Austrian",-18,0,18,18,-18,54,72,32,264,232,8
"10","1023",2018,"male","Foreign",32,19,147,128,13,48,35,87,429,342,18
"10","1023",2018,"female","Austrian",-48,-11,6,17,-37,40,77,-5,242,247,14
"10","1023",2018,"female","Foreign",49,44,124,80,5,35,30,67,332,265,9
"10","1023",2019,"male","Austrian",-18,-1,19,20,-17,45,62,62,285,223,26
"10","1023",2019,"male","Foreign",16,37,160,123,-21,27,48,63,435,372,19
"10","1023",2019,"female","Austrian",-21,-4,7,11,-17,38,55,127,346,219,39
"10","1023",2019,"female","Foreign",49,60,126,66,-11,18,29,28,322,294,18
"10","1023",2020,"male","Austrian",-39,-6,8,14,-33,31,64,134,341,207,25
"10","1023",2020,"male","Foreign",52,52,132,80,0,35,35,150,459,309,17
"10","1023",2020,"female","Austrian",-23,11,16,5,-34,36,70,124,328,204,27
"10","1023",2020,"female","Foreign",26,21,88,67,5,25,20,60,323,263,13
"10","1023",2021,"male","Austrian",-51,-11,9,20,-40,29,69,-44,203,247,18
"10","1023",2021,"male","Foreign",40,-12,107,119,52,88,36,-29,373,402,31
"10","1023",2021,"female","Austrian",-49,-7,4,11,-42,22,64,-30,188,218,14
"10","1023",2021,"female","Foreign",54,42,112,70,12,39,27,42,281,239,21
"10","1023",2022,"male","Austrian",-54,-4,14,18,-50,31,81,-9,190,199,17
"10","1023",2022,"male","Foreign",126,48,161,113,78,114,36,36,487,451,17
"10","1023",2022,"female","Austrian",-41,0,5,5,-41,26,67,-4,206,210,16
"10","1023",2022,"female","Foreign",96,75,150,75,21,51,30,38,327,289,20
"10","1023",2023,"male","Austrian",-22,1,11,10,-23,35,58,-33,173,206,9
"10","1023",2023,"male","Foreign",75,17,140,123,58,120,62,65,520,455,25
"10","1023",2023,"female","Austrian",-24,-4,6,10,-20,38,58,-39,177,216,14
"10","1023",2023,"female","Foreign",71,55,148,93,16,49,33,11,316,305,16
"10","1099",2007,"male","Austrian",-37,-5,1,6,-32,0,32,-92,17,109,4
"10","1099",2007,"male","Foreign",-16,-12,0,12,-4,0,4,-37,5,42,0
"10","1099",2007,"female","Austrian",-40,-5,0,5,-35,2,37,-78,24,102,2
"10","1099",2007,"female","Foreign",-8,-3,3,6,-5,1,6,-33,5,38,0
"10","1099",2008,"male","Austrian",-2,0,0,0,-2,0,2,-14,6,20,0
"10","1099",2008,"male","Foreign",-3,-1,2,3,-2,0,2,-5,5,10,0
"10","1099",2008,"female","Austrian",-6,-1,1,2,-5,0,5,-23,12,35,0
"10","1099",2008,"female","Foreign",-4,-2,1,3,-2,1,3,-9,5,14,0
"10","1099",2009,"male","Austrian",-1,0,0,0,-1,2,3,-5,9,14,0
"10","1099",2009,"male","Foreign",2,1,3,2,1,3,2,-11,3,14,0
"10","1099",2009,"female","Austrian",-3,0,0,0,-3,0,3,1,8,7,0
"10","1099",2009,"female","Foreign",4,2,2,0,2,4,2,-8,4,12,0
"10","1099",2010,"male","Austrian",-2,0,1,1,-2,3,5,-7,5,12,0
"10","1099",2010,"male","Foreign",-1,-1,0,1,0,2,2,-6,2,8,0
"10","1099",2010,"female","Austrian",-4,-2,0,2,-2,0,2,-6,3,9,0
"10","1099",2010,"female","Foreign",-4,-4,1,5,0,0,0,-3,1,4,0
"10","1099",2011,"male","Austrian",-3,0,0,0,-3,0,3,-4,0,4,0
"10","1099",2011,"male","Foreign",-3,-2,0,2,-1,0,1,-4,1,5,0
"10","1099",2011,"female","Austrian",-2,0,0,0,-2,0,2,-9,3,12,0
"10","1099",2011,"female","Foreign",-4,-1,0,1,-3,0,3,-1,1,2,0
"10","1099",2012,"male","Austrian",-3,0,0,0,-3,0,3,3,5,2,0
"10","1099",2012,"male","Foreign",0,0,1,1,0,0,0,0,3,3,0
"10","1099",2012,"female","Austrian",-2,0,0,0,-2,1,3,1,4,3,0
"10","1099",2012,"female","Foreign",0,0,0,0,0,0,0,-2,2,4,0
"10","1099",2013,"male","Austrian",-19,-3,0,3,-16,4,20,-39,24,63,0
"10","1099",2013,"male","Foreign",-13,-10,6,16,-3,1,4,-8,9,17,0
"10","1099",2013,"female","Austrian",-7,-1,1,2,-6,2,8,-31,27,58,0
"10","1099",2013,"female","Foreign",0,2,6,4,-2,2,4,-12,13,25,0
"10","1099",2014,"male","Austrian",0,1,1,0,-1,0,1,1,10,9,0
"10","1099",2014,"male","Foreign",9,7,9,2,2,3,1,-2,14,16,3
"10","1099",2014,"female","Austrian",-1,0,1,1,-1,0,1,0,19,19,0
"10","1099",2014,"female","Foreign",1,3,6,3,-2,0,2,2,16,14,0
"10","1099",2015,"male","Austrian",-6,-3,0,3,-3,0,3,-1,5,6,0
"10","1099",2015,"male","Foreign",0,0,1,1,0,0,0,-3,0,3,0
"10","1099",2015,"female","Austrian",-4,0,0,0,-4,0,4,-5,0,5,0
"10","1099",2015,"female","Foreign",-2,-1,1,2,-1,0,1,-6,1,7,0
"10","1099",2016,"male","Austrian",-5,-2,0,2,-3,0,3,-3,3,6,0
"10","1099",2016,"male","Foreign",0,0,1,1,0,0,0,-5,4,9,0
"10","1099",2016,"female","Austrian",-3,0,0,0,-3,0,3,-5,2,7,0
"10","1099",2016,"female","Foreign",0,0,0,0,0,0,0,-1,2,3,0
"10","1099",2017,"male","Austrian",-4,0,0,0,-4,0,4,0,3,3,0
"10","1099",2017,"male","Foreign",-1,-1,0,1,0,0,0,1,5,4,0
"10","1099",2017,"female","Austrian",-3,0,0,0,-3,0,3,-1,2,3,0
"10","1099",2017,"female","Foreign",-1,0,0,0,-1,0,1,-5,0,5,0
"10","1099",2018,"male","Austrian",-1,0,0,0,-1,1,2,-8,1,9,0
"10","1099",2018,"male","Foreign",1,1,1,0,0,1,1,1,4,3,0
"10","1099",2018,"female","Austrian",-2,-1,0,1,-1,0,1,-5,2,7,0
"10","1099",2018,"female","Foreign",3,1,1,0,2,2,0,-1,2,3,0
"10","1099",2019,"male","Austrian",1,0,0,0,1,1,0,2,3,1,0
"10","1099",2019,"male","Foreign",0,0,0,0,0,0,0,1,1,0,0
"10","1099",2019,"female","Austrian",0,0,0,0,0,0,0,2,2,0,0
"10","1099",2019,"female","Foreign",0,0,0,0,0,0,0,1,1,0,0
"10","1099",2020,"male","Austrian",0,0,0,0,0,0,0,1,1,0,0
"10","1099",2020,"male","Foreign",0,0,0,0,0,0,0,2,2,0,0
"10","1099",2020,"female","Austrian",1,0,0,0,1,1,0,0,0,0,0
"10","1099",2020,"female","Foreign",2,2,2,0,0,0,0,-2,0,2,0
"10","1099",2021,"male","Austrian",0,0,0,0,0,0,0,2,2,0,0
"10","1099",2021,"male","Foreign",4,0,0,0,4,4,0,-1,2,3,0
"10","1099",2021,"female","Austrian",0,0,0,0,0,0,0,0,0,0,0
"10","1099",2021,"female","Foreign",8,2,2,0,6,6,0,-1,3,4,0
"10","1099",2022,"male","Austrian",0,0,0,0,0,0,0,1,1,0,0
"10","1099",2022,"male","Foreign",1,1,1,0,0,0,0,1,4,3,0
"10","1099",2022,"female","Austrian",0,0,0,0,0,0,0,1,3,2,0
"10","1099",2022,"female","Foreign",0,0,0,0,0,0,0,0,2,2,0
"10","1099",2023,"male","Austrian",0,0,0,0,0,0,0,3,3,0,0
"10","1099",2023,"male","Foreign",0,0,0,0,0,0,0,4,4,0,0
"10","1099",2023,"female","Austrian",0,0,0,0,0,0,0,1,1,0,0
"10","1099",2023,"female","Foreign",0,0,0,0,0,0,0,1,1,0,0
"11","1101",2007,"male","Austrian",7,-1,1,2,8,20,12,4,25,21,2
"11","1101",2007,"male","Foreign",28,28,46,18,0,2,2,-10,19,29,7
"11","1101",2007,"female","Austrian",19,-1,0,1,20,30,10,9,39,30,0
"11","1101",2007,"female","Foreign",27,28,54,26,-1,1,2,-21,15,36,3
"11","1101",2008,"male","Austrian",8,0,3,3,8,27,19,1,26,25,2
"11","1101",2008,"male","Foreign",9,8,37,29,1,7,6,-3,23,26,3
"11","1101",2008,"female","Austrian",12,0,2,2,12,30,18,-6,36,42,5
"11","1101",2008,"female","Foreign",20,20,56,36,0,0,0,-2,25,27,3
"11","1101",2009,"male","Austrian",41,0,1,1,41,55,14,145,184,39,9
"11","1101",2009,"male","Foreign",16,13,65,52,3,4,1,41,65,24,4
"11","1101",2009,"female","Austrian",44,1,1,0,43,61,18,150,191,41,14
"11","1101",2009,"female","Foreign",22,16,65,49,6,8,2,32,60,28,8
"11","1101",2010,"male","Austrian",15,-1,1,2,16,30,14,-17,32,49,5
"11","1101",2010,"male","Foreign",24,23,63,40,1,2,1,-13,37,50,5
"11","1101",2010,"female","Austrian",17,2,4,2,15,33,18,0,31,31,3
"11","1101",2010,"female","Foreign",17,14,52,38,3,3,0,-18,19,37,4
"11","1101",2011,"male","Austrian",8,1,4,3,7,21,14,-16,26,42,5
"11","1101",2011,"male","Foreign",19,19,61,42,0,3,3,7,58,51,4
"11","1101",2011,"female","Austrian",29,2,2,0,27,49,22,-9,32,41,4
"11","1101",2011,"female","Foreign",29,26,59,33,3,6,3,-13,32,45,3
"11","1101",2012,"male","Austrian",-1,0,3,3,-1,22,23,-2,29,31,6
"11","1101",2012,"male","Foreign",31,32,103,71,-1,3,4,-22,53,75,10
"11","1101",2012,"female","Austrian",4,-3,2,5,7,40,33,-17,34,51,3
"11","1101",2012,"female","Foreign",15,13,85,72,2,9,7,-14,39,53,9
"11","1101",2013,"male","Austrian",5,-2,4,6,7,34,27,37,69,32,5
"11","1101",2013,"male","Foreign",93,87,142,55,6,12,6,38,98,60,17
"11","1101",2013,"female","Austrian",31,0,3,3,31,53,22,20,62,42,6
"11","1101",2013,"female","Foreign",82,84,138,54,-2,6,8,38,87,49,12
"11","1101",2014,"male","Austrian",13,-2,1,3,15,39,24,-10,36,46,2
"11","1101",2014,"male","Foreign",62,58,164,106,4,8,4,-8,107,115,13
"11","1101",2014,"female","Austrian",2,1,5,4,1,31,30,7,56,49,7
"11","1101",2014,"female","Foreign",23,27,124,97,-4,10,14,-1,92,93,5
"11","1101",2015,"male","Austrian",11,3,7,4,8,39,31,-28,38,66,9
"11","1101",2015,"male","Foreign",111,103,201,98,8,16,8,-10,135,145,25
"11","1101",2015,"female","Austrian",2,-4,3,7,6,36,30,-26,45,71,7
"11","1101",2015,"female","Foreign",80,88,175,87,-8,3,11,-28,85,113,13
"11","1101",2016,"male","Austrian",9,-4,4,8,13,31,18,138,186,48,15
"11","1101",2016,"male","Foreign",22,18,173,155,4,12,8,82,236,154,33
"11","1101",2016,"female","Austrian",10,0,4,4,10,34,24,180,221,41,18
"11","1101",2016,"female","Foreign",73,71,168,97,2,7,5,73,207,134,24
"11","1101",2017,"male","Austrian",10,-5,3,8,15,34,19,81,135,54,2
"11","1101",2017,"male","Foreign",17,16,147,131,1,10,9,52,182,130,25
"11","1101",2017,"female","Austrian",-3,-2,2,4,-1,33,34,65,123,58,6
"11","1101",2017,"female","Foreign",63,61,171,110,2,9,7,8,118,110,7
"11","1101",2018,"male","Austrian",8,0,4,4,8,29,21,-7,47,54,9
"11","1101",2018,"male","Foreign",3,10,130,120,-7,8,15,-28,102,130,17
"11","1101",2018,"female","Austrian",7,4,5,1,3,31,28,-5,40,45,3
"11","1101",2018,"female","Foreign",22,24,136,112,-2,7,9,-48,66,114,9
"11","1101",2019,"male","Austrian",-16,1,3,2,-17,23,40,-14,43,57,6
"11","1101",2019,"male","Foreign",7,17,126,109,-10,10,20,-42,79,121,13
"11","1101",2019,"female","Austrian",-8,1,2,1,-9,23,32,-14,42,56,4
"11","1101",2019,"female","Foreign",21,27,122,95,-6,7,13,-10,93,103,13
"11","1101",2020,"male","Austrian",0,0,2,2,0,23,23,-18,55,73,4
"11","1101",2020,"male","Foreign",52,47,116,69,5,9,4,-26,91,117,26
"11","1101",2020,"female","Austrian",-9,0,2,2,-9,24,33,1,61,60,5
"11","1101",2020,"female","Foreign",41,38,124,86,3,7,4,-23,83,106,14
"11","1101",2021,"male","Austrian",-20,-6,1,7,-14,21,35,-1,47,48,4
"11","1101",2021,"male","Foreign",51,51,115,64,0,11,11,-40,96,136,11
"11","1101",2021,"female","Austrian",-8,-2,2,4,-6,23,29,-14,37,51,11
"11","1101",2021,"female","Foreign",74,71,140,69,3,11,8,-38,90,128,15
"11","1101",2022,"male","Austrian",-18,-2,2,4,-16,27,43,-8,48,56,6
"11","1101",2022,"male","Foreign",52,59,120,61,-7,11,18,-47,87,134,14
"11","1101",2022,"female","Austrian",-17,-3,3,6,-14,18,32,-17,41,58,5
"11","1101",2022,"female","Foreign",67,69,156,87,-2,13,15,-46,87,133,19
"11","1101",2023,"male","Austrian",-10,0,2,2,-10,18,28,-16,60,76,7
"11","1101",2023,"male","Foreign",49,48,127,79,1,17,16,-35,96,131,11
"11","1101",2023,"female","Austrian",-2,1,3,2,-3,16,19,-22,45,67,2
"11","1101",2023,"female","Foreign",48,52,136,84,-4,11,15,-55,93,148,19
"11","1102",2007,"male","Austrian",-8,4,33,29,-12,47,59,-42,313,355,51
"11","1102",2007,"male","Foreign",101,90,193,103,11,30,19,28,260,232,29
"11","1102",2007,"female","Austrian",-23,9,25,16,-32,46,78,26,359,333,70
"11","1102",2007,"female","Foreign",77,67,159,92,10,23,13,32,226,194,25
"11","1102",2008,"male","Austrian",-11,9,28,19,-20,69,89,66,366,300,65
"11","1102",2008,"male","Foreign",97,67,188,121,30,48,18,8,245,237,28
"11","1102",2008,"female","Austrian",-25,-13,10,23,-12,66,78,65,351,286,87
"11","1102",2008,"female","Foreign",40,40,135,95,0,27,27,14,241,227,27
"11","1102",2009,"male","Austrian",-17,-6,23,29,-11,62,73,4,341,337,59
"11","1102",2009,"male","Foreign",49,33,176,143,16,41,25,10,268,258,24
"11","1102",2009,"female","Austrian",-33,-9,11,20,-24,57,81,30,343,313,50
"11","1102",2009,"female","Foreign",93,90,185,95,3,19,16,2,236,234,25
"11","1102",2010,"male","Austrian",-33,-19,24,43,-14,60,74,-16,280,296,45
"11","1102",2010,"male","Foreign",70,50,190,140,20,44,24,-16,222,238,26
"11","1102",2010,"female","Austrian",-36,-21,9,30,-15,68,83,-33,274,307,41
"11","1102",2010,"female","Foreign",84,56,173,117,28,48,20,-9,189,198,28
"11","1102",2011,"male","Austrian",-21,-4,28,32,-17,58,75,-43,293,336,53
"11","1102",2011,"male","Foreign",59,33,181,148,26,42,16,-1,287,288,29
"11","1102",2011,"female","Austrian",-14,-9,16,25,-5,61,66,-95,269,364,46
"11","1102",2011,"female","Foreign",73,53,164,111,20,33,13,4,272,268,23
"11","1102",2012,"male","Austrian",-25,-6,23,29,-19,65,84,51,330,279,34
"11","1102",2012,"male","Foreign",120,105,260,155,15,38,23,-2,269,271,22
"11","1102",2012,"female","Austrian",-42,-7,10,17,-35,54,89,109,413,304,42
"11","1102",2012,"female","Foreign",133,121,228,107,12,29,17,17,256,239,28
"11","1102",2013,"male","Austrian",-5,4,25,21,-9,48,57,2,279,277,34
"11","1102",2013,"male","Foreign",137,103,305,202,34,58,24,-29,336,365,24
"11","1102",2013,"female","Austrian",-57,-12,7,19,-45,45,90,60,286,226,46
"11","1102",2013,"female","Foreign",138,110,251,141,28,33,5,-76,225,301,23
"11","1102",2014,"male","Austrian",-17,-15,19,34,-2,69,71,187,477,290,45
"11","1102",2014,"male","Foreign",147,129,272,143,18,76,58,42,413,371,38
"11","1102",2014,"female","Austrian",-25,-13,14,27,-12,66,78,174,459,285,37
"11","1102",2014,"female","Foreign",152,153,278,125,-1,27,28,78,396,318,29
"11","1102",2015,"male","Austrian",14,-5,17,22,19,103,84,355,661,306,63
"11","1102",2015,"male","Foreign",148,121,277,156,27,73,46,172,547,375,38
"11","1102",2015,"female","Austrian",7,-8,14,22,15,109,94,354,686,332,56
"11","1102",2015,"female","Foreign",180,171,319,148,9,48,39,203,532,329,27
"11","1102",2016,"male","Austrian",6,-2,26,28,8,79,71,343,637,294,64
"11","1102",2016,"male","Foreign",166,120,279,159,46,97,51,333,731,398,39
"11","1102",2016,"female","Austrian",-12,-5,13,18,-7,76,83,424,719,295,66
"11","1102",2016,"female","Foreign",217,207,351,144,10,43,33,235,588,353,36
"11","1102",2017,"male","Austrian",-60,-6,24,30,-54,62,116,1,312,311,43
"11","1102",2017,"male","Foreign",179,121,316,195,58,115,57,54,577,523,48
"11","1102",2017,"female","Austrian",-62,3,20,17,-65,52,117,30,317,287,45
"11","1102",2017,"female","Foreign",110,67,258,191,43,85,42,58,429,371,35
"11","1102",2018,"male","Austrian",-15,-2,25,27,-13,82,95,-82,263,345,38
"11","1102",2018,"male","Foreign",17,43,253,210,-26,52,78,-91,492,583,57
"11","1102",2018,"female","Austrian",-54,-4,7,11,-50,50,100,35,331,296,31
"11","1102",2018,"female","Foreign",32,44,222,178,-12,38,50,-48,378,426,42
"11","1102",2019,"male","Austrian",-42,-18,17,35,-24,80,104,108,431,323,62
"11","1102",2019,"male","Foreign",118,120,294,174,-2,52,54,120,637,517,59
"11","1102",2019,"female","Austrian",-38,-6,9,15,-32,65,97,96,428,332,50
"11","1102",2019,"female","Foreign",112,111,241,130,1,39,38,100,501,401,47
"11","1102",2020,"male","Austrian",-42,-11,14,25,-31,92,123,-52,291,343,50
"11","1102",2020,"male","Foreign",75,70,210,140,5,72,67,10,457,447,51
"11","1102",2020,"female","Austrian",-61,-6,10,16,-55,78,133,-29,313,342,44
"11","1102",2020,"female","Foreign",88,84,179,95,4,55,51,-31,340,371,35
"11","1102",2021,"male","Austrian",-83,-9,15,24,-74,64,138,69,366,297,56
"11","1102",2021,"male","Foreign",61,26,215,189,35,110,75,123,617,494,54
"11","1102",2021,"female","Austrian",-85,-5,6,11,-80,63,143,71,367,296,62
"11","1102",2021,"female","Foreign",34,53,181,128,-19,35,54,108,463,355,46
"11","1102",2022,"male","Austrian",-76,-7,18,25,-69,53,122,-31,290,321,45
"11","1102",2022,"male","Foreign",173,133,324,191,40,110,70,77,605,528,57
"11","1102",2022,"female","Austrian",-78,-12,10,22,-66,61,127,-2,287,289,42
"11","1102",2022,"female","Foreign",180,188,364,176,-8,43,51,39,408,369,50
"11","1102",2023,"male","Austrian",-27,0,34,34,-27,73,100,35,311,276,58
"11","1102",2023,"male","Foreign",183,116,335,219,67,164,97,72,649,577,80
"11","1102",2023,"female","Austrian",-42,-5,18,23,-37,81,118,34,305,271,51
"11","1102",2023,"female","Foreign",149,130,305,175,19,73,54,81,461,380,64
"11","1103",2007,"male","Austrian",-21,-6,20,26,-15,89,104,93,543,450,85
"11","1103",2007,"male","Foreign",121,106,194,88,15,39,24,78,346,268,52
"11","1103",2007,"female","Austrian",-40,-5,8,13,-35,79,114,65,488,423,88
"11","1103",2007,"female","Foreign",111,105,177,72,6,31,25,100,301,201,51
"11","1103",2008,"male","Austrian",-27,-11,25,36,-16,90,106,-1,405,406,66
"11","1103",2008,"male","Foreign",84,54,207,153,30,54,24,59,368,309,50
"11","1103",2008,"female","Austrian",-7,2,17,15,-9,108,117,-68,336,404,55
"11","1103",2008,"female","Foreign",119,111,223,112,8,31,23,31,303,272,46
"11","1103",2009,"male","Austrian",-25,9,40,31,-34,90,124,3,411,408,51
"11","1103",2009,"male","Foreign",105,87,282,195,18,42,24,9,337,328,39
"11","1103",2009,"female","Austrian",7,-4,15,19,11,106,95,-44,372,416,64
"11","1103",2009,"female","Foreign",112,105,242,137,7,23,16,10,296,286,33
"11","1103",2010,"male","Austrian",-27,-2,32,34,-25,88,113,-63,341,404,59
"11","1103",2010,"male","Foreign",68,57,266,209,11,38,27,-51,282,333,34
"11","1103",2010,"female","Austrian",-57,-15,11,26,-42,76,118,-53,302,355,45
"11","1103",2010,"female","Foreign",38,36,220,184,2,24,22,-12,266,278,29
"11","1103",2011,"male","Austrian",-1,4,36,32,-5,119,124,-25,355,380,41
"11","1103",2011,"male","Foreign",50,46,265,219,4,46,42,16,335,319,42
"11","1103",2011,"female","Austrian",-21,1,21,20,-22,92,114,-70,342,412,53
"11","1103",2011,"female","Foreign",73,67,217,150,6,47,41,10,279,269,42
"11","1103",2012,"male","Austrian",-30,-10,31,41,-20,98,118,-65,314,379,58
"11","1103",2012,"male","Foreign",141,108,269,161,33,57,24,-19,317,336,40
"11","1103",2012,"female","Austrian",-7,-11,9,20,4,104,100,-98,267,365,56
"11","1103",2012,"female","Foreign",113,89,218,129,24,51,27,21,287,266,34
"11","1103",2013,"male","Austrian",-20,-11,23,34,-9,88,97,-9,302,311,58
"11","1103",2013,"male","Foreign",177,167,336,169,10,53,43,-21,325,346,52
"11","1103",2013,"female","Austrian",0,-4,15,19,4,106,102,-60,297,357,55
"11","1103",2013,"female","Foreign",156,144,282,138,12,35,23,14,288,274,50
"11","1103",2014,"male","Austrian",-5,-18,24,42,13,111,98,-106,293,399,55
"11","1103",2014,"male","Foreign",180,126,304,178,54,89,35,-23,374,397,32
"11","1103",2014,"female","Austrian",-26,-2,19,21,-24,73,97,-112,270,382,45
"11","1103",2014,"female","Foreign",169,155,292,137,14,37,23,-56,270,326,33
"11","1103",2015,"male","Austrian",-51,-2,32,34,-49,74,123,-122,267,389,39
"11","1103",2015,"male","Foreign",212,179,373,194,33,93,60,-71,445,516,52
"11","1103",2015,"female","Austrian",-49,-12,17,29,-37,73,110,-175,222,397,40
"11","1103",2015,"female","Foreign",198,174,331,157,24,67,43,-44,378,422,40
"11","1103",2016,"male","Austrian",-9,-13,28,41,4,98,94,-23,323,346,50
"11","1103",2016,"male","Foreign",176,129,317,188,47,106,59,28,527,499,62
"11","1103",2016,"female","Austrian",-43,-14,10,24,-29,74,103,-53,282,335,39
"11","1103",2016,"female","Foreign",135,148,321,173,-13,46,59,-3,420,423,47
"11","1103",2017,"male","Austrian",-32,-3,29,32,-29,65,94,-80,250,330,32
"11","1103",2017,"male","Foreign",139,103,288,185,36,113,77,0,526,526,60
"11","1103",2017,"female","Austrian",-52,-13,11,24,-39,65,104,-66,233,299,40
"11","1103",2017,"female","Foreign",91,84,232,148,7,77,70,-40,332,372,53
"11","1103",2018,"male","Austrian",-23,-6,17,23,-17,98,115,241,525,284,107
"11","1103",2018,"male","Foreign",88,86,258,172,2,72,70,192,714,522,67
"11","1103",2018,"female","Austrian",-19,-1,13,14,-18,92,110,203,511,308,96
"11","1103",2018,"female","Foreign",99,89,202,113,10,56,46,168,579,411,62
"11","1103",2019,"male","Austrian",-41,-10,29,39,-31,78,109,-26,352,378,55
"11","1103",2019,"male","Foreign",64,74,275,201,-10,62,72,22,599,577,70
"11","1103",2019,"female","Austrian",-38,-15,12,27,-23,80,103,-74,309,383,62
"11","1103",2019,"female","Foreign",93,81,208,127,12,51,39,-16,435,451,55
"11","1103",2020,"male","Austrian",-20,13,28,15,-33,70,103,-64,245,309,24
"11","1103",2020,"male","Foreign",70,48,220,172,22,90,68,14,517,503,48
"11","1103",2020,"female","Austrian",-23,0,16,16,-23,76,99,-55,221,276,20
"11","1103",2020,"female","Foreign",57,33,165,132,24,58,34,14,359,345,29
"11","1103",2021,"male","Austrian",-7,-7,17,24,0,81,81,-108,263,371,40
"11","1103",2021,"male","Foreign",132,66,273,207,66,157,91,-37,550,587,53
"11","1103",2021,"female","Austrian",-49,-11,16,27,-38,65,103,-92,221,313,36
"11","1103",2021,"female","Foreign",139,121,243,122,18,86,68,-17,385,402,57
"11","1103",2022,"male","Austrian",-72,-13,19,32,-59,61,120,-51,253,304,32
"11","1103",2022,"male","Foreign",263,205,383,178,58,135,77,71,656,585,68
"11","1103",2022,"female","Austrian",-20,-9,12,21,-11,81,92,-29,266,295,31
"11","1103",2022,"female","Foreign",230,215,361,146,15,67,52,-15,399,414,73
"11","1103",2023,"male","Austrian",-14,-14,20,34,0,80,80,-26,297,323,46
"11","1103",2023,"male","Foreign",198,69,342,273,129,226,97,150,820,670,93
"11","1103",2023,"female","Austrian",-10,-8,13,21,-2,106,108,-84,270,354,43
"11","1103",2023,"female","Foreign",153,118,322,204,35,82,47,85,497,412,71
"11","1104",2007,"male","Austrian",-24,-3,8,11,-21,19,40,-1,94,95,14
"11","1104",2007,"male","Foreign",14,15,37,22,-1,5,6,-8,75,83,1
"11","1104",2007,"female","Austrian",-41,-10,1,11,-31,12,43,-25,92,117,12
"11","1104",2007,"female","Foreign",23,23,33,10,0,3,3,2,50,48,7
"11","1104",2008,"male","Austrian",-18,0,10,10,-18,17,35,-26,102,128,12
"11","1104",2008,"male","Foreign",22,20,57,37,2,6,4,24,80,56,8
"11","1104",2008,"female","Austrian",-21,-3,5,8,-18,12,30,-16,95,111,8
"11","1104",2008,"female","Foreign",23,19,46,27,4,8,4,22,74,52,9
"11","1104",2009,"male","Austrian",5,1,9,8,4,34,30,-2,102,104,12
"11","1104",2009,"male","Foreign",20,18,58,40,2,7,5,0,70,70,2
"11","1104",2009,"female","Austrian",-10,-6,6,12,-4,26,30,-17,82,99,7
"11","1104",2009,"female","Foreign",22,19,50,31,3,4,1,2,58,56,3
"11","1104",2010,"male","Austrian",-12,-6,3,9,-6,25,31,-3,84,87,13
"11","1104",2010,"male","Foreign",10,9,66,57,1,8,7,12,68,56,2
"11","1104",2010,"female","Austrian",-4,0,6,6,-4,19,23,-26,76,102,8
"11","1104",2010,"female","Foreign",11,15,62,47,-4,4,8,16,62,46,3
"11","1104",2011,"male","Austrian",-10,2,6,4,-12,17,29,-4,92,96,15
"11","1104",2011,"male","Foreign",-2,-3,44,47,1,9,8,8,71,63,0
"11","1104",2011,"female","Austrian",-12,2,7,5,-14,17,31,-19,70,89,20
"11","1104",2011,"female","Foreign",-1,-2,33,35,1,7,6,4,55,51,1
"11","1104",2012,"male","Austrian",-16,-6,6,12,-10,25,35,-3,82,85,7
"11","1104",2012,"male","Foreign",42,33,83,50,9,15,6,23,95,72,7
"11","1104",2012,"female","Austrian",-7,2,6,4,-9,26,35,12,83,71,8
"11","1104",2012,"female","Foreign",33,27,53,26,6,11,5,9,74,65,1
"11","1104",2013,"male","Austrian",-3,-1,8,9,-2,29,31,-4,74,78,12
"11","1104",2013,"male","Foreign",32,27,90,63,5,12,7,-6,81,87,2
"11","1104",2013,"female","Austrian",-14,-4,1,5,-10,22,32,9,88,79,5
"11","1104",2013,"female","Foreign",21,25,58,33,-4,7,11,-17,52,69,2
"11","1104",2014,"male","Austrian",-14,-5,5,10,-9,13,22,-22,69,91,9
"11","1104",2014,"male","Foreign",66,39,100,61,27,35,8,-13,86,99,7
"11","1104",2014,"female","Austrian",-37,-8,2,10,-29,11,40,-16,73,89,12
"11","1104",2014,"female","Foreign",37,30,69,39,7,11,4,28,81,53,5
"11","1104",2015,"male","Austrian",-15,-3,4,7,-12,22,34,-30,66,96,8
"11","1104",2015,"male","Foreign",101,52,118,66,49,65,16,-10,144,154,3
"11","1104",2015,"female","Austrian",-29,-6,3,9,-23,11,34,-33,51,84,6
"11","1104",2015,"female","Foreign",43,38,90,52,5,10,5,-7,66,73,3
"11","1104",2016,"male","Austrian",-34,-4,1,5,-30,18,48,-14,73,87,13
"11","1104",2016,"male","Foreign",27,26,99,73,1,48,47,-21,145,166,13
"11","1104",2016,"female","Austrian",-25,-3,1,4,-22,16,38,-15,68,83,12
"11","1104",2016,"female","Foreign",16,24,80,56,-8,14,22,23,101,78,10
"11","1104",2017,"male","Austrian",-17,-2,6,8,-15,15,30,0,83,83,4
"11","1104",2017,"male","Foreign",10,15,68,53,-5,25,30,17,189,172,0
"11","1104",2017,"female","Austrian",-22,-3,5,8,-19,18,37,-7,88,95,4
"11","1104",2017,"female","Foreign",3,9,48,39,-6,14,20,-8,106,114,3
"11","1104",2018,"male","Austrian",-15,-3,5,8,-12,29,41,-15,78,93,9
"11","1104",2018,"male","Foreign",38,29,78,49,9,32,23,23,177,154,6
"11","1104",2018,"female","Austrian",-33,-6,2,8,-27,19,46,-20,69,89,11
"11","1104",2018,"female","Foreign",30,22,46,24,8,18,10,0,85,85,3
"11","1104",2019,"male","Austrian",-4,-1,5,6,-3,26,29,-10,83,93,9
"11","1104",2019,"male","Foreign",-15,-7,62,69,-8,20,28,17,182,165,6
"11","1104",2019,"female","Austrian",-18,4,6,2,-22,13,35,20,91,71,16
"11","1104",2019,"female","Foreign",6,15,41,26,-9,16,25,19,123,104,5
"11","1104",2020,"male","Austrian",-2,1,6,5,-3,23,26,-8,79,87,5
"11","1104",2020,"male","Foreign",35,40,94,54,-5,14,19,39,172,133,10
"11","1104",2020,"female","Austrian",-12,-4,1,5,-8,16,24,-25,76,101,12
"11","1104",2020,"female","Foreign",12,20,45,25,-8,8,16,53,121,68,5
"11","1104",2021,"male","Austrian",11,0,4,4,11,41,30,32,119,87,10
"11","1104",2021,"male","Foreign",27,20,66,46,7,31,24,78,227,149,10
"11","1104",2021,"female","Austrian",14,1,4,3,13,36,23,17,98,81,8
"11","1104",2021,"female","Foreign",27,21,41,20,6,17,11,75,165,90,12
"11","1104",2022,"male","Austrian",9,0,7,7,9,45,36,146,211,65,23
"11","1104",2022,"male","Foreign",245,194,283,89,51,148,97,249,450,201,20
"11","1104",2022,"female","Austrian",25,3,7,4,22,40,18,132,206,74,24
"11","1104",2022,"female","Foreign",338,318,359,41,20,127,107,177,345,168,13
"11","1104",2023,"male","Austrian",4,-12,8,20,16,50,34,-10,124,134,9
"11","1104",2023,"male","Foreign",75,116,193,77,-41,105,146,115,478,363,28
"11","1104",2023,"female","Austrian",-20,-10,2,12,-10,40,50,13,126,113,10
"11","1104",2023,"female","Foreign",83,150,232,82,-67,61,128,-10,285,295,15
"11","1105",2007,"male","Austrian",-40,5,19,14,-45,43,88,61,322,261,56
"11","1105",2007,"male","Foreign",25,22,40,18,3,8,5,59,105,46,3
"11","1105",2007,"female","Austrian",-44,-8,5,13,-36,39,75,73,315,242,68
"11","1105",2007,"female","Foreign",32,28,41,13,4,13,9,57,117,60,9
"11","1105",2008,"male","Austrian",-74,-15,9,24,-59,19,78,90,304,214,52
"11","1105",2008,"male","Foreign",10,6,29,23,4,9,5,50,113,63,8
"11","1105",2008,"female","Austrian",-34,-1,5,6,-33,32,65,82,262,180,44
"11","1105",2008,"female","Foreign",18,21,44,23,-3,5,8,52,122,70,6
"11","1105",2009,"male","Austrian",-33,-12,14,26,-21,39,60,11,237,226,38
"11","1105",2009,"male","Foreign",14,7,41,34,7,10,3,17,93,76,3
"11","1105",2009,"female","Austrian",-44,-8,9,17,-36,31,67,-7,219,226,41
"11","1105",2009,"female","Foreign",24,25,41,16,-1,4,5,12,81,69,4
"11","1105",2010,"male","Austrian",-28,-9,16,25,-19,39,58,20,202,182,30
"11","1105",2010,"male","Foreign",5,6,36,30,-1,4,5,13,75,62,13
"11","1105",2010,"female","Austrian",-15,-4,6,10,-11,33,44,14,215,201,30
"11","1105",2010,"female","Foreign",11,14,41,27,-3,0,3,25,75,50,11
"11","1105",2011,"male","Austrian",-17,4,19,15,-21,50,71,117,345,228,63
"11","1105",2011,"male","Foreign",19,18,50,32,1,6,5,54,116,62,5
"11","1105",2011,"female","Austrian",-23,-1,9,10,-22,44,66,132,329,197,74
"11","1105",2011,"female","Foreign",18,14,37,23,4,6,2,80,124,44,17
"11","1105",2012,"male","Austrian",-21,2,13,11,-23,40,63,39,241,202,36
"11","1105",2012,"male","Foreign",30,29,57,28,1,7,6,37,108,71,5
"11","1105",2012,"female","Austrian",-15,-5,9,14,-10,56,66,12,211,199,30
"11","1105",2012,"female","Foreign",11,15,47,32,-4,3,7,35,101,66,11
"11","1105",2013,"male","Austrian",5,-6,23,29,11,60,49,43,272,229,39
"11","1105",2013,"male","Foreign",40,29,57,28,11,19,8,50,148,98,9
"11","1105",2013,"female","Austrian",-39,-12,4,16,-27,35,62,31,235,204,24
"11","1105",2013,"female","Foreign",54,55,73,18,-1,5,6,97,169,72,8
"11","1105",2014,"male","Austrian",-37,-13,10,23,-24,47,71,55,269,214,30
"11","1105",2014,"male","Foreign",45,46,68,22,-1,10,11,35,124,89,6
"11","1105",2014,"female","Austrian",-18,3,12,9,-21,45,66,42,255,213,30
"11","1105",2014,"female","Foreign",29,31,68,37,-2,8,10,24,111,87,5
"11","1105",2015,"male","Austrian",-42,-16,8,24,-26,40,66,-92,184,276,27
"11","1105",2015,"male","Foreign",38,36,69,33,2,16,14,27,122,95,5
"11","1105",2015,"female","Austrian",-23,-2,6,8,-21,44,65,-67,167,234,27
"11","1105",2015,"female","Foreign",51,52,82,30,-1,8,9,8,99,91,6
"11","1105",2016,"male","Austrian",-53,-5,11,16,-48,38,86,-50,202,252,42
"11","1105",2016,"male","Foreign",17,17,54,37,0,13,13,33,142,109,9
"11","1105",2016,"female","Austrian",-27,-1,11,12,-26,38,64,-80,184,264,32
"11","1105",2016,"female","Foreign",10,16,52,36,-6,7,13,41,132,91,13
"11","1105",2017,"male","Austrian",-45,-4,18,22,-41,43,84,82,309,227,41
"11","1105",2017,"male","Foreign",12,11,55,44,1,13,12,122,201,79,14
"11","1105",2017,"female","Austrian",-46,-11,4,15,-35,28,63,18,225,207,37
"11","1105",2017,"female","Foreign",-1,11,56,45,-12,6,18,114,195,81,9
"11","1105",2018,"male","Austrian",-34,-8,16,24,-26,57,83,75,291,216,35
"11","1105",2018,"male","Foreign",16,18,59,41,-2,14,16,116,246,130,14
"11","1105",2018,"female","Austrian",-43,-4,5,9,-39,63,102,67,289,222,25
"11","1105",2018,"female","Foreign",32,36,66,30,-4,18,22,129,210,81,15
"11","1105",2019,"male","Austrian",-49,0,19,19,-49,63,112,45,283,238,45
"11","1105",2019,"male","Foreign",45,36,70,34,9,30,21,145,265,120,21
"11","1105",2019,"female","Austrian",-80,-14,6,20,-66,43,109,85,285,200,49
"11","1105",2019,"female","Foreign",45,37,83,46,8,28,20,120,248,128,22
"11","1105",2020,"male","Austrian",-33,5,18,13,-38,47,85,-29,219,248,33
"11","1105",2020,"male","Foreign",2,8,57,49,-6,23,29,69,204,135,12
"11","1105",2020,"female","Austrian",-38,4,12,8,-42,48,90,-48,197,245,33
"11","1105",2020,"female","Foreign",0,8,51,43,-8,14,22,83,201,118,14
"11","1105",2021,"male","Austrian",-84,-1,17,18,-83,30,113,17,230,213,33
"11","1105",2021,"male","Foreign",31,18,53,35,13,28,15,129,260,131,24
"11","1105",2021,"female","Austrian",-67,0,10,10,-67,36,103,-4,192,196,30
"11","1105",2021,"female","Foreign",8,12,43,31,-4,15,19,99,226,127,24
"11","1105",2022,"male","Austrian",-51,6,15,9,-57,40,97,18,226,208,44
"11","1105",2022,"male","Foreign",58,44,94,50,14,42,28,11,209,198,19
"11","1105",2022,"female","Austrian",-50,-2,9,11,-48,41,89,-16,207,223,39
"11","1105",2022,"female","Foreign",52,50,99,49,2,21,19,56,201,145,17
"11","1105",2023,"male","Austrian",-57,-14,7,21,-43,53,96,-70,195,265,51
"11","1105",2023,"male","Foreign",42,27,84,57,15,43,28,75,268,193,23
"11","1105",2023,"female","Austrian",-49,-1,4,5,-48,39,87,-23,186,209,41
"11","1105",2023,"female","Foreign",12,24,63,39,-12,20,32,70,221,151,22
"11","1106",2007,"male","Austrian",1,1,1,0,0,1,1,5,8,3,0
"11","1106",2007,"male","Foreign",2,1,1,0,1,1,0,1,2,1,0
"11","1106",2007,"female","Austrian",1,1,1,0,0,0,0,9,12,3,0
"11","1106",2007,"female","Foreign",0,0,2,2,0,0,0,0,1,1,0
"11","1106",2008,"male","Austrian",1,0,0,0,1,1,0,60,64,4,0
"11","1106",2008,"male","Foreign",4,1,2,1,3,4,1,-2,0,2,0
"11","1106",2008,"female","Austrian",0,0,0,0,0,0,0,55,59,4,0
"11","1106",2008,"female","Foreign",2,1,1,0,1,1,0,1,4,3,0
"11","1106",2009,"male","Austrian",1,-1,0,1,2,2,0,14,16,2,0
"11","1106",2009,"male","Foreign",-2,0,1,1,-2,0,2,0,2,2,0
"11","1106",2009,"female","Austrian",3,1,1,0,2,2,0,12,14,2,0
"11","1106",2009,"female","Foreign",2,1,1,0,1,1,0,1,1,0,0
"11","1106",2010,"male","Austrian",2,0,0,0,2,2,0,6,13,7,0
"11","1106",2010,"male","Foreign",0,0,1,1,0,0,0,-1,1,2,0
"11","1106",2010,"female","Austrian",1,1,1,0,0,0,0,13,17,4,0
"11","1106",2010,"female","Foreign",0,0,0,0,0,0,0,1,2,1,0
"11","1106",2011,"male","Austrian",0,-1,0,1,1,2,1,6,14,8,0
"11","1106",2011,"male","Foreign",1,1,4,3,0,0,0,0,1,1,0
"11","1106",2011,"female","Austrian",-2,-1,0,1,-1,0,1,-3,6,9,0
"11","1106",2011,"female","Foreign",1,1,1,0,0,0,0,1,2,1,0
"11","1106",2012,"male","Austrian",0,-1,0,1,1,1,0,-1,7,8,0
"11","1106",2012,"male","Foreign",0,0,0,0,0,0,0,0,3,3,0
"11","1106",2012,"female","Austrian",4,0,0,0,4,4,0,-4,3,7,0
"11","1106",2012,"female","Foreign",1,2,2,0,-1,0,1,2,4,2,0
"11","1106",2013,"male","Austrian",0,0,0,0,0,0,0,1,4,3,0
"11","1106",2013,"male","Foreign",-1,-1,0,1,0,0,0,5,6,1,0
"11","1106",2013,"female","Austrian",-3,-1,0,1,-2,0,2,0,2,2,0
"11","1106",2013,"female","Foreign",0,0,0,0,0,0,0,1,3,2,0
"11","1106",2014,"male","Austrian",-3,0,0,0,-3,0,3,-1,3,4,0
"11","1106",2014,"male","Foreign",3,3,3,0,0,0,0,0,1,1,0
"11","1106",2014,"female","Austrian",-2,0,0,0,-2,0,2,-4,1,5,0
"11","1106",2014,"female","Foreign",2,2,2,0,0,0,0,0,1,1,0
"11","1106",2015,"male","Austrian",0,0,0,0,0,1,1,0,6,6,0
"11","1106",2015,"male","Foreign",-2,-1,1,2,-1,0,1,-6,1,7,0
"11","1106",2015,"female","Austrian",-3,-4,0,4,1,2,1,5,8,3,0
"11","1106",2015,"female","Foreign",1,1,4,3,0,0,0,-3,0,3,0
"11","1106",2016,"male","Austrian",2,0,0,0,2,4,2,4,6,2,0
"11","1106",2016,"male","Foreign",-1,-1,0,1,0,0,0,1,2,1,0
"11","1106",2016,"female","Austrian",0,0,1,1,0,1,1,-1,2,3,0
"11","1106",2016,"female","Foreign",0,0,1,1,0,0,0,0,1,1,0
"11","1106",2017,"male","Austrian",-2,-1,0,1,-1,1,2,1,5,4,0
"11","1106",2017,"male","Foreign",0,0,1,1,0,0,0,0,1,1,0
"11","1106",2017,"female","Austrian",-1,-1,0,1,0,1,1,-1,4,5,0
"11","1106",2017,"female","Foreign",-1,-1,1,2,0,0,0,0,2,2,0
"11","1106",2018,"male","Austrian",-3,0,0,0,-3,0,3,0,5,5,0
"11","1106",2018,"male","Foreign",0,-1,0,1,1,1,0,-1,0,1,0
"11","1106",2018,"female","Austrian",-2,0,0,0,-2,0,2,2,5,3,0
"11","1106",2018,"female","Foreign",-1,-1,0,1,0,0,0,0,1,1,0
"11","1106",2019,"male","Austrian",-2,-1,0,1,-1,2,3,-4,2,6,0
"11","1106",2019,"male","Foreign",3,3,3,0,0,0,0,0,1,1,0
"11","1106",2019,"female","Austrian",-2,1,1,0,-3,1,4,-1,1,2,0
"11","1106",2019,"female","Foreign",1,1,1,0,0,0,0,1,1,0,0
"11","1106",2020,"male","Austrian",-2,0,0,0,-2,0,2,-7,2,9,0
"11","1106",2020,"male","Foreign",1,1,1,0,0,0,0,1,1,0,0
"11","1106",2020,"female","Austrian",-3,0,0,0,-3,0,3,-3,0,3,0
"11","1106",2020,"female","Foreign",0,0,0,0,0,0,0,-1,0,1,0
"11","1106",2021,"male","Austrian",-5,0,0,0,-5,0,5,10,12,2,0
"11","1106",2021,"male","Foreign",-3,1,2,1,-4,0,4,-3,1,4,0
"11","1106",2021,"female","Austrian",-1,0,0,0,-1,0,1,4,6,2,2
"11","1106",2021,"female","Foreign",1,3,3,0,-2,0,2,1,2,1,0
"11","1106",2022,"male","Austrian",-2,0,0,0,-2,0,2,-1,3,4,0
"11","1106",2022,"male","Foreign",-3,-2,1,3,-1,0,1,-5,1,6,0
"11","1106",2022,"female","Austrian",0,0,0,0,0,0,0,-3,2,5,0
"11","1106",2022,"female","Foreign",-1,-1,0,1,0,0,0,-10,0,10,0
"11","1106",2023,"male","Austrian",0,0,0,0,0,1,1,0,4,4,0
"11","1106",2023,"male","Foreign",1,1,1,0,0,0,0,0,1,1,0
"11","1106",2023,"female","Austrian",-4,0,0,0,-4,0,4,3,4,1,0
"11","1106",2023,"female","Foreign",2,2,2,0,0,0,0,-2,0,2,0
"11","1107",2007,"male","Austrian",-36,-8,6,14,-28,15,43,133,256,123,30
"11","1107",2007,"male","Foreign",8,6,22,16,2,8,6,36,85,49,2
"11","1107",2007,"female","Austrian",-19,-4,3,7,-15,22,37,171,269,98,30
"11","1107",2007,"female","Foreign",14,13,21,8,1,5,4,33,80,47,7
"11","1107",2008,"male","Austrian",-22,0,11,11,-22,22,44,21,140,119,31
"11","1107",2008,"male","Foreign",28,23,35,12,5,10,5,34,60,26,5
"11","1107",2008,"female","Austrian",-39,-6,3,9,-33,14,47,37,144,107,24
"11","1107",2008,"female","Foreign",18,19,30,11,-1,3,4,27,55,28,4
"11","1107",2009,"male","Austrian",-12,-1,14,15,-11,31,42,7,138,131,17
"11","1107",2009,"male","Foreign",-5,0,41,41,-5,3,8,9,51,42,1
"11","1107",2009,"female","Austrian",-10,-1,5,6,-9,35,44,31,145,114,13
"11","1107",2009,"female","Foreign",3,4,39,35,-1,2,3,13,45,32,1
"11","1107",2010,"male","Austrian",-3,3,12,9,-6,26,32,-26,113,139,19
"11","1107",2010,"male","Foreign",22,23,43,20,-1,1,2,32,63,31,4
"11","1107",2010,"female","Austrian",-17,-8,5,13,-9,18,27,3,126,123,18
"11","1107",2010,"female","Foreign",17,25,43,18,-8,2,10,25,60,35,6
"11","1107",2011,"male","Austrian",-6,5,13,8,-11,24,35,-25,112,137,8
"11","1107",2011,"male","Foreign",9,11,43,32,-2,4,6,-7,49,56,1
"11","1107",2011,"female","Austrian",-15,2,9,7,-17,20,37,-22,110,132,9
"11","1107",2011,"female","Foreign",18,10,32,22,8,15,7,9,54,45,6
"11","1107",2012,"male","Austrian",-20,-13,4,17,-7,27,34,14,116,102,9
"11","1107",2012,"male","Foreign",2,1,36,35,1,6,5,18,56,38,2
"11","1107",2012,"female","Austrian",-8,-5,2,7,-3,23,26,-5,108,113,17
"11","1107",2012,"female","Foreign",14,17,42,25,-3,6,9,19,67,48,5
"11","1107",2013,"male","Austrian",-13,2,12,10,-15,16,31,-10,115,125,11
"11","1107",2013,"male","Foreign",20,21,43,22,-1,3,4,23,63,40,4
"11","1107",2013,"female","Austrian",-26,-2,2,4,-24,16,40,-8,91,99,17
"11","1107",2013,"female","Foreign",18,24,49,25,-6,6,12,3,61,58,4
"11","1107",2014,"male","Austrian",-9,1,8,7,-10,21,31,24,156,132,11
"11","1107",2014,"male","Foreign",22,21,55,34,1,5,4,31,86,55,1
"11","1107",2014,"female","Austrian",-9,-2,3,5,-7,24,31,11,133,122,17
"11","1107",2014,"female","Foreign",43,51,67,16,-8,4,12,21,75,54,2
"11","1107",2015,"male","Austrian",-26,0,12,12,-26,11,37,11,125,114,8
"11","1107",2015,"male","Foreign",-3,3,41,38,-6,7,13,36,92,56,3
"11","1107",2015,"female","Austrian",-25,-4,2,6,-21,24,45,-16,110,126,7
"11","1107",2015,"female","Foreign",23,20,46,26,3,8,5,27,85,58,1
"11","1107",2016,"male","Austrian",-16,-4,5,9,-12,20,32,5,113,108,11
"11","1107",2016,"male","Foreign",19,10,45,35,9,15,6,42,103,61,2
"11","1107",2016,"female","Austrian",-13,4,9,5,-17,18,35,-19,97,116,6
"11","1107",2016,"female","Foreign",10,13,48,35,-3,7,10,40,85,45,4
"11","1107",2017,"male","Austrian",-23,-6,7,13,-17,23,40,-6,108,114,11
"11","1107",2017,"male","Foreign",-5,4,41,37,-9,5,14,6,83,77,4
"11","1107",2017,"female","Austrian",-22,-4,1,5,-18,21,39,-9,99,108,4
"11","1107",2017,"female","Foreign",11,8,46,38,3,9,6,18,68,50,3
"11","1107",2018,"male","Austrian",-40,-12,2,14,-28,24,52,-8,124,132,13
"11","1107",2018,"male","Foreign",31,33,59,26,-2,9,11,46,119,73,10
"11","1107",2018,"female","Austrian",-23,-3,2,5,-20,25,45,-20,120,140,12
"11","1107",2018,"female","Foreign",26,31,55,24,-5,4,9,46,108,62,13
"11","1107",2019,"male","Austrian",-34,-4,9,13,-30,17,47,29,125,96,15
"11","1107",2019,"male","Foreign",12,23,56,33,-11,5,16,33,127,94,11
"11","1107",2019,"female","Austrian",-34,1,4,3,-35,14,49,3,115,112,14
"11","1107",2019,"female","Foreign",7,14,38,24,-7,7,14,52,112,60,7
"11","1107",2020,"male","Austrian",-15,1,9,8,-16,18,34,16,125,109,22
"11","1107",2020,"male","Foreign",12,13,49,36,-1,15,16,68,137,69,4
"11","1107",2020,"female","Austrian",-29,1,4,3,-30,25,55,13,124,111,16
"11","1107",2020,"female","Foreign",2,9,36,27,-7,10,17,51,120,69,7
"11","1107",2021,"male","Austrian",-36,-1,10,11,-35,12,47,5,107,102,14
"11","1107",2021,"male","Foreign",-8,1,36,35,-9,9,18,41,111,70,9
"11","1107",2021,"female","Austrian",-35,2,7,5,-37,13,50,-25,102,127,17
"11","1107",2021,"female","Foreign",12,8,31,23,4,15,11,51,104,53,8
"11","1107",2022,"male","Austrian",-18,-2,6,8,-16,14,30,-4,106,110,16
"11","1107",2022,"male","Foreign",47,33,57,24,14,30,16,43,141,98,4
"11","1107",2022,"female","Austrian",-9,-3,1,4,-6,25,31,-21,95,116,12
"11","1107",2022,"female","Foreign",33,29,52,23,4,16,12,23,106,83,3
"11","1107",2023,"male","Austrian",-26,-2,7,9,-24,13,37,6,112,106,12
"11","1107",2023,"male","Foreign",49,33,62,29,16,29,13,56,173,117,5
"11","1107",2023,"female","Austrian",-22,-2,4,6,-20,18,38,-30,88,118,18
"11","1107",2023,"female","Foreign",38,20,47,27,18,29,11,37,130,93,3
"11","1108",2007,"male","Austrian",-3,1,2,1,-4,3,7,-8,17,25,4
"11","1108",2007,"male","Foreign",-1,-1,1,2,0,1,1,2,5,3,1
"11","1108",2007,"female","Austrian",0,2,2,0,-2,5,7,-9,17,26,3
"11","1108",2007,"female","Foreign",-2,0,1,1,-2,0,2,1,6,5,1
"11","1108",2008,"male","Austrian",-9,-2,0,2,-7,0,7,9,21,12,1
"11","1108",2008,"male","Foreign",1,0,0,0,1,1,0,-3,3,6,0
"11","1108",2008,"female","Austrian",-9,-8,0,8,-1,5,6,-2,20,22,2
"11","1108",2008,"female","Foreign",0,0,0,0,0,0,0,-2,3,5,0
"11","1108",2009,"male","Austrian",-4,0,0,0,-4,6,10,1,18,17,2
"11","1108",2009,"male","Foreign",1,0,1,1,1,1,0,1,5,4,0
"11","1108",2009,"female","Austrian",-2,1,1,0,-3,3,6,-1,15,16,1
"11","1108",2009,"female","Foreign",1,1,2,1,0,0,0,-3,4,7,0
"11","1108",2010,"male","Austrian",-11,0,0,0,-11,1,12,-6,16,22,2
"11","1108",2010,"male","Foreign",3,3,3,0,0,0,0,2,4,2,0
"11","1108",2010,"female","Austrian",-9,-3,0,3,-6,5,11,10,20,10,2
"11","1108",2010,"female","Foreign",1,1,1,0,0,0,0,0,1,1,0
"11","1108",2011,"male","Austrian",-5,0,0,0,-5,6,11,1,14,13,3
"11","1108",2011,"male","Foreign",-1,1,2,1,-2,0,2,3,4,1,0
"11","1108",2011,"female","Austrian",-12,0,0,0,-12,2,14,-2,8,10,4
"11","1108",2011,"female","Foreign",0,3,4,1,-3,0,3,3,5,2,0
"11","1108",2012,"male","Austrian",-7,1,1,0,-8,2,10,3,13,10,2
"11","1108",2012,"male","Foreign",-1,-2,0,2,1,2,1,0,2,2,1
"11","1108",2012,"female","Austrian",-5,0,0,0,-5,1,6,4,15,11,3
"11","1108",2012,"female","Foreign",3,3,4,1,0,0,0,-2,1,3,0
"11","1108",2013,"male","Austrian",0,0,0,0,0,2,2,-1,14,15,3
"11","1108",2013,"male","Foreign",3,3,5,2,0,0,0,-2,1,3,0
"11","1108",2013,"female","Austrian",-4,0,0,0,-4,3,7,0,13,13,1
"11","1108",2013,"female","Foreign",3,4,5,1,-1,0,1,-5,1,6,1
"11","1108",2014,"male","Austrian",-9,-1,0,1,-8,4,12,-5,10,15,1
"11","1108",2014,"male","Foreign",-2,-1,1,2,-1,0,1,1,5,4,0
"11","1108",2014,"female","Austrian",-2,1,1,0,-3,4,7,-5,8,13,2
"11","1108",2014,"female","Foreign",-2,1,2,1,-3,0,3,2,4,2,0
"11","1108",2015,"male","Austrian",-6,0,1,1,-6,2,8,-3,9,12,2
"11","1108",2015,"male","Foreign",5,3,4,1,2,3,1,0,10,10,0
"11","1108",2015,"female","Austrian",-3,-1,0,1,-2,2,4,-2,7,9,0
"11","1108",2015,"female","Foreign",1,-2,0,2,3,3,0,2,8,6,0
"11","1108",2016,"male","Austrian",-3,0,0,0,-3,4,7,-9,11,20,2
"11","1108",2016,"male","Foreign",2,1,1,0,1,2,1,1,8,7,1
"11","1108",2016,"female","Austrian",-10,0,0,0,-10,0,10,-5,11,16,1
"11","1108",2016,"female","Foreign",0,0,1,1,0,1,1,0,4,4,0
"11","1108",2017,"male","Austrian",1,4,4,0,-3,1,4,4,16,12,1
"11","1108",2017,"male","Foreign",-2,-3,1,4,1,1,0,4,4,0,0
"11","1108",2017,"female","Austrian",-2,0,0,0,-2,4,6,0,11,11,3
"11","1108",2017,"female","Foreign",0,0,0,0,0,0,0,2,5,3,0
"11","1108",2018,"male","Austrian",-3,-1,1,2,-2,2,4,-8,15,23,3
"11","1108",2018,"male","Foreign",-2,-2,0,2,0,0,0,1,2,1,0
"11","1108",2018,"female","Austrian",-2,0,0,0,-2,2,4,-4,11,15,0
"11","1108",2018,"female","Foreign",-2,-1,0,1,-1,0,1,1,3,2,0
"11","1108",2019,"male","Austrian",-2,-2,0,2,0,3,3,-10,9,19,2
"11","1108",2019,"male","Foreign",1,1,3,2,0,1,1,-2,1,3,0
"11","1108",2019,"female","Austrian",-3,0,0,0,-3,1,4,-9,12,21,3
"11","1108",2019,"female","Foreign",5,4,5,1,1,1,0,0,2,2,0
"11","1108",2020,"male","Austrian",0,0,0,0,0,0,0,-10,11,21,0
"11","1108",2020,"male","Foreign",-2,-2,0,2,0,0,0,4,7,3,0
"11","1108",2020,"female","Austrian",-1,0,0,0,-1,1,2,-9,12,21,1
"11","1108",2020,"female","Foreign",2,2,3,1,0,0,0,-1,3,4,0
"11","1108",2021,"male","Austrian",-6,0,0,0,-6,1,7,-5,10,15,0
"11","1108",2021,"male","Foreign",0,-1,2,3,1,2,1,-3,0,3,0
"11","1108",2021,"female","Austrian",-3,0,0,0,-3,0,3,-4,8,12,0
"11","1108",2021,"female","Foreign",0,0,3,3,0,0,0,-3,2,5,0
"11","1108",2022,"male","Austrian",-1,-2,0,2,1,4,3,0,10,10,1
"11","1108",2022,"male","Foreign",7,6,8,2,1,1,0,-1,4,5,0
"11","1108",2022,"female","Austrian",-1,-1,0,1,0,4,4,-4,11,15,2
"11","1108",2022,"female","Foreign",9,7,9,2,2,2,0,-4,3,7,0
"11","1108",2023,"male","Austrian",0,1,1,0,-1,1,2,6,14,8,2
"11","1108",2023,"male","Foreign",0,-1,2,3,1,1,0,0,1,1,0
"11","1108",2023,"female","Austrian",-1,0,0,0,-1,0,1,6,12,6,1
"11","1108",2023,"female","Foreign",3,2,5,3,1,2,1,-1,2,3,0
"11","1109",2007,"male","Austrian",10,0,0,0,10,27,17,190,223,33,0
"11","1109",2007,"male","Foreign",16,13,23,10,3,6,3,42,50,8,1
"11","1109",2007,"female","Austrian",23,-1,0,1,24,31,7,187,215,28,3
"11","1109",2007,"female","Foreign",5,2,9,7,3,4,1,46,49,3,0
"11","1109",2008,"male","Austrian",11,2,3,1,9,26,17,103,149,46,3
"11","1109",2008,"male","Foreign",3,4,24,20,-1,3,4,18,29,11,2
"11","1109",2008,"female","Austrian",10,2,2,0,8,26,18,130,161,31,5
"11","1109",2008,"female","Foreign",10,7,12,5,3,5,2,21,31,10,0
"11","1109",2009,"male","Austrian",-17,-1,1,2,-16,6,22,4,49,45,3
"11","1109",2009,"male","Foreign",1,1,24,23,0,3,3,-3,22,25,0
"11","1109",2009,"female","Austrian",-1,3,5,2,-4,12,16,30,66,36,6
"11","1109",2009,"female","Foreign",0,5,13,8,-5,1,6,9,19,10,0
"11","1109",2010,"male","Austrian",-9,-2,2,4,-7,16,23,24,70,46,4
"11","1109",2010,"male","Foreign",8,12,23,11,-4,0,4,0,15,15,0
"11","1109",2010,"female","Austrian",5,-4,0,4,9,22,13,43,83,40,10
"11","1109",2010,"female","Foreign",4,7,16,9,-3,1,4,6,9,3,5
"11","1109",2011,"male","Austrian",-8,3,4,1,-11,16,27,-9,37,46,5
"11","1109",2011,"male","Foreign",-1,-1,21,22,0,4,4,8,23,15,0
"11","1109",2011,"female","Austrian",-13,3,3,0,-16,10,26,17,69,52,3
"11","1109",2011,"female","Foreign",6,6,18,12,0,2,2,7,16,9,0
"11","1109",2012,"male","Austrian",-12,-2,1,3,-10,8,18,20,57,37,4
"11","1109",2012,"male","Foreign",3,8,23,15,-5,1,6,0,17,17,2
"11","1109",2012,"female","Austrian",-16,-1,0,1,-15,7,22,22,61,39,5
"11","1109",2012,"female","Foreign",11,14,24,10,-3,2,5,3,20,17,4
"11","1109",2013,"male","Austrian",-12,-2,0,2,-10,12,22,14,48,34,12
"11","1109",2013,"male","Foreign",17,16,22,6,1,4,3,-3,15,18,2
"11","1109",2013,"female","Austrian",-12,-1,1,2,-11,9,20,40,73,33,9
"11","1109",2013,"female","Foreign",11,13,19,6,-2,2,4,1,10,9,3
"11","1109",2014,"male","Austrian",-14,-1,2,3,-13,10,23,9,43,34,2
"11","1109",2014,"male","Foreign",16,14,27,13,2,3,1,7,27,20,0
"11","1109",2014,"female","Austrian",-14,0,0,0,-14,11,25,18,57,39,12
"11","1109",2014,"female","Foreign",10,8,19,11,2,3,1,10,21,11,0
"11","1109",2015,"male","Austrian",-1,2,2,0,-3,10,13,-8,34,42,5
"11","1109",2015,"male","Foreign",15,11,20,9,4,9,5,6,31,25,1
"11","1109",2015,"female","Austrian",-8,0,0,0,-8,17,25,29,74,45,3
"11","1109",2015,"female","Foreign",15,15,24,9,0,6,6,3,19,16,2
"11","1109",2016,"male","Austrian",-19,-1,2,3,-18,8,26,7,42,35,7
"11","1109",2016,"male","Foreign",-2,1,14,13,-3,3,6,-1,22,23,0
"11","1109",2016,"female","Austrian",-24,-2,1,3,-22,6,28,30,73,43,3
"11","1109",2016,"female","Foreign",-3,0,8,8,-3,1,4,3,16,13,0
"11","1109",2017,"male","Austrian",-13,0,0,0,-13,8,21,11,54,43,9
"11","1109",2017,"male","Foreign",5,8,25,17,-3,4,7,8,34,26,0
"11","1109",2017,"female","Austrian",-11,-1,0,1,-10,9,19,18,55,37,9
"11","1109",2017,"female","Foreign",9,10,17,7,-1,0,1,7,25,18,0
"11","1109",2018,"male","Austrian",-15,1,2,1,-16,10,26,20,61,41,4
"11","1109",2018,"male","Foreign",7,13,26,13,-6,2,8,-8,33,41,2
"11","1109",2018,"female","Austrian",-15,2,2,0,-17,13,30,29,62,33,4
"11","1109",2018,"female","Foreign",11,16,22,6,-5,4,9,-8,26,34,4
"11","1109",2019,"male","Austrian",-18,-2,0,2,-16,9,25,9,55,46,4
"11","1109",2019,"male","Foreign",-1,1,13,12,-2,7,9,9,42,33,0
"11","1109",2019,"female","Austrian",-16,-1,1,2,-15,10,25,6,61,55,6
"11","1109",2019,"female","Foreign",-6,-1,14,15,-5,2,7,2,31,29,1
"11","1109",2020,"male","Austrian",-20,-2,0,2,-18,11,29,0,43,43,6
"11","1109",2020,"male","Foreign",2,10,17,7,-8,4,12,3,33,30,1
"11","1109",2020,"female","Austrian",-20,-1,0,1,-19,12,31,7,45,38,6
"11","1109",2020,"female","Foreign",-18,-11,5,16,-7,5,12,9,26,17,0
"11","1109",2021,"male","Austrian",-7,0,0,0,-7,8,15,18,58,40,4
"11","1109",2021,"male","Foreign",3,5,17,12,-2,4,6,34,50,16,7
"11","1109",2021,"female","Austrian",-16,-1,0,1,-15,5,20,44,83,39,6
"11","1109",2021,"female","Foreign",-2,1,9,8,-3,4,7,16,30,14,1
"11","1109",2022,"male","Austrian",-13,-3,0,3,-10,8,18,16,61,45,4
"11","1109",2022,"male","Foreign",28,22,38,16,6,14,8,27,66,39,3
"11","1109",2022,"female","Austrian",-3,-3,1,4,0,15,15,5,53,48,1
"11","1109",2022,"female","Foreign",23,21,35,14,2,9,7,15,34,19,3
"11","1109",2023,"male","Austrian",-11,0,2,2,-11,4,15,29,68,39,1
"11","1109",2023,"male","Foreign",4,3,22,19,1,10,9,-1,37,38,2
"11","1109",2023,"female","Austrian",-9,0,0,0,-9,8,17,27,72,45,0
"11","1109",2023,"female","Foreign",6,13,17,4,-7,0,7,8,22,14,1
"11","1110",2007,"male","Austrian",-105,-4,26,30,-101,161,262,409,858,449,262
"11","1110",2007,"male","Foreign",58,47,86,39,11,37,26,192,307,115,37
"11","1110",2007,"female","Austrian",-144,-11,7,18,-133,166,299,441,825,384,286
"11","1110",2007,"female","Foreign",63,42,68,26,21,40,19,183,273,90,33
"11","1110",2008,"male","Austrian",-135,-21,25,46,-114,136,250,218,663,445,144
"11","1110",2008,"male","Foreign",60,45,85,40,15,32,17,155,251,96,21
"11","1110",2008,"female","Austrian",-102,-11,19,30,-91,157,248,276,672,396,196
"11","1110",2008,"female","Foreign",41,30,72,42,11,29,18,173,264,91,29
"11","1110",2009,"male","Austrian",-102,-11,30,41,-91,133,224,159,587,428,140
"11","1110",2009,"male","Foreign",24,25,76,51,-1,27,28,112,219,107,10
"11","1110",2009,"female","Austrian",-150,-25,13,38,-125,110,235,166,581,415,164
"11","1110",2009,"female","Foreign",25,25,66,41,0,25,25,147,212,65,16
"11","1110",2010,"male","Austrian",-101,-4,28,32,-97,139,236,112,514,402,172
"11","1110",2010,"male","Foreign",37,34,87,53,3,18,15,85,191,106,20
"11","1110",2010,"female","Austrian",-130,-5,18,23,-125,120,245,102,491,389,171
"11","1110",2010,"female","Foreign",52,48,107,59,4,30,26,104,202,98,31
"11","1110",2011,"male","Austrian",-118,0,37,37,-118,92,210,-36,402,438,161
"11","1110",2011,"male","Foreign",18,20,85,65,-2,20,22,72,180,108,30
"11","1110",2011,"female","Austrian",-162,-15,8,23,-147,79,226,12,416,404,146
"11","1110",2011,"female","Foreign",24,34,95,61,-10,14,24,74,161,87,29
"11","1110",2012,"male","Austrian",-106,4,24,20,-110,99,209,-23,390,413,127
"11","1110",2012,"male","Foreign",21,27,88,61,-6,20,26,48,158,110,19
"11","1110",2012,"female","Austrian",-149,-10,15,25,-139,79,218,87,450,363,128
"11","1110",2012,"female","Foreign",50,51,104,53,-1,23,24,49,156,107,20
"11","1110",2013,"male","Austrian",-138,-8,24,32,-130,80,210,5,367,362,117
"11","1110",2013,"male","Foreign",27,56,113,57,-29,19,48,62,188,126,24
"11","1110",2013,"female","Austrian",-129,5,18,13,-134,74,208,37,388,351,111
"11","1110",2013,"female","Foreign",31,55,112,57,-24,19,43,72,176,104,15
"11","1110",2014,"male","Austrian",-115,-3,26,29,-112,93,205,32,412,380,126
"11","1110",2014,"male","Foreign",82,79,129,50,3,32,29,75,219,144,36
"11","1110",2014,"female","Austrian",-135,-17,7,24,-118,74,192,15,358,343,136
"11","1110",2014,"female","Foreign",43,55,103,48,-12,22,34,79,210,131,30
"11","1110",2015,"male","Austrian",-168,-24,26,50,-144,84,228,34,440,406,128
"11","1110",2015,"male","Foreign",55,52,110,58,3,62,59,112,285,173,31
"11","1110",2015,"female","Austrian",-168,-20,10,30,-148,101,249,92,429,337,98
"11","1110",2015,"female","Foreign",71,86,127,41,-15,25,40,109,254,145,39
"11","1110",2016,"male","Austrian",-175,-13,20,33,-162,75,237,76,430,354,140
"11","1110",2016,"male","Foreign",79,91,170,79,-12,32,44,94,341,247,37
"11","1110",2016,"female","Austrian",-205,-15,11,26,-190,68,258,86,449,363,142
"11","1110",2016,"female","Foreign",72,85,139,54,-13,30,43,133,283,150,39
"11","1110",2017,"male","Austrian",-137,-2,24,26,-135,69,204,-39,319,358,83
"11","1110",2017,"male","Foreign",51,48,111,63,3,45,42,108,284,176,21
"11","1110",2017,"female","Austrian",-128,-11,8,19,-117,79,196,-15,328,343,81
"11","1110",2017,"female","Foreign",21,34,102,68,-13,22,35,121,244,123,21
"11","1110",2018,"male","Austrian",-154,-16,22,38,-138,78,216,-35,375,410,110
"11","1110",2018,"male","Foreign",34,44,111,67,-10,37,47,148,355,207,35
"11","1110",2018,"female","Austrian",-165,-5,16,21,-160,57,217,-13,344,357,109
"11","1110",2018,"female","Foreign",10,26,96,70,-16,28,44,170,324,154,29
"11","1110",2019,"male","Austrian",-143,-6,30,36,-137,93,230,-30,351,381,101
"11","1110",2019,"male","Foreign",15,39,107,68,-24,34,58,187,374,187,35
"11","1110",2019,"female","Austrian",-179,-4,6,10,-175,64,239,-6,321,327,104
"11","1110",2019,"female","Foreign",18,27,91,64,-9,25,34,178,349,171,48
"11","1110",2020,"male","Austrian",-161,-10,19,29,-151,69,220,88,432,344,114
"11","1110",2020,"male","Foreign",5,32,91,59,-27,40,67,270,421,151,51
"11","1110",2020,"female","Austrian",-178,-3,10,13,-175,64,239,43,413,370,131
"11","1110",2020,"female","Foreign",-18,17,73,56,-35,31,66,275,406,131,42
"11","1110",2021,"male","Austrian",-148,-9,19,28,-139,78,217,12,339,327,100
"11","1110",2021,"male","Foreign",-6,23,90,67,-29,35,64,199,371,172,51
"11","1110",2021,"female","Austrian",-131,-7,10,17,-124,81,205,-108,343,451,99
"11","1110",2021,"female","Foreign",-14,10,80,70,-24,35,59,196,326,130,60
"11","1110",2022,"male","Austrian",-121,-7,21,28,-114,66,180,16,327,311,101
"11","1110",2022,"male","Foreign",125,167,270,103,-42,48,90,101,360,259,40
"11","1110",2022,"female","Austrian",-167,-11,8,19,-156,80,236,-27,312,339,99
"11","1110",2022,"female","Foreign",258,307,407,100,-49,45,94,61,324,263,30
"11","1110",2023,"male","Austrian",-110,-15,17,32,-95,64,159,-51,305,356,101
"11","1110",2023,"male","Foreign",84,55,153,98,29,78,49,116,425,309,50
"11","1110",2023,"female","Austrian",-121,-15,9,24,-106,80,186,-28,306,334,116
"11","1110",2023,"female","Foreign",78,57,145,88,21,62,41,-25,299,324,39
"11","1111",2007,"male","Austrian",-34,12,40,28,-46,36,82,-23,199,222,10
"11","1111",2007,"male","Foreign",57,56,137,81,1,120,119,102,319,217,42
"11","1111",2007,"female","Austrian",-11,-1,1,2,-10,19,29,-45,74,119,14
"11","1111",2007,"female","Foreign",132,72,83,11,60,73,13,-58,63,121,38
"11","1111",2008,"male","Austrian",-41,-6,25,31,-35,25,60,9,196,187,9
"11","1111",2008,"male","Foreign",-53,-19,67,86,-34,92,126,104,344,240,53
"11","1111",2008,"female","Austrian",-37,-10,4,14,-27,12,39,-13,67,80,7
"11","1111",2008,"female","Foreign",87,36,52,16,51,61,10,-100,64,164,29
"11","1111",2009,"male","Austrian",-31,5,33,28,-36,20,56,30,207,177,11
"11","1111",2009,"male","Foreign",-292,-140,62,202,-152,65,217,126,474,348,87
"11","1111",2009,"female","Austrian",-14,-7,6,13,-7,18,25,34,110,76,8
"11","1111",2009,"female","Foreign",69,23,43,20,46,66,20,-126,59,185,69
"11","1111",2010,"male","Austrian",-18,-2,25,27,-16,41,57,34,209,175,8
"11","1111",2010,"male","Foreign",-185,-55,74,129,-130,54,184,224,547,323,14
"11","1111",2010,"female","Austrian",-3,-2,4,6,-1,21,22,-4,86,90,4
"11","1111",2010,"female","Foreign",49,23,37,14,26,36,10,-53,64,117,7
"11","1111",2011,"male","Austrian",-35,0,27,27,-35,28,63,-1,185,186,14
"11","1111",2011,"male","Foreign",-187,-111,83,194,-76,68,144,87,383,296,15
"11","1111",2011,"female","Austrian",-12,3,4,1,-15,12,27,-17,74,91,11
"11","1111",2011,"female","Foreign",42,14,49,35,28,32,4,-64,64,128,7
"11","1111",2012,"male","Austrian",2,2,21,19,0,40,40,42,222,180,14
"11","1111",2012,"male","Foreign",-95,-97,71,168,2,73,71,60,369,309,36
"11","1111",2012,"female","Austrian",4,-4,0,4,8,26,18,40,125,85,16
"11","1111",2012,"female","Foreign",44,12,48,36,32,44,12,-34,101,135,29
"11","1111",2013,"male","Austrian",-8,8,36,28,-16,19,35,-2,151,153,4
"11","1111",2013,"male","Foreign",1,-44,85,129,45,78,33,-40,287,327,19
"11","1111",2013,"female","Austrian",-14,-5,0,5,-9,14,23,12,65,53,7
"11","1111",2013,"female","Foreign",39,15,50,35,24,44,20,-44,58,102,11
"11","1111",2014,"male","Austrian",-11,5,32,27,-16,36,52,-16,122,138,5
"11","1111",2014,"male","Foreign",101,47,186,139,54,126,72,-18,201,219,27
"11","1111",2014,"female","Austrian",-11,-1,4,5,-10,16,26,-38,59,97,8
"11","1111",2014,"female","Foreign",120,66,114,48,54,89,35,-54,62,116,13
"11","1111",2015,"male","Austrian",-13,14,32,18,-27,26,53,-37,103,140,6
"11","1111",2015,"male","Foreign",128,68,172,104,60,125,65,22,261,239,21
"11","1111",2015,"female","Austrian",-13,2,4,2,-15,6,21,-8,78,86,5
"11","1111",2015,"female","Foreign",121,86,124,38,35,49,14,-11,89,100,9
"11","1111",2016,"male","Austrian",-5,10,23,13,-15,48,63,-42,122,164,14
"11","1111",2016,"male","Foreign",39,-9,81,90,48,86,38,-104,197,301,39
"11","1111",2016,"female","Austrian",-22,-3,1,4,-19,12,31,4,86,82,10
"11","1111",2016,"female","Foreign",19,11,48,37,8,28,20,-53,88,141,17
"11","1111",2017,"male","Austrian",-25,11,29,18,-36,24,60,30,154,124,5
"11","1111",2017,"male","Foreign",42,25,107,82,17,68,51,-26,235,261,36
"11","1111",2017,"female","Austrian",-21,1,3,2,-22,13,35,41,108,67,7
"11","1111",2017,"female","Foreign",58,48,80,32,10,35,25,-51,127,178,14
"11","1111",2018,"male","Austrian",-22,11,25,14,-33,25,58,22,141,119,4
"11","1111",2018,"male","Foreign",21,-27,60,87,48,85,37,-56,245,301,26
"11","1111",2018,"female","Austrian",-17,0,2,2,-17,15,32,16,91,75,6
"11","1111",2018,"female","Foreign",11,4,26,22,7,21,14,-71,141,212,13
"11","1111",2019,"male","Austrian",-35,4,20,16,-39,27,66,8,132,124,11
"11","1111",2019,"male","Foreign",-31,-26,71,97,-5,43,48,3,261,258,18
"11","1111",2019,"female","Austrian",-22,0,2,2,-22,23,45,2,84,82,12
"11","1111",2019,"female","Foreign",20,6,33,27,14,26,12,39,178,139,11
"11","1111",2020,"male","Austrian",-20,12,22,10,-32,26,58,4,136,132,11
"11","1111",2020,"male","Foreign",-1,-33,49,82,32,75,43,-34,213,247,5
"11","1111",2020,"female","Austrian",-25,2,4,2,-27,14,41,7,76,69,11
"11","1111",2020,"female","Foreign",19,11,32,21,8,23,15,-12,154,166,7
"11","1111",2021,"male","Austrian",-6,3,17,14,-9,32,41,-32,96,128,13
"11","1111",2021,"male","Foreign",-9,-44,55,99,35,78,43,42,226,184,5
"11","1111",2021,"female","Austrian",-15,0,3,3,-15,25,40,-12,66,78,14
"11","1111",2021,"female","Foreign",18,8,35,27,10,27,17,25,149,124,6
"11","1111",2022,"male","Austrian",-1,1,18,17,-2,43,45,13,128,115,6
"11","1111",2022,"male","Foreign",58,9,96,87,49,99,50,37,242,205,7
"11","1111",2022,"female","Austrian",-22,-3,0,3,-19,11,30,13,87,74,6
"11","1111",2022,"female","Foreign",55,29,51,22,26,39,13,-13,143,156,11
"11","1111",2023,"male","Austrian",-12,3,13,10,-15,40,55,-15,102,117,7
"11","1111",2023,"male","Foreign",37,-13,69,82,50,104,54,-70,205,275,18
"11","1111",2023,"female","Austrian",-16,-1,1,2,-15,18,33,-23,54,77,5
"11","1111",2023,"female","Foreign",22,11,34,23,11,35,24,-5,139,144,13
"11","1112",2007,"male","Austrian",-3,0,0,0,-3,0,3,2,6,4,0
"11","1112",2007,"male","Foreign",-53,-69,23,92,16,21,5,14,79,65,12
"11","1112",2007,"female","Austrian",-1,0,0,0,-1,1,2,3,6,3,0
"11","1112",2007,"female","Foreign",-1,0,0,0,-1,0,1,2,2,0,0
"11","1112",2008,"male","Austrian",3,0,0,0,3,3,0,-3,2,5,0
"11","1112",2008,"male","Foreign",10,2,20,18,8,10,2,-21,30,51,17
"11","1112",2008,"female","Austrian",-2,0,0,0,-2,0,2,-4,1,5,0
"11","1112",2008,"female","Foreign",2,2,2,0,0,0,0,-3,0,3,0
"11","1112",2009,"male","Austrian",0,0,0,0,0,2,2,1,1,0,0
"11","1112",2009,"male","Foreign",4,0,21,21,4,10,6,11,48,37,26
"11","1112",2009,"female","Austrian",0,0,0,0,0,1,1,3,5,2,0
"11","1112",2009,"female","Foreign",3,3,4,1,0,0,0,-1,1,2,0
"11","1112",2010,"male","Austrian",4,1,1,0,3,4,1,27,30,3,0
"11","1112",2010,"male","Foreign",-9,-21,16,37,12,14,2,4,46,42,3
"11","1112",2010,"female","Austrian",5,1,1,0,4,5,1,33,36,3,0
"11","1112",2010,"female","Foreign",8,6,6,0,2,2,0,6,6,0,0
"11","1112",2011,"male","Austrian",1,0,0,0,1,2,1,7,10,3,0
"11","1112",2011,"male","Foreign",-3,-13,23,36,10,18,8,34,78,44,1
"11","1112",2011,"female","Austrian",2,0,0,0,2,4,2,5,6,1,0
"11","1112",2011,"female","Foreign",-2,-2,1,3,0,0,0,0,2,2,0
"11","1112",2012,"male","Austrian",-2,-1,0,1,-1,1,2,4,8,4,0
"11","1112",2012,"male","Foreign",10,-6,51,57,16,24,8,-27,64,91,2
"11","1112",2012,"female","Austrian",-2,-1,0,1,-1,1,2,4,8,4,0
"11","1112",2012,"female","Foreign",-2,-2,0,2,0,3,3,2,5,3,4
"11","1112",2013,"male","Austrian",2,0,0,0,2,3,1,5,7,2,1
"11","1112",2013,"male","Foreign",18,4,33,29,14,30,16,-14,69,83,0
"11","1112",2013,"female","Austrian",3,0,0,0,3,5,2,3,9,6,0
"11","1112",2013,"female","Foreign",-2,2,4,2,-4,1,5,0,1,1,0
"11","1112",2014,"male","Austrian",0,0,0,0,0,3,3,-1,5,6,0
"11","1112",2014,"male","Foreign",-4,-12,12,24,8,15,7,5,63,58,2
"11","1112",2014,"female","Austrian",-5,0,0,0,-5,2,7,4,8,4,0
"11","1112",2014,"female","Foreign",-2,1,1,0,-3,0,3,3,3,0,2
"11","1112",2015,"male","Austrian",-1,1,1,0,-2,1,3,0,8,8,0
"11","1112",2015,"male","Foreign",24,15,34,19,9,18,9,6,56,50,0
"11","1112",2015,"female","Austrian",-3,0,0,0,-3,2,5,1,6,5,0
"11","1112",2015,"female","Foreign",7,7,8,1,0,0,0,0,1,1,0
"11","1112",2016,"male","Austrian",-6,-2,0,2,-4,0,4,12,15,3,5
"11","1112",2016,"male","Foreign",-12,-8,10,18,-4,6,10,-122,24,146,0
"11","1112",2016,"female","Austrian",-5,0,0,0,-5,0,5,8,11,3,3
"11","1112",2016,"female","Foreign",0,0,4,4,0,0,0,2,2,0,0
"11","1112",2017,"male","Austrian",-2,0,0,0,-2,0,2,1,6,5,0
"11","1112",2017,"male","Foreign",3,4,11,7,-1,0,1,-6,0,6,0
"11","1112",2017,"female","Austrian",-2,-2,0,2,0,3,3,1,5,4,0
"11","1112",2017,"female","Foreign",-1,0,4,4,-1,0,1,-5,0,5,0
"11","1112",2018,"male","Austrian",1,0,0,0,1,1,0,0,2,2,0
"11","1112",2018,"male","Foreign",-9,-2,7,9,-7,3,10,116,138,22,0
"11","1112",2018,"female","Austrian",-1,0,0,0,-1,2,3,-2,2,4,0
"11","1112",2018,"female","Foreign",-2,-1,1,2,-1,0,1,0,0,0,0
"11","1112",2019,"male","Austrian",-7,0,0,0,-7,1,8,7,10,3,1
"11","1112",2019,"male","Foreign",-25,-28,7,35,3,12,9,23,74,51,1
"11","1112",2019,"female","Austrian",-6,0,0,0,-6,0,6,2,8,6,5
"11","1112",2019,"female","Foreign",4,2,3,1,2,4,2,6,6,0,0
"11","1112",2020,"male","Austrian",-4,-1,0,1,-3,1,4,5,8,3,4
"11","1112",2020,"male","Foreign",-16,-12,6,18,-4,3,7,-7,32,39,0
"11","1112",2020,"female","Austrian",-1,1,1,0,-2,1,3,8,9,1,1
"11","1112",2020,"female","Foreign",0,1,1,0,-1,0,1,1,3,2,0
"11","1112",2021,"male","Austrian",3,0,0,0,3,10,7,15,17,2,1
"11","1112",2021,"male","Foreign",-9,-9,6,15,0,3,3,6,28,22,0
"11","1112",2021,"female","Austrian",3,0,0,0,3,7,4,13,17,4,1
"11","1112",2021,"female","Foreign",-1,-2,1,3,1,1,0,3,4,1,0
"11","1112",2022,"male","Austrian",-7,0,0,0,-7,0,7,-3,7,10,0
"11","1112",2022,"male","Foreign",4,0,7,7,4,7,3,-8,14,22,0
"11","1112",2022,"female","Austrian",-2,0,0,0,-2,2,4,0,6,6,0
"11","1112",2022,"female","Foreign",0,3,4,1,-3,0,3,1,2,1,0
"11","1112",2023,"male","Austrian",1,0,0,0,1,4,3,0,4,4,0
"11","1112",2023,"male","Foreign",-3,-6,6,12,3,4,1,2,19,17,0
"11","1112",2023,"female","Austrian",-4,0,0,0,-4,2,6,-2,2,4,1
"11","1112",2023,"female","Foreign",7,5,5,0,2,2,0,2,2,0,0
"11","1113",2007,"male","Austrian",-3,-2,0,2,-1,29,30,-7,72,79,9
"11","1113",2007,"male","Foreign",12,10,25,15,2,7,5,2,43,41,2
"11","1113",2007,"female","Austrian",-11,-5,0,5,-6,21,27,-8,59,67,8
"11","1113",2007,"female","Foreign",6,8,17,9,-2,4,6,6,34,28,2
"11","1113",2008,"male","Austrian",-9,1,5,4,-10,20,30,-21,70,91,7
"11","1113",2008,"male","Foreign",7,7,24,17,0,2,2,3,35,32,0
"11","1113",2008,"female","Austrian",-6,1,3,2,-7,27,34,-4,70,74,8
"11","1113",2008,"female","Foreign",18,15,21,6,3,5,2,8,39,31,1
"11","1113",2009,"male","Austrian",3,0,4,4,3,28,25,26,91,65,10
"11","1113",2009,"male","Foreign",29,20,38,18,9,9,0,8,52,44,2
"11","1113",2009,"female","Austrian",6,0,2,2,6,34,28,40,107,67,12
"11","1113",2009,"female","Foreign",18,15,27,12,3,6,3,-12,31,43,5
"11","1113",2010,"male","Austrian",13,-5,5,10,18,42,24,37,108,71,5
"11","1113",2010,"male","Foreign",13,10,35,25,3,6,3,6,52,46,3
"11","1113",2010,"female","Austrian",3,-4,2,6,7,29,22,51,113,62,12
"11","1113",2010,"female","Foreign",12,10,26,16,2,6,4,19,56,37,0
"11","1113",2011,"male","Austrian",19,4,5,1,15,42,27,107,174,67,8
"11","1113",2011,"male","Foreign",21,21,45,24,0,7,7,40,83,43,2
"11","1113",2011,"female","Austrian",16,4,6,2,12,47,35,112,173,61,12
"11","1113",2011,"female","Foreign",23,26,35,9,-3,4,7,33,67,34,1
"11","1113",2012,"male","Austrian",-17,-1,5,6,-16,23,39,2,76,74,11
"11","1113",2012,"male","Foreign",28,23,51,28,5,9,4,8,58,50,2
"11","1113",2012,"female","Austrian",-15,-1,2,3,-14,27,41,20,91,71,9
"11","1113",2012,"female","Foreign",20,17,32,15,3,8,5,20,49,29,6
"11","1113",2013,"male","Austrian",-7,-2,1,3,-5,19,24,3,67,64,10
"11","1113",2013,"male","Foreign",24,21,46,25,3,7,4,-7,51,58,1
"11","1113",2013,"female","Austrian",-12,0,2,2,-12,14,26,-8,66,74,7
"11","1113",2013,"female","Foreign",22,23,41,18,-1,4,5,-5,33,38,4
"11","1113",2014,"male","Austrian",-5,-4,2,6,-1,26,27,-7,81,88,6
"11","1113",2014,"male","Foreign",36,31,52,21,5,10,5,-15,61,76,1
"11","1113",2014,"female","Austrian",-16,1,3,2,-17,17,34,16,90,74,4
"11","1113",2014,"female","Foreign",24,20,42,22,4,6,2,9,64,55,0
"11","1113",2015,"male","Austrian",-14,-5,2,7,-9,36,45,6,86,80,6
"11","1113",2015,"male","Foreign",48,26,44,18,22,28,6,-5,80,85,2
"11","1113",2015,"female","Austrian",-12,-9,1,10,-3,32,35,2,82,80,4
"11","1113",2015,"female","Foreign",27,25,36,11,2,6,4,6,69,63,0
"11","1113",2016,"male","Austrian",9,-6,2,8,15,36,21,34,103,69,11
"11","1113",2016,"male","Foreign",13,10,43,33,3,9,6,49,117,68,4
"11","1113",2016,"female","Austrian",-29,-6,3,9,-23,16,39,37,110,73,5
"11","1113",2016,"female","Foreign",33,25,45,20,8,11,3,36,94,58,2
"11","1113",2017,"male","Austrian",-12,0,5,5,-12,19,31,-10,77,87,5
"11","1113",2017,"male","Foreign",-14,-11,36,47,-3,12,15,35,115,80,7
"11","1113",2017,"female","Austrian",-20,1,3,2,-21,15,36,7,72,65,4
"11","1113",2017,"female","Foreign",-2,-2,27,29,0,12,12,6,72,66,4
"11","1113",2018,"male","Austrian",-11,-2,2,4,-9,19,28,-3,89,92,9
"11","1113",2018,"male","Foreign",10,13,42,29,-3,18,21,50,150,100,3
"11","1113",2018,"female","Austrian",-3,-6,0,6,3,25,22,0,89,89,2
"11","1113",2018,"female","Foreign",21,20,44,24,1,14,13,28,108,80,3
"11","1113",2019,"male","Austrian",-31,-5,5,10,-26,21,47,43,122,79,7
"11","1113",2019,"male","Foreign",2,16,51,35,-14,10,24,48,151,103,15
"11","1113",2019,"female","Austrian",-25,-3,2,5,-22,15,37,11,83,72,9
"11","1113",2019,"female","Foreign",13,14,45,31,-1,11,12,20,86,66,10
"11","1113",2020,"male","Austrian",-16,-4,1,5,-12,19,31,-14,59,73,4
"11","1113",2020,"male","Foreign",-5,3,33,30,-8,17,25,0,112,112,1
"11","1113",2020,"female","Austrian",-12,-2,3,5,-10,21,31,-40,52,92,5
"11","1113",2020,"female","Foreign",13,20,33,13,-7,15,22,-10,74,84,2
"11","1113",2021,"male","Austrian",-11,2,2,0,-13,20,33,11,76,65,8
"11","1113",2021,"male","Foreign",-5,-7,25,32,2,17,15,-16,81,97,5
"11","1113",2021,"female","Austrian",-26,0,1,1,-26,20,46,3,74,71,4
"11","1113",2021,"female","Foreign",-3,10,24,14,-13,4,17,-28,49,77,7
"11","1113",2022,"male","Austrian",-23,-1,4,5,-22,19,41,-6,77,83,6
"11","1113",2022,"male","Foreign",44,45,62,17,-1,15,16,20,114,94,5
"11","1113",2022,"female","Austrian",-20,0,4,4,-20,21,41,-5,65,70,9
"11","1113",2022,"female","Foreign",50,52,63,11,-2,9,11,33,100,67,8
"11","1113",2023,"male","Austrian",-19,-4,2,6,-15,12,27,16,85,69,6
"11","1113",2023,"male","Foreign",27,14,49,35,13,26,13,46,149,103,1
"11","1113",2023,"female","Austrian",-24,-5,0,5,-19,14,33,13,85,72,10
"11","1113",2023,"female","Foreign",31,18,49,31,13,23,10,17,102,85,1
"11","1199",2007,"male","Austrian",-16,-2,1,3,-14,0,14,-39,21,60,0
"11","1199",2007,"male","Foreign",-6,-5,2,7,-1,0,1,-10,3,13,0
"11","1199",2007,"female","Austrian",-19,-2,0,2,-17,0,17,-37,19,56,2
"11","1199",2007,"female","Foreign",-4,-3,1,4,-1,0,1,-4,4,8,0
"11","1199",2008,"male","Austrian",-2,-1,0,1,-1,1,2,4,8,4,0
"11","1199",2008,"male","Foreign",1,1,2,1,0,0,0,-5,0,5,0
"11","1199",2008,"female","Austrian",-1,-1,0,1,0,0,0,-3,7,10,0
"11","1199",2008,"female","Foreign",0,1,1,0,-1,0,1,-3,1,4,0
"11","1199",2009,"male","Austrian",-1,-1,0,1,0,0,0,-11,2,13,0
"11","1199",2009,"male","Foreign",0,0,0,0,0,0,0,-1,0,1,0
"11","1199",2009,"female","Austrian",0,0,0,0,0,0,0,-6,2,8,0
"11","1199",2009,"female","Foreign",-1,-1,0,1,0,0,0,0,0,0,0
"11","1199",2010,"male","Austrian",-1,-1,0,1,0,0,0,2,3,1,0
"11","1199",2010,"male","Foreign",2,2,2,0,0,0,0,-3,0,3,0
"11","1199",2010,"female","Austrian",-3,-3,0,3,0,0,0,-3,1,4,0
"11","1199",2010,"female","Foreign",2,2,2,0,0,0,0,-3,1,4,0
"11","1199",2011,"male","Austrian",-4,0,0,0,-4,0,4,-8,0,8,0
"11","1199",2011,"male","Foreign",1,0,0,0,1,1,0,-4,0,4,0
"11","1199",2011,"female","Austrian",0,0,0,0,0,0,0,-2,0,2,0
"11","1199",2011,"female","Foreign",-1,-1,0,1,0,0,0,-4,0,4,0
"11","1199",2012,"male","Austrian",-1,0,0,0,-1,0,1,-3,2,5,0
"11","1199",2012,"male","Foreign",0,0,0,0,0,0,0,0,0,0,0
"11","1199",2012,"female","Austrian",-1,0,0,0,-1,0,1,0,0,0,0
"11","1199",2012,"female","Foreign",0,0,0,0,0,0,0,-2,0,2,0
"11","1199",2013,"male","Austrian",-22,-4,2,6,-18,2,20,-18,5,23,0
"11","1199",2013,"male","Foreign",-3,-4,5,9,1,1,0,-16,4,20,0
"11","1199",2013,"female","Austrian",-17,-1,0,1,-16,3,19,-25,5,30,0
"11","1199",2013,"female","Foreign",-2,-2,0,2,0,0,0,-12,0,12,0
"11","1199",2014,"male","Austrian",0,0,0,0,0,1,1,3,4,1,0
"11","1199",2014,"male","Foreign",3,3,4,1,0,0,0,0,6,6,0
"11","1199",2014,"female","Austrian",3,-1,0,1,4,5,1,3,8,5,0
"11","1199",2014,"female","Foreign",3,2,3,1,1,1,0,-4,2,6,0
"11","1199",2015,"male","Austrian",-1,-1,0,1,0,0,0,4,7,3,0
"11","1199",2015,"male","Foreign",0,0,0,0,0,0,0,5,6,1,0
"11","1199",2015,"female","Austrian",-1,0,0,0,-1,0,1,10,12,2,0
"11","1199",2015,"female","Foreign",0,0,0,0,0,0,0,5,6,1,0
"11","1199",2016,"male","Austrian",-5,0,0,0,-5,0,5,-4,0,4,0
"11","1199",2016,"male","Foreign",0,0,0,0,0,0,0,-1,0,1,0
"11","1199",2016,"female","Austrian",-2,0,0,0,-2,0,2,-4,1,5,0
"11","1199",2016,"female","Foreign",0,0,0,0,0,0,0,-1,0,1,0
"11","1199",2017,"male","Austrian",0,0,0,0,0,0,0,2,6,4,0
"11","1199",2017,"male","Foreign",1,1,1,0,0,0,0,2,3,1,0
"11","1199",2017,"female","Austrian",0,0,0,0,0,2,2,3,5,2,0
"11","1199",2017,"female","Foreign",1,1,1,0,0,0,0,1,3,2,0
"11","1199",2018,"male","Austrian",0,0,0,0,0,0,0,-2,2,4,0
"11","1199",2018,"male","Foreign",0,0,0,0,0,0,0,-1,0,1,0
"11","1199",2018,"female","Austrian",-3,0,0,0,-3,1,4,-4,2,6,0
"11","1199",2018,"female","Foreign",-1,-1,0,1,0,0,0,0,3,3,0
"11","1199",2019,"male","Austrian",0,0,0,0,0,0,0,0,3,3,0
"11","1199",2019,"male","Foreign",0,0,0,0,0,0,0,0,0,0,0
"11","1199",2019,"female","Austrian",0,0,0,0,0,0,0,0,1,1,0
"11","1199",2019,"female","Foreign",0,0,0,0,0,0,0,0,0,0,0
"11","1199",2020,"male","Austrian",0,0,0,0,0,0,0,1,1,0,0
"11","1199",2020,"male","Foreign",0,0,0,0,0,0,0,0,0,0,0
"11","1199",2020,"female","Austrian",0,0,0,0,0,0,0,4,4,0,0
"11","1199",2020,"female","Foreign",0,0,0,0,0,0,0,0,0,0,0
"11","1199",2021,"male","Austrian",1,0,0,0,1,1,0,1,1,0,0
"11","1199",2021,"male","Foreign",1,1,1,0,0,0,0,3,3,0,0
"11","1199",2021,"female","Austrian",0,0,0,0,0,0,0,1,1,0,0
"11","1199",2021,"female","Foreign",0,0,0,0,0,0,0,2,2,0,0
"11","1199",2022,"male","Austrian",0,0,0,0,0,0,0,1,3,2,0
"11","1199",2022,"male","Foreign",2,0,0,0,2,2,0,-1,0,1,0
"11","1199",2022,"female","Austrian",0,0,0,0,0,0,0,1,1,0,0
"11","1199",2022,"female","Foreign",0,0,0,0,0,0,0,0,0,0,0
"11","1199",2023,"male","Austrian",0,0,0,0,0,0,0,0,0,0,0
"11","1199",2023,"male","Foreign",1,0,0,0,1,1,0,1,1,0,0
"11","1199",2023,"female","Austrian",0,0,0,0,0,0,0,0,0,0,0
"11","1199",2023,"female","Foreign",1,0,0,0,1,1,0,0,1,1,0
"12","1201",2007,"male","Austrian",9,0,11,11,9,33,24,-22,107,129,3
"12","1201",2007,"male","Foreign",30,13,70,57,17,30,13,-10,122,132,7
"12","1201",2007,"female","Austrian",9,-5,5,10,14,38,24,-24,101,125,7
"12","1201",2007,"female","Foreign",35,26,50,24,9,21,12,-16,73,89,1
"12","1201",2008,"male","Austrian",7,-2,10,12,9,34,25,-25,90,115,7
"12","1201",2008,"male","Foreign",22,21,73,52,1,17,16,-35,95,130,4
"12","1201",2008,"female","Austrian",-2,-6,3,9,4,31,27,-2,88,90,3
"12","1201",2008,"female","Foreign",42,45,64,19,-3,8,11,2,71,69,6
"12","1201",2009,"male","Austrian",11,-2,12,14,13,46,33,-20,103,123,6
"12","1201",2009,"male","Foreign",37,9,72,63,28,33,5,-19,112,131,9
"12","1201",2009,"female","Austrian",12,-5,2,7,17,49,32,-5,124,129,5
"12","1201",2009,"female","Foreign",30,15,48,33,15,22,7,-3,91,94,2
"12","1201",2010,"male","Austrian",-19,-14,6,20,-5,20,25,-25,87,112,6
"12","1201",2010,"male","Foreign",25,-5,60,65,30,39,9,26,143,117,3
"12","1201",2010,"female","Austrian",-8,-8,5,13,0,36,36,2,96,94,5
"12","1201",2010,"female","Foreign",19,9,47,38,10,21,11,-28,75,103,5
"12","1201",2011,"male","Austrian",9,-1,17,18,10,38,28,-16,93,109,1
"12","1201",2011,"male","Foreign",38,14,76,62,24,45,21,-50,122,172,2
"12","1201",2011,"female","Austrian",3,-1,4,5,4,32,28,-8,123,131,8
"12","1201",2011,"female","Foreign",53,22,64,42,31,44,13,2,106,104,2
"12","1201",2012,"male","Austrian",2,-12,6,18,14,38,24,-11,92,103,4
"12","1201",2012,"male","Foreign",46,34,104,70,12,27,15,-80,116,196,7
"12","1201",2012,"female","Austrian",13,-9,2,11,22,45,23,-9,94,103,7
"12","1201",2012,"female","Foreign",37,41,75,34,-4,11,15,-59,82,141,4
"12","1201",2013,"male","Austrian",2,-8,5,13,10,35,25,16,100,84,6
"12","1201",2013,"male","Foreign",36,22,89,67,14,27,13,-6,134,140,4
"12","1201",2013,"female","Austrian",-12,-6,3,9,-6,32,38,-22,91,113,4
"12","1201",2013,"female","Foreign",40,30,69,39,10,17,7,13,101,88,5
"12","1201",2014,"male","Austrian",-7,-5,6,11,-2,38,40,-12,95,107,5
"12","1201",2014,"male","Foreign",59,49,116,67,10,25,15,-24,151,175,12
"12","1201",2014,"female","Austrian",8,-7,2,9,15,47,32,-26,78,104,6
"12","1201",2014,"female","Foreign",58,53,93,40,5,16,11,-3,146,149,7
"12","1201",2015,"male","Austrian",-6,4,14,10,-10,31,41,9,111,102,4
"12","1201",2015,"male","Foreign",109,94,153,59,15,41,26,23,232,209,11
"12","1201",2015,"female","Austrian",5,2,8,6,3,43,40,-55,86,141,3
"12","1201",2015,"female","Foreign",85,80,123,43,5,19,14,4,129,125,5
"12","1201",2016,"male","Austrian",29,3,8,5,26,62,36,48,142,94,8
"12","1201",2016,"male","Foreign",84,73,155,82,11,38,27,1,224,223,4
"12","1201",2016,"female","Austrian",1,-5,2,7,6,58,52,41,153,112,8
"12","1201",2016,"female","Foreign",88,90,133,43,-2,24,26,46,196,150,12
"12","1201",2017,"male","Austrian",-1,-1,6,7,0,47,47,-34,93,127,8
"12","1201",2017,"male","Foreign",67,63,131,68,4,36,32,-54,160,214,5
"12","1201",2017,"female","Austrian",-11,2,5,3,-13,32,45,-15,96,111,11
"12","1201",2017,"female","Foreign",51,41,102,61,10,27,17,-43,128,171,9
"12","1201",2018,"male","Austrian",-5,-2,5,7,-3,33,36,14,121,107,3
"12","1201",2018,"male","Foreign",5,4,99,95,1,20,19,-21,195,216,6
"12","1201",2018,"female","Austrian",15,4,6,2,11,38,27,15,115,100,8
"12","1201",2018,"female","Foreign",19,19,73,54,0,13,13,-13,175,188,12
"12","1201",2019,"male","Austrian",4,-3,7,10,7,45,38,13,127,114,3
"12","1201",2019,"male","Foreign",27,18,80,62,9,27,18,-15,200,215,3
"12","1201",2019,"female","Austrian",8,-5,3,8,13,48,35,-21,100,121,5
"12","1201",2019,"female","Foreign",22,22,71,49,0,12,12,-42,152,194,4
"12","1201",2020,"male","Austrian",-4,3,9,6,-7,40,47,-16,100,116,3
"12","1201",2020,"male","Foreign",46,33,92,59,13,29,16,-46,150,196,6
"12","1201",2020,"female","Austrian",-6,0,4,4,-6,46,52,-24,109,133,5
"12","1201",2020,"female","Foreign",32,26,75,49,6,26,20,-25,123,148,6
"12","1201",2021,"male","Austrian",-7,1,5,4,-8,47,55,-24,96,120,3
"12","1201",2021,"male","Foreign",14,-1,69,70,15,39,24,-50,157,207,3
"12","1201",2021,"female","Austrian",6,-2,4,6,8,58,50,-7,120,127,1
"12","1201",2021,"female","Foreign",-17,-15,64,79,-2,20,22,-22,139,161,4
"12","1201",2022,"male","Austrian",-14,-9,3,12,-5,44,49,-23,85,108,2
"12","1201",2022,"male","Foreign",194,157,247,90,37,76,39,-88,300,388,8
"12","1201",2022,"female","Austrian",-3,4,8,4,-7,50,57,-19,97,116,3
"12","1201",2022,"female","Foreign",274,275,366,91,-1,16,17,-161,151,312,7
"12","1201",2023,"male","Austrian",-20,-4,5,9,-16,45,61,-26,81,107,8
"12","1201",2023,"male","Foreign",49,24,97,73,25,54,29,-52,219,271,10
"12","1201",2023,"female","Austrian",-15,-1,5,6,-14,42,56,6,129,123,17
"12","1201",2023,"female","Foreign",6,-3,90,93,9,25,16,-50,158,208,3
"12","1202",2007,"male","Austrian",-34,-19,41,60,-15,94,109,60,449,389,78
"12","1202",2007,"male","Foreign",81,62,245,183,19,51,32,49,403,354,48
"12","1202",2007,"female","Austrian",-42,-26,10,36,-16,99,115,6,413,407,75
"12","1202",2007,"female","Foreign",124,101,220,119,23,43,20,15,261,246,33
"12","1202",2008,"male","Austrian",-47,-5,39,44,-42,80,122,-62,392,454,66
"12","1202",2008,"male","Foreign",51,57,255,198,-6,32,38,48,403,355,37
"12","1202",2008,"female","Austrian",-71,-14,20,34,-57,85,142,48,478,430,73
"12","1202",2008,"female","Foreign",85,95,189,94,-10,24,34,47,338,291,35
"12","1202",2009,"male","Austrian",-50,-17,26,43,-33,84,117,-26,402,428,41
"12","1202",2009,"male","Foreign",41,49,262,213,-8,39,47,-35,345,380,35
"12","1202",2009,"female","Austrian",-64,-17,14,31,-47,95,142,63,451,388,53
"12","1202",2009,"female","Foreign",55,56,189,133,-1,35,36,2,327,325,27
"12","1202",2010,"male","Austrian",-19,-2,51,53,-17,91,108,-3,379,382,32
"12","1202",2010,"male","Foreign",59,62,245,183,-3,37,40,-1,363,364,34
"12","1202",2010,"female","Austrian",-11,-9,20,29,-2,107,109,-14,361,375,41
"12","1202",2010,"female","Foreign",94,83,176,93,11,44,33,8,296,288,24
"12","1202",2011,"male","Austrian",-40,-10,29,39,-30,76,106,-61,333,394,37
"12","1202",2011,"male","Foreign",80,48,238,190,32,58,26,-8,322,330,24
"12","1202",2011,"female","Austrian",-44,-8,21,29,-36,89,125,-58,341,399,45
"12","1202",2011,"female","Foreign",104,104,215,111,0,25,25,33,304,271,25
"12","1202",2012,"male","Austrian",10,-11,31,42,21,120,99,-37,371,408,52
"12","1202",2012,"male","Foreign",113,88,281,193,25,58,33,-63,339,402,32
"12","1202",2012,"female","Austrian",7,-7,16,23,14,126,112,-100,362,462,52
"12","1202",2012,"female","Foreign",150,131,249,118,19,57,38,-28,322,350,37
"12","1202",2013,"male","Austrian",15,-2,39,41,17,102,85,-102,309,411,42
"12","1202",2013,"male","Foreign",151,154,299,145,-3,49,52,-3,392,395,28
"12","1202",2013,"female","Austrian",-10,-6,16,22,-4,95,99,-75,310,385,33
"12","1202",2013,"female","Foreign",131,130,247,117,1,39,38,4,326,322,43
"12","1202",2014,"male","Austrian",-10,-4,37,41,-6,87,93,-46,331,377,51
"12","1202",2014,"male","Foreign",175,151,347,196,24,82,58,-14,452,466,39
"12","1202",2014,"female","Austrian",-23,-14,11,25,-9,89,98,-94,302,396,46
"12","1202",2014,"female","Foreign",161,165,287,122,-4,33,37,-48,350,398,28
"12","1202",2015,"male","Austrian",-1,-26,30,56,25,109,84,-83,324,407,34
"12","1202",2015,"male","Foreign",253,177,379,202,76,136,60,43,639,596,35
"12","1202",2015,"female","Austrian",-14,-16,14,30,2,92,90,-74,308,382,34
"12","1202",2015,"female","Foreign",172,162,294,132,10,51,41,-30,423,453,40
"12","1202",2016,"male","Austrian",-5,-9,26,35,4,80,76,-58,315,373,44
"12","1202",2016,"male","Foreign",212,142,360,218,70,159,89,-39,648,687,56
"12","1202",2016,"female","Austrian",-4,-4,15,19,0,89,89,-86,281,367,30
"12","1202",2016,"female","Foreign",190,186,317,131,4,55,51,-81,389,470,35
"12","1202",2017,"male","Austrian",-36,-17,35,52,-19,84,103,-73,293,366,44
"12","1202",2017,"male","Foreign",130,88,348,260,42,121,79,-41,675,716,51
"12","1202",2017,"female","Austrian",-38,-13,22,35,-25,80,105,-50,326,376,29
"12","1202",2017,"female","Foreign",116,99,260,161,17,73,56,27,461,434,40
"12","1202",2018,"male","Austrian",-43,-22,18,40,-21,74,95,-38,324,362,29
"12","1202",2018,"male","Foreign",58,54,300,246,4,79,75,-56,656,712,35
"12","1202",2018,"female","Austrian",-53,-14,16,30,-39,60,99,-73,313,386,33
"12","1202",2018,"female","Foreign",15,32,196,164,-17,46,63,-20,464,484,38
"12","1202",2019,"male","Austrian",-23,-9,29,38,-14,74,88,-71,304,375,37
"12","1202",2019,"male","Foreign",104,93,315,222,11,95,84,-56,622,678,44
"12","1202",2019,"female","Austrian",-32,-13,13,26,-19,97,116,-57,292,349,39
"12","1202",2019,"female","Foreign",61,73,218,145,-12,42,54,-75,416,491,33
"12","1202",2020,"male","Austrian",-31,-8,25,33,-23,61,84,-80,247,327,38
"12","1202",2020,"male","Foreign",107,79,289,210,28,109,81,-128,600,728,42
"12","1202",2020,"female","Austrian",-52,-2,24,26,-50,68,118,-85,264,349,38
"12","1202",2020,"female","Foreign",103,83,199,116,20,65,45,-110,383,493,31
"12","1202",2021,"male","Austrian",-61,-3,25,28,-58,70,128,-63,280,343,19
"12","1202",2021,"male","Foreign",69,33,249,216,36,124,88,-21,607,628,50
"12","1202",2021,"female","Austrian",-35,-8,12,20,-27,60,87,-56,282,338,33
"12","1202",2021,"female","Foreign",65,62,219,157,3,60,57,-52,369,421,22
"12","1202",2022,"male","Austrian",-32,0,37,37,-32,70,102,103,437,334,78
"12","1202",2022,"male","Foreign",246,159,361,202,87,159,72,51,840,789,69
"12","1202",2022,"female","Austrian",-46,-17,21,38,-29,77,106,109,462,353,152
"12","1202",2022,"female","Foreign",206,182,357,175,24,62,38,18,530,512,59
"12","1202",2023,"male","Austrian",-3,-8,23,31,5,89,84,171,497,326,64
"12","1202",2023,"male","Foreign",220,129,342,213,91,177,86,101,874,773,73
"12","1202",2023,"female","Austrian",-29,-8,12,20,-21,85,106,220,537,317,70
"12","1202",2023,"female","Foreign",144,108,279,171,36,78,42,185,646,461,64
"12","1203",2007,"male","Austrian",-19,-4,14,18,-15,13,28,-26,237,263,16
"12","1203",2007,"male","Foreign",9,7,27,20,2,8,6,1,150,149,7
"12","1203",2007,"female","Austrian",-12,-1,14,15,-11,18,29,-60,219,279,25
"12","1203",2007,"female","Foreign",26,14,28,14,12,14,2,4,153,149,9
"12","1203",2008,"male","Austrian",-24,-10,15,25,-14,17,31,-12,229,241,8
"12","1203",2008,"male","Foreign",14,14,32,18,0,6,6,8,120,112,1
"12","1203",2008,"female","Austrian",-30,-8,4,12,-22,10,32,-44,192,236,9
"12","1203",2008,"female","Foreign",15,12,31,19,3,10,7,8,123,115,4
"12","1203",2009,"male","Austrian",-22,-2,16,18,-20,19,39,0,182,182,13
"12","1203",2009,"male","Foreign",10,12,28,16,-2,2,4,39,111,72,2
"12","1203",2009,"female","Austrian",-13,1,9,8,-14,17,31,3,174,171,10
"12","1203",2009,"female","Foreign",9,7,28,21,2,4,2,30,113,83,0
"12","1203",2010,"male","Austrian",-17,-5,14,19,-12,15,27,2,204,202,18
"12","1203",2010,"male","Foreign",18,19,36,17,-1,7,8,37,164,127,5
"12","1203",2010,"female","Austrian",-33,-4,7,11,-29,10,39,-43,163,206,14
"12","1203",2010,"female","Foreign",13,9,31,22,4,10,6,32,158,126,8
"12","1203",2011,"male","Austrian",-13,-3,17,20,-10,15,25,-32,173,205,10
"12","1203",2011,"male","Foreign",8,8,32,24,0,7,7,17,152,135,2
"12","1203",2011,"female","Austrian",-9,-1,7,8,-8,15,23,-6,181,187,14
"12","1203",2011,"female","Foreign",20,25,40,15,-5,6,11,1,153,152,2
"12","1203",2012,"male","Austrian",-9,-2,16,18,-7,16,23,-42,175,217,14
"12","1203",2012,"male","Foreign",13,15,47,32,-2,7,9,22,160,138,17
"12","1203",2012,"female","Austrian",-20,0,11,11,-20,17,37,-58,171,229,14
"12","1203",2012,"female","Foreign",9,12,34,22,-3,4,7,32,156,124,8
"12","1203",2013,"male","Austrian",-12,-7,9,16,-5,20,25,-7,176,183,7
"12","1203",2013,"male","Foreign",41,35,61,26,6,15,9,6,152,146,6
"12","1203",2013,"female","Austrian",-9,5,9,4,-14,15,29,-22,165,187,8
"12","1203",2013,"female","Foreign",22,28,45,17,-6,6,12,39,188,149,2
"12","1203",2014,"male","Austrian",-20,-1,15,16,-19,19,38,38,196,158,10
"12","1203",2014,"male","Foreign",32,31,57,26,1,15,14,29,172,143,6
"12","1203",2014,"female","Austrian",-29,-12,9,21,-17,21,38,-10,177,187,7
"12","1203",2014,"female","Foreign",20,23,43,20,-3,13,16,27,181,154,3
"12","1203",2015,"male","Austrian",-13,-9,11,20,-4,17,21,-7,178,185,14
"12","1203",2015,"male","Foreign",31,28,53,25,3,13,10,-9,150,159,7
"12","1203",2015,"female","Austrian",-30,-12,6,18,-18,10,28,2,198,196,10
"12","1203",2015,"female","Foreign",11,17,45,28,-6,3,9,8,165,157,5
"12","1203",2016,"male","Austrian",-22,-4,9,13,-18,15,33,-30,133,163,5
"12","1203",2016,"male","Foreign",45,7,32,25,38,45,7,-44,151,195,5
"12","1203",2016,"female","Austrian",-11,0,8,8,-11,13,24,-38,114,152,1
"12","1203",2016,"female","Foreign",7,7,30,23,0,9,9,-34,126,160,3
"12","1203",2017,"male","Austrian",-7,1,14,13,-8,18,26,-39,132,171,7
"12","1203",2017,"male","Foreign",26,24,53,29,2,15,13,-49,155,204,14
"12","1203",2017,"female","Austrian",-27,-3,8,11,-24,11,35,-51,114,165,3
"12","1203",2017,"female","Foreign",7,8,31,23,-1,14,15,33,180,147,1
"12","1203",2018,"male","Austrian",-27,0,17,17,-27,14,41,-37,138,175,8
"12","1203",2018,"male","Foreign",-15,-8,27,35,-7,7,14,57,208,151,4
"12","1203",2018,"female","Austrian",-12,-2,6,8,-10,15,25,-38,140,178,7
"12","1203",2018,"female","Foreign",6,7,30,23,-1,9,10,19,204,185,1
"12","1203",2019,"male","Austrian",-4,4,14,10,-8,17,25,-54,128,182,5
"12","1203",2019,"male","Foreign",-7,2,31,29,-9,1,10,15,142,127,5
"12","1203",2019,"female","Austrian",-21,-1,7,8,-20,11,31,-48,99,147,5
"12","1203",2019,"female","Foreign",10,6,27,21,4,10,6,-31,132,163,7
"12","1203",2020,"male","Austrian",-28,-13,11,24,-15,16,31,-34,126,160,3
"12","1203",2020,"male","Foreign",-4,-2,23,25,-2,3,5,31,109,78,2
"12","1203",2020,"female","Austrian",-15,1,8,7,-16,22,38,-22,104,126,2
"12","1203",2020,"female","Foreign",-4,-1,21,22,-3,4,7,59,116,57,0
"12","1203",2021,"male","Austrian",-13,-5,14,19,-8,16,24,-29,141,170,4
"12","1203",2021,"male","Foreign",3,4,37,33,-1,9,10,63,168,105,5
"12","1203",2021,"female","Austrian",-20,1,10,9,-21,7,28,-34,128,162,6
"12","1203",2021,"female","Foreign",1,1,24,23,0,8,8,43,162,119,3
"12","1203",2022,"male","Austrian",-7,0,14,14,-7,12,19,-28,95,123,4
"12","1203",2022,"male","Foreign",1,10,60,50,-9,10,19,60,184,124,3
"12","1203",2022,"female","Austrian",-20,-6,2,8,-14,11,25,-34,104,138,3
"12","1203",2022,"female","Foreign",12,18,41,23,-6,9,15,56,148,92,6
"12","1203",2023,"male","Austrian",-25,-8,11,19,-17,2,19,-37,104,141,5
"12","1203",2023,"male","Foreign",-3,-10,57,67,7,17,10,27,139,112,11
"12","1203",2023,"female","Austrian",-7,-3,10,13,-4,13,17,-49,100,149,8
"12","1203",2023,"female","Foreign",-7,-6,25,31,-1,12,13,23,110,87,4
"12","1204",2007,"male","Austrian",-6,-5,23,28,-1,73,74,-9,226,235,15
"12","1204",2007,"male","Foreign",54,42,130,88,12,25,13,31,219,188,23
"12","1204",2007,"female","Austrian",-1,-2,5,7,1,68,67,13,243,230,12
"12","1204",2007,"female","Foreign",96,75,128,53,21,29,8,13,185,172,25
"12","1204",2008,"male","Austrian",-5,5,28,23,-10,53,63,-12,220,232,19
"12","1204",2008,"male","Foreign",50,51,133,82,-1,20,21,10,242,232,14
"12","1204",2008,"female","Austrian",-32,-6,11,17,-26,62,88,-32,228,260,22
"12","1204",2008,"female","Foreign",61,60,113,53,1,19,18,3,167,164,5
"12","1204",2009,"male","Austrian",-9,-11,26,37,2,64,62,-23,207,230,8
"12","1204",2009,"male","Foreign",23,23,152,129,0,15,15,10,218,208,20
"12","1204",2009,"female","Austrian",8,-10,6,16,18,79,61,-31,195,226,18
"12","1204",2009,"female","Foreign",51,43,133,90,8,23,15,-31,158,189,16
"12","1204",2010,"male","Austrian",39,10,30,20,29,94,65,-31,202,233,17
"12","1204",2010,"male","Foreign",16,4,117,113,12,32,20,24,245,221,16
"12","1204",2010,"female","Austrian",28,0,11,11,28,96,68,-40,197,237,20
"12","1204",2010,"female","Foreign",64,71,143,72,-7,17,24,10,203,193,21
"12","1204",2011,"male","Austrian",-7,-9,25,34,2,71,69,-43,193,236,19
"12","1204",2011,"male","Foreign",46,32,154,122,14,35,21,16,253,237,13
"12","1204",2011,"female","Austrian",-11,-11,7,18,0,73,73,-54,187,241,20
"12","1204",2011,"female","Foreign",54,33,134,101,21,39,18,7,219,212,14
"12","1204",2012,"male","Austrian",52,2,19,17,50,120,70,11,278,267,21
"12","1204",2012,"male","Foreign",129,111,232,121,18,47,29,-20,241,261,16
"12","1204",2012,"female","Austrian",56,-6,12,18,62,126,64,2,242,240,14
"12","1204",2012,"female","Foreign",103,96,193,97,7,36,29,-29,214,243,12
"12","1204",2013,"male","Austrian",25,-12,18,30,37,108,71,-6,246,252,27
"12","1204",2013,"male","Foreign",121,84,239,155,37,58,21,48,310,262,25
"12","1204",2013,"female","Austrian",14,-7,11,18,21,90,69,-20,239,259,18
"12","1204",2013,"female","Foreign",133,122,208,86,11,38,27,38,258,220,19
"12","1204",2014,"male","Austrian",1,-4,19,23,5,80,75,-16,240,256,18
"12","1204",2014,"male","Foreign",172,158,289,131,14,65,51,-39,295,334,29
"12","1204",2014,"female","Austrian",-3,-1,10,11,-2,84,86,-32,207,239,19
"12","1204",2014,"female","Foreign",113,112,222,110,1,33,32,-43,244,287,14
"12","1204",2015,"male","Austrian",20,0,22,22,20,89,69,-41,220,261,15
"12","1204",2015,"male","Foreign",339,280,424,144,59,108,49,-37,413,450,18
"12","1204",2015,"female","Austrian",12,0,12,12,12,99,87,-16,214,230,17
"12","1204",2015,"female","Foreign",178,187,303,116,-9,27,36,-26,277,303,26
"12","1204",2016,"male","Austrian",-21,-11,21,32,-10,81,91,-19,212,231,15
"12","1204",2016,"male","Foreign",151,87,253,166,64,129,65,-137,483,620,33
"12","1204",2016,"female","Austrian",0,-3,8,11,3,81,78,-26,212,238,14
"12","1204",2016,"female","Foreign",133,120,226,106,13,71,58,-90,298,388,31
"12","1204",2017,"male","Austrian",32,1,22,21,31,96,65,-48,215,263,12
"12","1204",2017,"male","Foreign",92,62,241,179,30,89,59,8,517,509,39
"12","1204",2017,"female","Austrian",7,6,13,7,1,81,80,-65,203,268,8
"12","1204",2017,"female","Foreign",180,152,265,113,28,71,43,-13,361,374,25
"12","1204",2018,"male","Austrian",-5,2,19,17,-7,90,97,-46,208,254,18
"12","1204",2018,"male","Foreign",30,53,246,193,-23,48,71,-54,449,503,24
"12","1204",2018,"female","Austrian",-36,-5,12,17,-31,72,103,-36,213,249,12
"12","1204",2018,"female","Foreign",41,54,204,150,-13,43,56,-60,312,372,29
"12","1204",2019,"male","Austrian",-23,0,19,19,-23,83,106,-64,199,263,15
"12","1204",2019,"male","Foreign",27,27,232,205,0,59,59,-2,482,484,31
"12","1204",2019,"female","Austrian",-21,-10,9,19,-11,90,101,-45,211,256,19
"12","1204",2019,"female","Foreign",96,79,218,139,17,62,45,-61,358,419,26
"12","1204",2020,"male","Austrian",-9,-6,13,19,-3,76,79,-34,180,214,9
"12","1204",2020,"male","Foreign",74,67,205,138,7,59,52,-117,380,497,30
"12","1204",2020,"female","Austrian",-7,2,11,9,-9,67,76,-54,182,236,18
"12","1204",2020,"female","Foreign",103,84,176,92,19,55,36,-171,276,447,24
"12","1204",2021,"male","Austrian",-14,-2,10,12,-12,65,77,-75,177,252,17
"12","1204",2021,"male","Foreign",125,64,218,154,61,108,47,-122,379,501,36
"12","1204",2021,"female","Austrian",-8,-3,4,7,-5,77,82,-109,174,283,13
"12","1204",2021,"female","Foreign",141,92,206,114,49,84,35,-121,284,405,35
"12","1204",2022,"male","Austrian",-11,-6,8,14,-5,74,79,-25,210,235,24
"12","1204",2022,"male","Foreign",218,145,299,154,73,132,59,-86,465,551,45
"12","1204",2022,"female","Austrian",0,-5,7,12,5,80,75,6,230,224,31
"12","1204",2022,"female","Foreign",219,180,309,129,39,83,44,-23,401,424,25
"12","1204",2023,"male","Austrian",-16,-8,9,17,-8,73,81,-33,191,224,23
"12","1204",2023,"male","Foreign",187,100,260,160,87,158,71,-97,508,605,52
"12","1204",2023,"female","Austrian",-21,-13,5,18,-8,86,94,-33,194,227,30
"12","1204",2023,"female","Foreign",123,95,229,134,28,91,63,-48,358,406,34
"12","1205",2007,"male","Austrian",-14,-10,15,25,-4,44,48,-37,145,182,7
"12","1205",2007,"male","Foreign",24,13,90,77,11,24,13,-13,154,167,11
"12","1205",2007,"female","Austrian",-19,-6,11,17,-13,50,63,-29,158,187,6
"12","1205",2007,"female","Foreign",37,37,81,44,0,10,10,-13,114,127,11
"12","1205",2008,"male","Austrian",-6,-6,23,29,0,54,54,-2,195,197,25
"12","1205",2008,"male","Foreign",53,38,98,60,15,29,14,27,176,149,15
"12","1205",2008,"female","Austrian",-5,-15,4,19,10,68,58,-10,184,194,19
"12","1205",2008,"female","Foreign",48,46,93,47,2,18,16,4,140,136,16
"12","1205",2009,"male","Austrian",11,-1,19,20,12,62,50,-16,163,179,9
"12","1205",2009,"male","Foreign",25,17,96,79,8,27,19,-10,141,151,12
"12","1205",2009,"female","Austrian",-16,-1,14,15,-15,57,72,-27,144,171,11
"12","1205",2009,"female","Foreign",62,63,99,36,-1,11,12,-26,94,120,11
"12","1205",2010,"male","Austrian",-6,-1,19,20,-5,56,61,-33,158,191,18
"12","1205",2010,"male","Foreign",19,23,112,89,-4,28,32,-23,157,180,6
"12","1205",2010,"female","Austrian",-3,-5,16,21,2,66,64,-36,157,193,11
"12","1205",2010,"female","Foreign",41,45,95,50,-4,14,18,-2,121,123,7
"12","1205",2011,"male","Austrian",-8,-2,20,22,-6,57,63,13,185,172,13
"12","1205",2011,"male","Foreign",34,29,131,102,5,19,14,7,161,154,9
"12","1205",2011,"female","Austrian",-4,-6,9,15,2,67,65,-13,193,206,21
"12","1205",2011,"female","Foreign",52,48,109,61,4,17,13,-27,135,162,7
"12","1205",2012,"male","Austrian",29,-9,17,26,38,85,47,-29,159,188,12
"12","1205",2012,"male","Foreign",49,36,121,85,13,39,26,5,204,199,11
"12","1205",2012,"female","Austrian",25,-4,8,12,29,88,59,-15,163,178,19
"12","1205",2012,"female","Foreign",72,62,121,59,10,28,18,-30,125,155,10
"12","1205",2013,"male","Austrian",13,-2,16,18,15,69,54,-30,161,191,15
"12","1205",2013,"male","Foreign",92,77,153,76,15,35,20,-24,196,220,7
"12","1205",2013,"female","Austrian",0,2,11,9,-2,64,66,-29,180,209,17
"12","1205",2013,"female","Foreign",51,38,95,57,13,28,15,-3,148,151,8
"12","1205",2014,"male","Austrian",6,-8,13,21,14,67,53,-32,176,208,6
"12","1205",2014,"male","Foreign",97,69,169,100,28,45,17,-38,209,247,17
"12","1205",2014,"female","Austrian",-11,-8,6,14,-3,66,69,2,179,177,19
"12","1205",2014,"female","Foreign",94,88,156,68,6,28,22,-11,175,186,12
"12","1205",2015,"male","Austrian",-21,-24,10,34,3,77,74,-41,171,212,14
"12","1205",2015,"male","Foreign",119,85,173,88,34,54,20,-12,282,294,12
"12","1205",2015,"female","Austrian",-14,-8,9,17,-6,69,75,-48,168,216,15
"12","1205",2015,"female","Foreign",116,104,168,64,12,39,27,-19,190,209,6
"12","1205",2016,"male","Austrian",-2,-4,14,18,2,67,65,-28,150,178,21
"12","1205",2016,"male","Foreign",95,49,161,112,46,88,42,0,331,331,31
"12","1205",2016,"female","Austrian",-16,-9,6,15,-7,62,69,-68,132,200,14
"12","1205",2016,"female","Foreign",77,67,140,73,10,29,19,-5,209,214,29
"12","1205",2017,"male","Austrian",23,1,19,18,22,72,50,-26,166,192,14
"12","1205",2017,"male","Foreign",106,47,151,104,59,92,33,-66,374,440,18
"12","1205",2017,"female","Austrian",-24,-5,7,12,-19,60,79,-48,177,225,14
"12","1205",2017,"female","Foreign",93,62,135,73,31,59,28,-33,233,266,9
"12","1205",2018,"male","Austrian",6,2,13,11,4,70,66,-29,168,197,11
"12","1205",2018,"male","Foreign",10,18,113,95,-8,39,47,-15,287,302,32
"12","1205",2018,"female","Austrian",-13,-6,7,13,-7,62,69,-57,142,199,17
"12","1205",2018,"female","Foreign",-6,6,84,78,-12,27,39,-3,227,230,23
"12","1205",2019,"male","Austrian",-12,-3,12,15,-9,56,65,-54,131,185,8
"12","1205",2019,"male","Foreign",20,11,124,113,9,41,32,-20,282,302,20
"12","1205",2019,"female","Austrian",-39,-3,7,10,-36,49,85,-39,147,186,6
"12","1205",2019,"female","Foreign",18,17,104,87,1,21,20,-36,193,229,10
"12","1205",2020,"male","Austrian",9,5,12,7,4,73,69,-32,156,188,9
"12","1205",2020,"male","Foreign",11,2,81,79,9,50,41,28,272,244,12
"12","1205",2020,"female","Austrian",-35,-12,4,16,-23,57,80,-81,137,218,11
"12","1205",2020,"female","Foreign",46,46,97,51,0,31,31,-40,167,207,16
"12","1205",2021,"male","Austrian",-10,-1,11,12,-9,58,67,-24,155,179,11
"12","1205",2021,"male","Foreign",59,23,104,81,36,75,39,-13,305,318,17
"12","1205",2021,"female","Austrian",1,1,7,6,0,58,58,-34,139,173,18
"12","1205",2021,"female","Foreign",47,32,88,56,15,35,20,-28,174,202,6
"12","1205",2022,"male","Austrian",5,0,10,10,5,71,66,-42,138,180,9
"12","1205",2022,"male","Foreign",152,68,182,114,84,131,47,-13,386,399,19
"12","1205",2022,"female","Austrian",5,-2,12,14,7,78,71,-49,145,194,16
"12","1205",2022,"female","Foreign",157,146,213,67,11,39,28,31,260,229,15
"12","1205",2023,"male","Austrian",-40,-6,11,17,-34,47,81,-40,159,199,7
"12","1205",2023,"male","Foreign",102,45,157,112,57,108,51,10,413,403,10
"12","1205",2023,"female","Austrian",-2,1,9,8,-3,62,65,-32,142,174,5
"12","1205",2023,"female","Foreign",116,98,188,90,18,56,38,22,273,251,7
"12","1206",2007,"male","Austrian",0,1,15,14,-1,65,66,-18,191,209,19
"12","1206",2007,"male","Foreign",46,46,120,74,0,21,21,-60,172,232,13
"12","1206",2007,"female","Austrian",3,-5,12,17,8,72,64,-56,178,234,16
"12","1206",2007,"female","Foreign",76,81,151,70,-5,22,27,-41,143,184,8
"12","1206",2008,"male","Austrian",-12,-18,14,32,6,69,63,-38,173,211,18
"12","1206",2008,"male","Foreign",43,43,143,100,0,17,17,-10,173,183,13
"12","1206",2008,"female","Austrian",-7,-7,12,19,0,74,74,-64,164,228,18
"12","1206",2008,"female","Foreign",42,39,88,49,3,23,20,-23,147,170,10
"12","1206",2009,"male","Austrian",33,8,27,19,25,75,50,-60,163,223,20
"12","1206",2009,"male","Foreign",43,32,124,92,11,33,22,-25,174,199,16
"12","1206",2009,"female","Austrian",-12,-9,8,17,-3,86,89,-39,181,220,18
"12","1206",2009,"female","Foreign",75,66,122,56,9,32,23,-29,148,177,17
"12","1206",2010,"male","Austrian",3,-4,18,22,7,81,74,-44,162,206,22
"12","1206",2010,"male","Foreign",47,36,157,121,11,28,17,-43,154,197,15
"12","1206",2010,"female","Austrian",16,-9,8,17,25,91,66,-49,186,235,23
"12","1206",2010,"female","Foreign",45,45,124,79,0,27,27,-44,123,167,20
"12","1206",2011,"male","Austrian",22,-8,16,24,30,85,55,-23,167,190,12
"12","1206",2011,"male","Foreign",51,48,150,102,3,20,17,-3,164,167,8
"12","1206",2011,"female","Austrian",1,-10,10,20,11,82,71,-11,169,180,9
"12","1206",2011,"female","Foreign",23,16,112,96,7,28,21,-27,137,164,6
"12","1206",2012,"male","Austrian",62,6,26,20,56,132,76,-4,238,242,18
"12","1206",2012,"male","Foreign",75,75,179,104,0,27,27,27,206,179,14
"12","1206",2012,"female","Austrian",45,3,11,8,42,130,88,4,230,226,24
"12","1206",2012,"female","Foreign",91,82,156,74,9,29,20,-6,175,181,13
"12","1206",2013,"male","Austrian",10,-15,11,26,25,88,63,13,204,191,14
"12","1206",2013,"male","Foreign",123,105,218,113,18,39,21,-7,237,244,9
"12","1206",2013,"female","Austrian",-13,-2,15,17,-11,85,96,16,206,190,11
"12","1206",2013,"female","Foreign",116,104,182,78,12,39,27,10,197,187,7
"12","1206",2014,"male","Austrian",9,-1,18,19,10,82,72,-31,184,215,22
"12","1206",2014,"male","Foreign",139,133,236,103,6,40,34,6,285,279,19
"12","1206",2014,"female","Austrian",1,-1,13,14,2,77,75,-21,194,215,24
"12","1206",2014,"female","Foreign",87,83,176,93,4,36,32,4,227,223,18
"12","1206",2015,"male","Austrian",13,6,17,11,7,76,69,-32,181,213,11
"12","1206",2015,"male","Foreign",150,128,251,123,22,53,31,-72,302,374,15
"12","1206",2015,"female","Austrian",27,-5,9,14,32,93,61,-24,211,235,9
"12","1206",2015,"female","Foreign",80,84,177,93,-4,27,31,-44,210,254,16
"12","1206",2016,"male","Austrian",35,-10,13,23,45,105,60,2,203,201,19
"12","1206",2016,"male","Foreign",160,120,234,114,40,79,39,-41,374,415,25
"12","1206",2016,"female","Austrian",14,5,15,10,9,94,85,-5,229,234,17
"12","1206",2016,"female","Foreign",88,67,178,111,21,48,27,-16,235,251,23
"12","1206",2017,"male","Austrian",8,-3,12,15,11,84,73,-69,153,222,25
"12","1206",2017,"male","Foreign",119,105,227,122,14,49,35,-9,388,397,26
"12","1206",2017,"female","Austrian",2,0,11,11,2,73,71,-17,201,218,24
"12","1206",2017,"female","Foreign",116,94,172,78,22,44,22,-24,247,271,29
"12","1206",2018,"male","Austrian",16,-4,13,17,20,95,75,-9,212,221,9
"12","1206",2018,"male","Foreign",53,41,195,154,12,61,49,-49,433,482,15
"12","1206",2018,"female","Austrian",13,-3,13,16,16,92,76,-21,200,221,15
"12","1206",2018,"female","Foreign",83,72,177,105,11,36,25,-51,323,374,11
"12","1206",2019,"male","Austrian",1,-4,13,17,5,74,69,-69,154,223,17
"12","1206",2019,"male","Foreign",65,57,217,160,8,54,46,-72,330,402,19
"12","1206",2019,"female","Austrian",13,-13,4,17,26,96,70,-31,203,234,20
"12","1206",2019,"female","Foreign",40,44,170,126,-4,45,49,-76,250,326,14
"12","1206",2020,"male","Austrian",-21,0,9,9,-21,74,95,-24,176,200,9
"12","1206",2020,"male","Foreign",52,43,189,146,9,58,49,-81,334,415,21
"12","1206",2020,"female","Austrian",13,-3,10,13,16,103,87,-36,186,222,15
"12","1206",2020,"female","Foreign",65,86,170,84,-21,25,46,-98,210,308,15
"12","1206",2021,"male","Austrian",5,3,16,13,2,86,84,4,204,200,11
"12","1206",2021,"male","Foreign",101,62,195,133,39,78,39,-71,337,408,31
"12","1206",2021,"female","Austrian",14,5,14,9,9,104,95,-11,210,221,14
"12","1206",2021,"female","Foreign",83,53,148,95,30,54,24,-3,271,274,25
"12","1206",2022,"male","Austrian",13,6,21,15,7,86,79,-48,165,213,9
"12","1206",2022,"male","Foreign",158,130,292,162,28,101,73,-45,381,426,22
"12","1206",2022,"female","Austrian",-8,-3,8,11,-5,84,89,-47,173,220,15
"12","1206",2022,"female","Foreign",160,152,282,130,8,57,49,-53,249,302,22
"12","1206",2023,"male","Austrian",-12,4,17,13,-16,77,93,-59,163,222,15
"12","1206",2023,"male","Foreign",135,77,212,135,58,118,60,-90,370,460,27
"12","1206",2023,"female","Austrian",-14,-6,7,13,-8,81,89,-53,191,244,14
"12","1206",2023,"female","Foreign",95,87,196,109,8,45,37,-109,242,351,19
"12","1207",2007,"male","Austrian",-7,-4,12,16,-3,20,23,-2,135,137,10
"12","1207",2007,"male","Foreign",13,18,31,13,-5,1,6,10,58,48,2
"12","1207",2007,"female","Austrian",-22,-8,5,13,-14,22,36,42,156,114,15
"12","1207",2007,"female","Foreign",4,5,23,18,-1,5,6,16,54,38,2
"12","1207",2008,"male","Austrian",-9,-6,10,16,-3,38,41,-12,155,167,12
"12","1207",2008,"male","Foreign",7,3,27,24,4,7,3,20,69,49,3
"12","1207",2008,"female","Austrian",-8,-7,6,13,-1,41,42,5,161,156,10
"12","1207",2008,"female","Foreign",11,10,28,18,1,6,5,24,78,54,4
"12","1207",2009,"male","Austrian",-9,-3,8,11,-6,36,42,-12,139,151,16
"12","1207",2009,"male","Foreign",-5,-2,35,37,-3,6,9,21,76,55,2
"12","1207",2009,"female","Austrian",-33,-3,6,9,-30,21,51,16,160,144,22
"12","1207",2009,"female","Foreign",-6,-2,22,24,-4,4,8,28,73,45,3
"12","1207",2010,"male","Austrian",-24,-6,13,19,-18,19,37,49,174,125,15
"12","1207",2010,"male","Foreign",13,14,41,27,-1,5,6,35,100,65,8
"12","1207",2010,"female","Austrian",-28,-9,3,12,-19,30,49,37,177,140,25
"12","1207",2010,"female","Foreign",22,14,28,14,8,11,3,49,101,52,4
"12","1207",2011,"male","Austrian",-25,-10,9,19,-15,38,53,-6,154,160,17
"12","1207",2011,"male","Foreign",13,15,41,26,-2,4,6,24,69,45,3
"12","1207",2011,"female","Austrian",-15,-3,6,9,-12,37,49,14,160,146,18
"12","1207",2011,"female","Foreign",9,10,35,25,-1,6,7,19,68,49,0
"12","1207",2012,"male","Austrian",-15,-14,9,23,-1,41,42,15,153,138,15
"12","1207",2012,"male","Foreign",12,15,44,29,-3,5,8,30,81,51,4
"12","1207",2012,"female","Austrian",-35,-12,7,19,-23,33,56,49,167,118,14
"12","1207",2012,"female","Foreign",13,14,36,22,-1,9,10,41,85,44,8
"12","1207",2013,"male","Austrian",1,2,11,9,-1,38,39,-1,145,146,12
"12","1207",2013,"male","Foreign",15,10,48,38,5,10,5,12,74,62,2
"12","1207",2013,"female","Austrian",-9,-1,4,5,-8,39,47,-4,147,151,16
"12","1207",2013,"female","Foreign",19,17,35,18,2,13,11,8,79,71,0
"12","1207",2014,"male","Austrian",-26,-8,8,16,-18,31,49,-11,115,126,8
"12","1207",2014,"male","Foreign",28,20,58,38,8,15,7,39,98,59,4
"12","1207",2014,"female","Austrian",-21,4,10,6,-25,23,48,1,121,120,16
"12","1207",2014,"female","Foreign",41,37,53,16,4,10,6,31,87,56,2
"12","1207",2015,"male","Austrian",3,-1,10,11,4,35,31,-17,162,179,22
"12","1207",2015,"male","Foreign",20,22,44,22,-2,12,14,12,89,77,2
"12","1207",2015,"female","Austrian",-16,-5,6,11,-11,32,43,-31,147,178,18
"12","1207",2015,"female","Foreign",28,27,44,17,1,6,5,43,105,62,8
"12","1207",2016,"male","Austrian",-21,-2,11,13,-19,23,42,-2,147,149,12
"12","1207",2016,"male","Foreign",12,5,36,31,7,18,11,23,115,92,4
"12","1207",2016,"female","Austrian",-11,-6,2,8,-5,39,44,21,134,113,8
"12","1207",2016,"female","Foreign",9,11,38,27,-2,8,10,18,103,85,7
"12","1207",2017,"male","Austrian",-24,-2,15,17,-22,17,39,26,142,116,8
"12","1207",2017,"male","Foreign",53,14,48,34,39,51,12,41,162,121,10
"12","1207",2017,"female","Austrian",-18,-7,5,12,-11,35,46,-6,126,132,9
"12","1207",2017,"female","Foreign",34,8,38,30,26,37,11,29,135,106,16
"12","1207",2018,"male","Austrian",-9,-1,8,9,-8,38,46,7,147,140,9
"12","1207",2018,"male","Foreign",7,9,48,39,-2,10,12,4,135,131,3
"12","1207",2018,"female","Austrian",-14,-1,7,8,-13,29,42,-1,135,136,7
"12","1207",2018,"female","Foreign",1,8,32,24,-7,7,14,6,122,116,5
"12","1207",2019,"male","Austrian",-15,1,13,12,-16,27,43,-8,147,155,12
"12","1207",2019,"male","Foreign",13,16,41,25,-3,13,16,-3,140,143,7
"12","1207",2019,"female","Austrian",-22,5,7,2,-27,20,47,-26,137,163,11
"12","1207",2019,"female","Foreign",9,18,36,18,-9,9,18,-1,130,131,10
"12","1207",2020,"male","Austrian",-12,-3,9,12,-9,28,37,-2,133,135,6
"12","1207",2020,"male","Foreign",22,18,41,23,4,8,4,54,145,91,4
"12","1207",2020,"female","Austrian",-31,-7,5,12,-24,18,42,-1,127,128,12
"12","1207",2020,"female","Foreign",13,13,42,29,0,14,14,52,117,65,3
"12","1207",2021,"male","Austrian",-34,-8,7,15,-26,16,42,16,139,123,24
"12","1207",2021,"male","Foreign",17,14,38,24,3,19,16,30,125,95,6
"12","1207",2021,"female","Austrian",-30,-8,3,11,-22,24,46,-9,128,137,9
"12","1207",2021,"female","Foreign",18,16,38,22,2,12,10,40,122,82,13
"12","1207",2022,"male","Austrian",-14,-10,7,17,-4,29,33,-15,99,114,18
"12","1207",2022,"male","Foreign",45,36,67,31,9,22,13,37,140,103,8
"12","1207",2022,"female","Austrian",-30,-5,4,9,-25,30,55,-14,104,118,11
"12","1207",2022,"female","Foreign",42,45,73,28,-3,6,9,26,133,107,6
"12","1207",2023,"male","Austrian",-23,-3,5,8,-20,15,35,-26,108,134,11
"12","1207",2023,"male","Foreign",1,0,51,51,1,15,14,20,142,122,4
"12","1207",2023,"female","Austrian",4,5,10,5,-1,26,27,-46,107,153,10
"12","1207",2023,"female","Foreign",13,17,56,39,-4,14,18,48,139,91,10
"12","1208",2007,"male","Austrian",-23,-7,7,14,-16,22,38,-28,93,121,11
"12","1208",2007,"male","Foreign",25,19,40,21,6,10,4,17,87,70,7
"12","1208",2007,"female","Austrian",10,5,9,4,5,26,21,-6,104,110,9
"12","1208",2007,"female","Foreign",41,30,46,16,11,13,2,4,63,59,3
"12","1208",2008,"male","Austrian",-28,-9,8,17,-19,25,44,-8,93,101,9
"12","1208",2008,"male","Foreign",17,20,39,19,-3,5,8,23,90,67,7
"12","1208",2008,"female","Austrian",-18,-7,2,9,-11,25,36,5,99,94,6
"12","1208",2008,"female","Foreign",17,20,32,12,-3,6,9,9,77,68,8
"12","1208",2009,"male","Austrian",-6,-6,6,12,0,31,31,7,101,94,9
"12","1208",2009,"male","Foreign",26,23,47,24,3,9,6,-15,62,77,4
"12","1208",2009,"female","Austrian",-3,1,5,4,-4,23,27,-22,80,102,5
"12","1208",2009,"female","Foreign",20,17,40,23,3,7,4,-7,53,60,5
"12","1208",2010,"male","Austrian",5,0,10,10,5,27,22,5,97,92,11
"12","1208",2010,"male","Foreign",11,12,39,27,-1,4,5,29,87,58,5
"12","1208",2010,"female","Austrian",4,-4,3,7,8,32,24,18,98,80,9
"12","1208",2010,"female","Foreign",21,24,46,22,-3,6,9,18,76,58,6
"12","1208",2011,"male","Austrian",-21,-3,9,12,-18,23,41,-6,80,86,9
"12","1208",2011,"male","Foreign",15,10,53,43,5,12,7,-2,66,68,6
"12","1208",2011,"female","Austrian",-13,-2,3,5,-11,34,45,-3,84,87,7
"12","1208",2011,"female","Foreign",22,20,45,25,2,12,10,-12,56,68,2
"12","1208",2012,"male","Austrian",-5,-2,10,12,-3,36,39,14,115,101,3
"12","1208",2012,"male","Foreign",48,31,80,49,17,22,5,1,105,104,6
"12","1208",2012,"female","Austrian",-16,-10,0,10,-6,40,46,-15,87,102,15
"12","1208",2012,"female","Foreign",39,27,58,31,12,18,6,-38,67,105,1
"12","1208",2013,"male","Austrian",-17,-14,8,22,-3,32,35,-1,92,93,3
"12","1208",2013,"male","Foreign",20,18,70,52,2,13,11,-3,105,108,11
"12","1208",2013,"female","Austrian",-13,-6,3,9,-7,28,35,-12,82,94,4
"12","1208",2013,"female","Foreign",33,41,68,27,-8,7,15,-16,63,79,6
"12","1208",2014,"male","Austrian",-15,0,6,6,-15,19,34,-25,70,95,6
"12","1208",2014,"male","Foreign",37,35,85,50,2,11,9,-24,84,108,7
"12","1208",2014,"female","Austrian",-19,1,1,0,-20,16,36,-8,72,80,5
"12","1208",2014,"female","Foreign",37,35,61,26,2,10,8,-2,74,76,7
"12","1208",2015,"male","Austrian",-18,-9,6,15,-9,30,39,0,114,114,6
"12","1208",2015,"male","Foreign",51,38,81,43,13,31,18,53,192,139,11
"12","1208",2015,"female","Austrian",12,0,5,5,12,45,33,0,115,115,11
"12","1208",2015,"female","Foreign",39,46,74,28,-7,10,17,11,107,96,12
"12","1208",2016,"male","Austrian",1,5,10,5,-4,30,34,55,132,77,5
"12","1208",2016,"male","Foreign",81,51,101,50,30,70,40,77,252,175,5
"12","1208",2016,"female","Austrian",-6,3,3,0,-9,30,39,42,133,91,11
"12","1208",2016,"female","Foreign",42,36,73,37,6,24,18,14,119,105,2
"12","1208",2017,"male","Austrian",0,1,7,6,-1,30,31,58,154,96,8
"12","1208",2017,"male","Foreign",58,33,81,48,25,42,17,-9,220,229,4
"12","1208",2017,"female","Austrian",4,-5,1,6,9,35,26,66,158,92,7
"12","1208",2017,"female","Foreign",18,16,48,32,2,18,16,29,144,115,1
"12","1208",2018,"male","Austrian",-11,-2,3,5,-9,22,31,20,119,99,11
"12","1208",2018,"male","Foreign",-13,-13,56,69,0,25,25,-16,214,230,13
"12","1208",2018,"female","Austrian",-5,0,3,3,-5,23,28,-3,86,89,10
"12","1208",2018,"female","Foreign",24,10,47,37,14,23,9,5,119,114,8
"12","1208",2019,"male","Austrian",-4,-4,1,5,0,23,23,-16,81,97,9
"12","1208",2019,"male","Foreign",-3,10,75,65,-13,22,35,-23,178,201,5
"12","1208",2019,"female","Austrian",-5,2,3,1,-7,28,35,-20,86,106,12
"12","1208",2019,"female","Foreign",27,23,67,44,4,16,12,-60,97,157,3
"12","1208",2020,"male","Austrian",-4,3,5,2,-7,21,28,16,101,85,6
"12","1208",2020,"male","Foreign",36,22,61,39,14,31,17,-37,170,207,6
"12","1208",2020,"female","Austrian",-9,0,1,1,-9,27,36,-2,77,79,9
"12","1208",2020,"female","Foreign",23,23,52,29,0,11,11,6,106,100,5
"12","1208",2021,"male","Austrian",-3,-1,3,4,-2,38,40,16,116,100,6
"12","1208",2021,"male","Foreign",11,-3,51,54,14,47,33,1,237,236,6
"12","1208",2021,"female","Austrian",-3,-2,0,2,-1,31,32,-11,87,98,12
"12","1208",2021,"female","Foreign",-6,3,47,44,-9,16,25,14,113,99,5
"12","1208",2022,"male","Austrian",-20,-1,7,8,-19,26,45,5,102,97,9
"12","1208",2022,"male","Foreign",69,50,93,43,19,43,24,23,203,180,2
"12","1208",2022,"female","Austrian",-29,-2,2,4,-27,23,50,-7,96,103,5
"12","1208",2022,"female","Foreign",55,58,85,27,-3,17,20,3,105,102,6
"12","1208",2023,"male","Austrian",-6,2,7,5,-8,26,34,-7,87,94,6
"12","1208",2023,"male","Foreign",45,7,71,64,38,63,25,53,282,229,9
"12","1208",2023,"female","Austrian",-13,-2,1,3,-11,27,38,-9,82,91,4
"12","1208",2023,"female","Foreign",0,13,49,36,-13,9,22,13,110,97,9
"12","1209",2007,"male","Austrian",-31,0,19,19,-31,19,50,-13,203,216,36
"12","1209",2007,"male","Foreign",11,15,29,14,-4,2,6,17,59,42,6
"12","1209",2007,"female","Austrian",-29,-2,7,9,-27,14,41,-26,182,208,42
"12","1209",2007,"female","Foreign",7,11,26,15,-4,3,7,35,85,50,5
"12","1209",2008,"male","Austrian",-51,-20,12,32,-31,10,41,17,226,209,15
"12","1209",2008,"male","Foreign",13,16,27,11,-3,3,6,73,124,51,5
"12","1209",2008,"female","Austrian",-31,-14,4,18,-17,18,35,-3,199,202,14
"12","1209",2008,"female","Foreign",14,18,28,10,-4,4,8,79,136,57,3
"12","1209",2009,"male","Austrian",-35,-15,13,28,-20,18,38,10,174,164,12
"12","1209",2009,"male","Foreign",4,5,26,21,-1,4,5,22,97,75,5
"12","1209",2009,"female","Austrian",-42,-14,3,17,-28,11,39,-12,172,184,16
"12","1209",2009,"female","Foreign",0,-1,24,25,1,8,7,54,96,42,3
"12","1209",2010,"male","Austrian",-38,-13,10,23,-25,11,36,-12,180,192,18
"12","1209",2010,"male","Foreign",10,14,25,11,-4,3,7,51,112,61,5
"12","1209",2010,"female","Austrian",-13,3,11,8,-16,11,27,-35,147,182,27
"12","1209",2010,"female","Foreign",6,8,24,16,-2,3,5,62,115,53,7
"12","1209",2011,"male","Austrian",-26,-7,14,21,-19,22,41,2,190,188,28
"12","1209",2011,"male","Foreign",9,5,26,21,4,7,3,53,109,56,4
"12","1209",2011,"female","Austrian",-45,-11,4,15,-34,15,49,-22,156,178,27
"12","1209",2011,"female","Foreign",4,6,28,22,-2,3,5,81,129,48,1
"12","1209",2012,"male","Austrian",-15,-6,14,20,-9,11,20,-55,141,196,22
"12","1209",2012,"male","Foreign",8,10,28,18,-2,4,6,37,94,57,6
"12","1209",2012,"female","Austrian",-19,-7,7,14,-12,19,31,-28,150,178,24
"12","1209",2012,"female","Foreign",11,13,34,21,-2,3,5,42,88,46,7
"12","1209",2013,"male","Austrian",-39,-3,8,11,-36,12,48,-12,162,174,39
"12","1209",2013,"male","Foreign",10,12,25,13,-2,6,8,57,121,64,3
"12","1209",2013,"female","Austrian",-40,-8,3,11,-32,15,47,-25,127,152,19
"12","1209",2013,"female","Foreign",14,23,34,11,-9,3,12,80,152,72,4
"12","1209",2014,"male","Austrian",-21,-3,13,16,-18,13,31,-50,130,180,18
"12","1209",2014,"male","Foreign",16,20,41,21,-4,5,9,79,128,49,10
"12","1209",2014,"female","Austrian",-19,-2,4,6,-17,7,24,-55,108,163,13
"12","1209",2014,"female","Foreign",13,14,37,23,-1,6,7,75,131,56,8
"12","1209",2015,"male","Austrian",-24,-5,13,18,-19,13,32,-38,120,158,25
"12","1209",2015,"male","Foreign",4,7,28,21,-3,6,9,73,148,75,6
"12","1209",2015,"female","Austrian",-29,-3,5,8,-26,14,40,-36,102,138,22
"12","1209",2015,"female","Foreign",12,15,35,20,-3,3,6,65,131,66,4
"12","1209",2016,"male","Austrian",-20,-9,11,20,-11,15,26,-40,81,121,12
"12","1209",2016,"male","Foreign",12,19,36,17,-7,10,17,49,103,54,12
"12","1209",2016,"female","Austrian",-32,-10,5,15,-22,13,35,-38,94,132,11
"12","1209",2016,"female","Foreign",9,15,29,14,-6,4,10,40,81,41,9
"12","1209",2017,"male","Austrian",-11,1,15,14,-12,15,27,-36,137,173,26
"12","1209",2017,"male","Foreign",-1,0,26,26,-1,12,13,91,182,91,4
"12","1209",2017,"female","Austrian",-43,-16,7,23,-27,11,38,-67,100,167,18
"12","1209",2017,"female","Foreign",-3,10,28,18,-13,4,17,64,141,77,2
"12","1209",2018,"male","Austrian",-34,-14,6,20,-20,8,28,-44,122,166,17
"12","1209",2018,"male","Foreign",-13,-3,26,29,-10,3,13,91,177,86,6
"12","1209",2018,"female","Austrian",-21,-2,10,12,-19,7,26,-45,99,144,13
"12","1209",2018,"female","Foreign",6,8,24,16,-2,5,7,71,141,70,10
"12","1209",2019,"male","Austrian",-23,-6,14,20,-17,14,31,-60,117,177,14
"12","1209",2019,"male","Foreign",8,5,31,26,3,10,7,72,172,100,8
"12","1209",2019,"female","Austrian",-32,-8,8,16,-24,12,36,-88,70,158,10
"12","1209",2019,"female","Foreign",11,8,30,22,3,9,6,55,155,100,14
"12","1209",2020,"male","Austrian",-29,4,15,11,-33,9,42,-42,100,142,19
"12","1209",2020,"male","Foreign",-6,3,22,19,-9,4,13,76,156,80,8
"12","1209",2020,"female","Austrian",-25,1,11,10,-26,14,40,-91,67,158,18
"12","1209",2020,"female","Foreign",-9,5,21,16,-14,1,15,58,119,61,6
"12","1209",2021,"male","Austrian",-19,-1,9,10,-18,10,28,-33,127,160,23
"12","1209",2021,"male","Foreign",7,7,29,22,0,8,8,96,186,90,14
"12","1209",2021,"female","Austrian",-16,-2,4,6,-14,7,21,-24,110,134,18
"12","1209",2021,"female","Foreign",-5,2,19,17,-7,6,13,84,159,75,14
"12","1209",2022,"male","Austrian",-16,-2,9,11,-14,13,27,-31,101,132,17
"12","1209",2022,"male","Foreign",23,22,46,24,1,12,11,49,159,110,10
"12","1209",2022,"female","Austrian",-13,-2,9,11,-11,11,22,-46,83,129,11
"12","1209",2022,"female","Foreign",11,21,43,22,-10,7,17,59,142,83,10
"12","1209",2023,"male","Austrian",-30,-7,9,16,-23,14,37,-35,92,127,17
"12","1209",2023,"male","Foreign",14,16,43,27,-2,16,18,51,165,114,11
"12","1209",2023,"female","Austrian",-27,-8,1,9,-19,9,28,-32,107,139,14
"12","1209",2023,"female","Foreign",10,13,41,28,-3,7,10,49,130,81,12
"12","1210",2007,"male","Austrian",8,-5,9,14,13,58,45,160,318,158,15
"12","1210",2007,"male","Foreign",47,43,76,33,4,17,13,105,181,76,7
"12","1210",2007,"female","Austrian",14,-4,5,9,18,59,41,197,344,147,20
"12","1210",2007,"female","Foreign",52,50,65,15,2,6,4,57,104,47,13
"12","1210",2008,"male","Austrian",6,-7,10,17,13,66,53,270,391,121,35
"12","1210",2008,"male","Foreign",163,156,209,53,7,32,25,-30,148,178,12
"12","1210",2008,"female","Austrian",16,-7,6,13,23,81,58,287,436,149,38
"12","1210",2008,"female","Foreign",54,53,91,38,1,9,8,37,123,86,8
"12","1210",2009,"male","Austrian",10,-1,18,19,11,57,46,50,232,182,24
"12","1210",2009,"male","Foreign",180,168,205,37,12,23,11,-129,90,219,8
"12","1210",2009,"female","Austrian",-10,-9,6,15,-1,51,52,78,247,169,40
"12","1210",2009,"female","Foreign",97,89,106,17,8,19,11,-35,94,129,8
"12","1210",2010,"male","Austrian",-15,-11,8,19,-4,50,54,-5,153,158,27
"12","1210",2010,"male","Foreign",191,192,254,62,-1,12,13,-96,113,209,10
"12","1210",2010,"female","Austrian",-19,0,8,8,-19,33,52,7,162,155,26
"12","1210",2010,"female","Foreign",62,63,96,33,-1,6,7,1,84,83,10
"12","1210",2011,"male","Austrian",-36,-4,8,12,-32,26,58,65,205,140,18
"12","1210",2011,"male","Foreign",135,143,240,97,-8,19,27,-117,154,271,4
"12","1210",2011,"female","Austrian",-22,0,10,10,-22,54,76,162,309,147,21
"12","1210",2011,"female","Foreign",65,70,115,45,-5,10,15,-11,97,108,8
"12","1210",2012,"male","Austrian",-9,2,18,16,-11,36,47,42,222,180,24
"12","1210",2012,"male","Foreign",92,85,196,111,7,21,14,-59,130,189,10
"12","1210",2012,"female","Austrian",-33,-2,8,10,-31,35,66,80,222,142,34
"12","1210",2012,"female","Foreign",58,51,111,60,7,16,9,-10,97,107,9
"12","1210",2013,"male","Austrian",-9,-3,8,11,-6,48,54,76,235,159,24
"12","1210",2013,"male","Foreign",111,109,204,95,2,24,22,-58,157,215,14
"12","1210",2013,"female","Austrian",-22,-2,7,9,-20,40,60,82,245,163,20
"12","1210",2013,"female","Foreign",85,76,123,47,9,24,15,-25,103,128,8
"12","1210",2014,"male","Austrian",-18,-11,7,18,-7,57,64,14,178,164,27
"12","1210",2014,"male","Foreign",84,81,176,95,3,22,19,28,218,190,9
"12","1210",2014,"female","Austrian",-4,-3,7,10,-1,55,56,54,216,162,32
"12","1210",2014,"female","Foreign",117,116,170,54,1,19,18,16,139,123,3
"12","1210",2015,"male","Austrian",-3,1,8,7,-4,47,51,9,178,169,22
"12","1210",2015,"male","Foreign",122,73,180,107,49,83,34,72,321,249,21
"12","1210",2015,"female","Austrian",-16,0,8,8,-16,42,58,49,215,166,24
"12","1210",2015,"female","Foreign",114,108,170,62,6,31,25,8,180,172,17
"12","1210",2016,"male","Austrian",-37,-11,10,21,-26,44,70,25,194,169,26
"12","1210",2016,"male","Foreign",168,77,155,78,91,152,61,55,450,395,19
"12","1210",2016,"female","Austrian",-28,0,5,5,-28,46,74,65,233,168,36
"12","1210",2016,"female","Foreign",141,115,180,65,26,59,33,15,218,203,18
"12","1210",2017,"male","Austrian",-19,-10,13,23,-9,61,70,231,419,188,33
"12","1210",2017,"male","Foreign",91,70,155,85,21,73,52,41,477,436,26
"12","1210",2017,"female","Austrian",-38,-14,3,17,-24,56,80,266,454,188,42
"12","1210",2017,"female","Foreign",112,97,151,54,15,48,33,105,374,269,17
"12","1210",2018,"male","Austrian",-11,2,15,13,-13,43,56,73,236,163,41
"12","1210",2018,"male","Foreign",41,53,163,110,-12,45,57,8,378,370,28
"12","1210",2018,"female","Austrian",-26,5,9,4,-31,52,83,110,292,182,50
"12","1210",2018,"female","Foreign",47,54,143,89,-7,41,48,9,274,265,25
"12","1210",2019,"male","Austrian",-35,-9,9,18,-26,40,66,8,204,196,23
"12","1210",2019,"male","Foreign",90,92,186,94,-2,42,44,-75,364,439,19
"12","1210",2019,"female","Austrian",-24,-2,8,10,-22,55,77,54,235,181,33
"12","1210",2019,"female","Foreign",68,66,136,70,2,25,23,-77,264,341,19
"12","1210",2020,"male","Austrian",-34,-6,14,20,-28,44,72,0,184,184,25
"12","1210",2020,"male","Foreign",61,49,167,118,12,53,41,41,387,346,42
"12","1210",2020,"female","Austrian",-26,0,12,12,-26,54,80,42,244,202,28
"12","1210",2020,"female","Foreign",38,42,119,77,-4,27,31,30,247,217,28
"12","1210",2021,"male","Austrian",-24,-5,10,15,-19,45,64,15,208,193,20
"12","1210",2021,"male","Foreign",90,75,160,85,15,75,60,33,371,338,23
"12","1210",2021,"female","Austrian",-40,-5,6,11,-35,45,80,61,262,201,26
"12","1210",2021,"female","Foreign",123,97,144,47,26,63,37,47,278,231,26
"12","1210",2022,"male","Austrian",-41,-4,8,12,-37,52,89,11,195,184,24
"12","1210",2022,"male","Foreign",111,106,211,105,5,58,53,29,363,334,39
"12","1210",2022,"female","Austrian",-46,-8,8,16,-38,39,77,6,175,169,24
"12","1210",2022,"female","Foreign",148,153,225,72,-5,49,54,27,272,245,41
"12","1210",2023,"male","Austrian",-13,-6,9,15,-7,54,61,-35,178,213,24
"12","1210",2023,"male","Foreign",110,110,229,119,0,55,55,19,372,353,39
"12","1210",2023,"female","Austrian",-31,5,14,9,-36,32,68,-28,183,211,28
"12","1210",2023,"female","Foreign",123,128,211,83,-5,33,38,9,285,276,33
"12","1211",2007,"male","Austrian",-8,-4,10,14,-4,60,64,-11,157,168,32
"12","1211",2007,"male","Foreign",19,17,47,30,2,14,12,-4,80,84,6
"12","1211",2007,"female","Austrian",-40,-4,6,10,-36,36,72,-8,166,174,34
"12","1211",2007,"female","Foreign",30,26,52,26,4,13,9,-9,64,73,5
"12","1211",2008,"male","Austrian",-40,-7,11,18,-33,31,64,20,196,176,25
"12","1211",2008,"male","Foreign",12,-1,55,56,13,19,6,-13,83,96,4
"12","1211",2008,"female","Austrian",-37,-11,3,14,-26,42,68,42,208,166,29
"12","1211",2008,"female","Foreign",29,27,58,31,2,11,9,-4,71,75,8
"12","1211",2009,"male","Austrian",16,3,14,11,13,67,54,21,201,180,22
"12","1211",2009,"male","Foreign",35,32,65,33,3,12,9,-10,60,70,9
"12","1211",2009,"female","Austrian",-9,0,8,8,-9,60,69,34,199,165,41
"12","1211",2009,"female","Foreign",32,30,61,31,2,17,15,-9,65,74,8
"12","1211",2010,"male","Austrian",-11,-5,12,17,-6,49,55,6,188,182,23
"12","1211",2010,"male","Foreign",-15,-14,63,77,-1,8,9,-6,77,83,8
"12","1211",2010,"female","Austrian",-23,-2,4,6,-21,50,71,43,200,157,34
"12","1211",2010,"female","Foreign",22,27,64,37,-5,7,12,3,86,83,9
"12","1211",2011,"male","Austrian",-30,-2,17,19,-28,42,70,-20,180,200,31
"12","1211",2011,"male","Foreign",41,44,77,33,-3,8,11,-7,69,76,2
"12","1211",2011,"female","Austrian",-15,1,12,11,-16,51,67,5,196,191,38
"12","1211",2011,"female","Foreign",38,37,68,31,1,15,14,-19,60,79,5
"12","1211",2012,"male","Austrian",10,-4,14,18,14,64,50,-13,182,195,37
"12","1211",2012,"male","Foreign",30,32,79,47,-2,8,10,-14,85,99,7
"12","1211",2012,"female","Austrian",19,-4,5,9,23,81,58,31,215,184,40
"12","1211",2012,"female","Foreign",54,66,97,31,-12,11,23,-20,70,90,7
"12","1211",2013,"male","Austrian",-15,-4,12,16,-11,44,55,2,187,185,20
"12","1211",2013,"male","Foreign",40,32,77,45,8,14,6,18,96,78,7
"12","1211",2013,"female","Austrian",-30,-4,6,10,-26,40,66,25,196,171,24
"12","1211",2013,"female","Foreign",46,42,78,36,4,18,14,22,101,79,6
"12","1211",2014,"male","Austrian",-6,3,17,14,-9,58,67,17,170,153,22
"12","1211",2014,"male","Foreign",51,46,88,42,5,18,13,5,101,96,9
"12","1211",2014,"female","Austrian",-1,1,7,6,-2,80,82,26,189,163,28
"12","1211",2014,"female","Foreign",42,42,84,42,0,16,16,-7,104,111,4
"12","1211",2015,"male","Austrian",-12,1,18,17,-13,49,62,-11,142,153,26
"12","1211",2015,"male","Foreign",71,65,106,41,6,22,16,8,111,103,20
"12","1211",2015,"female","Austrian",-3,-8,5,13,5,74,69,-8,178,186,38
"12","1211",2015,"female","Foreign",58,54,88,34,4,19,15,16,104,88,10
"12","1211",2016,"male","Austrian",-36,-9,12,21,-27,48,75,-3,187,190,30
"12","1211",2016,"male","Foreign",121,66,108,42,55,68,13,8,188,180,12
"12","1211",2016,"female","Austrian",-29,-15,4,19,-14,60,74,5,196,191,40
"12","1211",2016,"female","Foreign",66,53,89,36,13,29,16,35,153,118,11
"12","1211",2017,"male","Austrian",-1,-2,10,12,1,66,65,14,185,171,35
"12","1211",2017,"male","Foreign",40,30,92,62,10,36,26,28,203,175,10
"12","1211",2017,"female","Austrian",-18,-3,8,11,-15,57,72,4,196,192,35
"12","1211",2017,"female","Foreign",33,36,86,50,-3,19,22,21,155,134,12
"12","1211",2018,"male","Austrian",27,7,15,8,20,72,52,22,207,185,26
"12","1211",2018,"male","Foreign",13,11,75,64,2,18,16,50,191,141,11
"12","1211",2018,"female","Austrian",-19,-6,10,16,-13,58,71,24,222,198,24
"12","1211",2018,"female","Foreign",12,19,72,53,-7,18,25,26,135,109,9
"12","1211",2019,"male","Austrian",-22,9,19,10,-31,44,75,72,249,177,39
"12","1211",2019,"male","Foreign",31,30,91,61,1,25,24,20,205,185,17
"12","1211",2019,"female","Austrian",-33,5,13,8,-38,50,88,52,247,195,29
"12","1211",2019,"female","Foreign",34,34,70,36,0,24,24,20,160,140,13
"12","1211",2020,"male","Austrian",-20,-6,8,14,-14,57,71,156,330,174,40
"12","1211",2020,"male","Foreign",36,23,81,58,13,31,18,80,232,152,14
"12","1211",2020,"female","Austrian",-17,5,7,2,-22,70,92,201,387,186,51
"12","1211",2020,"female","Foreign",49,46,75,29,3,26,23,88,205,117,16
"12","1211",2021,"male","Austrian",-26,4,11,7,-30,53,83,199,372,173,39
"12","1211",2021,"male","Foreign",34,33,91,58,1,36,35,137,302,165,23
"12","1211",2021,"female","Austrian",-15,0,5,5,-15,75,90,201,386,185,31
"12","1211",2021,"female","Foreign",58,48,87,39,10,43,33,165,294,129,24
"12","1211",2022,"male","Austrian",-22,-14,8,22,-8,61,69,31,223,192,46
"12","1211",2022,"male","Foreign",96,89,130,41,7,45,38,81,272,191,16
"12","1211",2022,"female","Austrian",-34,-3,11,14,-31,43,74,81,258,177,29
"12","1211",2022,"female","Foreign",94,97,145,48,-3,33,36,41,215,174,22
"12","1211",2023,"male","Austrian",-28,-4,9,13,-24,64,88,72,260,188,39
"12","1211",2023,"male","Foreign",48,56,137,81,-8,47,55,22,270,248,17
"12","1211",2023,"female","Austrian",-16,-9,12,21,-7,70,77,76,245,169,33
"12","1211",2023,"female","Foreign",93,97,156,59,-4,36,40,28,219,191,32
"12","1299",2007,"male","Austrian",-12,-3,1,4,-9,3,12,-60,5,65,0
"12","1299",2007,"male","Foreign",-2,-2,3,5,0,1,1,-12,5,17,0
"12","1299",2007,"female","Austrian",-19,-1,0,1,-18,0,18,-61,6,67,0
"12","1299",2007,"female","Foreign",-5,-1,3,4,-4,0,4,-17,2,19,0
"12","1299",2008,"male","Austrian",-3,0,0,0,-3,0,3,-6,2,8,0
"12","1299",2008,"male","Foreign",-3,-2,0,2,-1,0,1,-7,1,8,0
"12","1299",2008,"female","Austrian",-2,-1,0,1,-1,0,1,-3,5,8,0
"12","1299",2008,"female","Foreign",-2,-1,0,1,-1,0,1,-2,0,2,0
"12","1299",2009,"male","Austrian",-2,-1,0,1,-1,0,1,1,7,6,0
"12","1299",2009,"male","Foreign",-3,-3,1,4,0,0,0,-1,0,1,0
"12","1299",2009,"female","Austrian",0,0,0,0,0,0,0,-2,4,6,0
"12","1299",2009,"female","Foreign",1,1,2,1,0,0,0,-3,0,3,0
"12","1299",2010,"male","Austrian",-1,0,0,0,-1,0,1,-7,1,8,0
"12","1299",2010,"male","Foreign",0,0,1,1,0,0,0,-5,1,6,0
"12","1299",2010,"female","Austrian",0,0,0,0,0,0,0,0,5,5,0
"12","1299",2010,"female","Foreign",-1,-1,1,2,0,0,0,-3,1,4,0
"12","1299",2011,"male","Austrian",-1,0,0,0,-1,0,1,-2,3,5,0
"12","1299",2011,"male","Foreign",0,0,0,0,0,0,0,-1,0,1,0
"12","1299",2011,"female","Austrian",-2,-1,0,1,-1,0,1,-1,6,7,0
"12","1299",2011,"female","Foreign",0,0,0,0,0,0,0,-3,0,3,0
"12","1299",2012,"male","Austrian",-1,0,0,0,-1,0,1,-7,0,7,0
"12","1299",2012,"male","Foreign",0,0,1,1,0,0,0,-1,0,1,0
"12","1299",2012,"female","Austrian",-2,-2,0,2,0,0,0,-6,0,6,0
"12","1299",2012,"female","Foreign",0,0,0,0,0,0,0,0,0,0,0
"12","1299",2013,"male","Austrian",-8,-1,0,1,-7,5,12,-52,15,67,0
"12","1299",2013,"male","Foreign",0,0,4,4,0,1,1,-20,3,23,0
"12","1299",2013,"female","Austrian",-7,-1,0,1,-6,7,13,-65,13,78,2
"12","1299",2013,"female","Foreign",6,4,5,1,2,2,0,-22,10,32,0
"12","1299",2014,"male","Austrian",-1,-1,0,1,0,0,0,1,6,5,0
"12","1299",2014,"male","Foreign",6,6,7,1,0,0,0,-6,9,15,0
"12","1299",2014,"female","Austrian",3,1,1,0,2,2,0,-9,5,14,0
"12","1299",2014,"female","Foreign",7,7,7,0,0,0,0,-6,6,12,0
"12","1299",2015,"male","Austrian",0,0,0,0,0,0,0,-1,2,3,0
"12","1299",2015,"male","Foreign",-1,-1,0,1,0,0,0,-1,0,1,0
"12","1299",2015,"female","Austrian",0,0,0,0,0,0,0,-1,1,2,0
"12","1299",2015,"female","Foreign",0,0,0,0,0,0,0,-1,0,1,0
"12","1299",2016,"male","Austrian",-1,0,0,0,-1,0,1,-5,0,5,0
"12","1299",2016,"male","Foreign",-1,-1,0,1,0,1,1,-1,0,1,0
"12","1299",2016,"female","Austrian",0,0,0,0,0,0,0,0,2,2,0
"12","1299",2016,"female","Foreign",0,0,0,0,0,0,0,0,0,0,0
"12","1299",2017,"male","Austrian",-1,0,0,0,-1,0,1,6,7,1,0
"12","1299",2017,"male","Foreign",0,0,0,0,0,0,0,9,10,1,0
"12","1299",2017,"female","Austrian",0,0,0,0,0,0,0,16,17,1,0
"12","1299",2017,"female","Foreign",0,0,0,0,0,0,0,4,5,1,0
"12","1299",2018,"male","Austrian",0,0,0,0,0,0,0,-2,0,2,0
"12","1299",2018,"male","Foreign",0,1,1,0,-1,0,1,-1,0,1,0
"12","1299",2018,"female","Austrian",0,0,0,0,0,0,0,0,0,0,0
"12","1299",2018,"female","Foreign",-1,0,0,0,-1,0,1,0,0,0,0
"12","1299",2019,"male","Austrian",0,0,0,0,0,0,0,0,1,1,0
"12","1299",2019,"male","Foreign",0,0,0,0,0,0,0,1,1,0,0
"12","1299",2019,"female","Austrian",0,0,0,0,0,0,0,6,7,1,0
"12","1299",2019,"female","Foreign",0,0,0,0,0,0,0,0,0,0,0
"12","1299",2020,"male","Austrian",0,0,0,0,0,0,0,1,1,0,0
"12","1299",2020,"male","Foreign",0,0,0,0,0,0,0,0,0,0,0
"12","1299",2020,"female","Austrian",0,0,0,0,0,0,0,0,0,0,0
"12","1299",2020,"female","Foreign",0,0,0,0,0,0,0,0,0,0,0
"12","1299",2021,"male","Austrian",4,1,1,0,3,3,0,4,4,0,1
"12","1299",2021,"male","Foreign",1,1,1,0,0,0,0,1,3,2,0
"12","1299",2021,"female","Austrian",4,0,0,0,4,4,0,7,7,0,0
"12","1299",2021,"female","Foreign",1,0,0,0,1,1,0,2,2,0,0
"12","1299",2022,"male","Austrian",0,0,0,0,0,0,0,0,0,0,0
"12","1299",2022,"male","Foreign",0,0,0,0,0,0,0,0,0,0,0
"12","1299",2022,"female","Austrian",0,0,0,0,0,0,0,0,0,0,0
"12","1299",2022,"female","Foreign",1,1,1,0,0,0,0,-1,0,1,0
"12","1299",2023,"male","Austrian",0,0,0,0,0,0,0,-1,0,1,0
"12","1299",2023,"male","Foreign",0,0,0,0,0,0,0,0,0,0,0
"12","1299",2023,"female","Austrian",0,0,0,0,0,0,0,0,0,0,0
"12","1299",2023,"female","Foreign",0,0,0,0,0,0,0,0,0,0,0
"13","1301",2007,"male","Austrian",3,1,1,0,2,3,1,-4,8,12,1
"13","1301",2007,"male","Foreign",1,1,1,0,0,0,0,1,2,1,0
"13","1301",2007,"female","Austrian",-1,-2,1,3,1,4,3,-5,7,12,0
"13","1301",2007,"female","Foreign",1,1,2,1,0,0,0,0,0,0,1
"13","1301",2008,"male","Austrian",2,-2,1,3,4,6,2,0,7,7,0
"13","1301",2008,"male","Foreign",4,4,4,0,0,0,0,1,3,2,1
"13","1301",2008,"female","Austrian",0,-2,0,2,2,4,2,-6,4,10,0
"13","1301",2008,"female","Foreign",2,3,3,0,-1,0,1,-1,2,3,0
"13","1301",2009,"male","Austrian",-1,1,2,1,-2,2,4,-6,4,10,2
"13","1301",2009,"male","Foreign",-1,-1,1,2,0,0,0,0,1,1,0
"13","1301",2009,"female","Austrian",0,0,3,3,0,1,1,-2,5,7,2
"13","1301",2009,"female","Foreign",3,3,3,0,0,0,0,1,2,1,1
"13","1301",2010,"male","Austrian",2,0,1,1,2,5,3,-4,7,11,0
"13","1301",2010,"male","Foreign",7,6,7,1,1,1,0,2,3,1,0
"13","1301",2010,"female","Austrian",2,2,3,1,0,3,3,0,12,12,0
"13","1301",2010,"female","Foreign",3,3,3,0,0,0,0,0,2,2,0
"13","1301",2011,"male","Austrian",-7,-2,0,2,-5,1,6,9,16,7,1
"13","1301",2011,"male","Foreign",-2,-1,3,4,-1,1,2,4,4,0,0
"13","1301",2011,"female","Austrian",0,-1,0,1,1,3,2,1,8,7,2
"13","1301",2011,"female","Foreign",3,4,6,2,-1,0,1,4,6,2,0
"13","1301",2012,"male","Austrian",-2,0,1,1,-2,2,4,1,14,13,0
"13","1301",2012,"male","Foreign",-2,-1,4,5,-1,0,1,0,2,2,1
"13","1301",2012,"female","Austrian",-9,-3,0,3,-6,0,6,3,9,6,2
"13","1301",2012,"female","Foreign",-5,-4,1,5,-1,0,1,-4,2,6,0
"13","1301",2013,"male","Austrian",-5,-1,1,2,-4,0,4,4,10,6,0
"13","1301",2013,"male","Foreign",1,0,5,5,1,1,0,4,6,2,0
"13","1301",2013,"female","Austrian",3,1,1,0,2,3,1,1,14,13,0
"13","1301",2013,"female","Foreign",3,2,5,3,1,1,0,5,7,2,0
"13","1301",2014,"male","Austrian",-1,0,0,0,-1,4,5,0,7,7,1
"13","1301",2014,"male","Foreign",3,3,5,2,0,0,0,3,6,3,0
"13","1301",2014,"female","Austrian",-3,-1,0,1,-2,4,6,-2,9,11,4
"13","1301",2014,"female","Foreign",3,1,4,3,2,2,0,7,9,2,0
"13","1301",2015,"male","Austrian",0,1,2,1,-1,2,3,1,7,6,1
"13","1301",2015,"male","Foreign",2,2,3,1,0,0,0,3,9,6,0
"13","1301",2015,"female","Austrian",1,-1,0,1,2,3,1,2,5,3,0
"13","1301",2015,"female","Foreign",2,3,4,1,-1,1,2,2,5,3,0
"13","1301",2016,"male","Austrian",1,2,4,2,-1,1,2,-1,5,6,0
"13","1301",2016,"male","Foreign",7,4,6,2,3,3,0,-2,6,8,0
"13","1301",2016,"female","Austrian",-3,-1,0,1,-2,1,3,4,8,4,0
"13","1301",2016,"female","Foreign",9,4,5,1,5,5,0,-4,1,5,0
"13","1301",2017,"male","Austrian",-1,-3,0,3,2,2,0,1,11,10,0
"13","1301",2017,"male","Foreign",3,3,3,0,0,0,0,4,8,4,0
"13","1301",2017,"female","Austrian",4,-1,0,1,5,5,0,6,17,11,0
"13","1301",2017,"female","Foreign",0,0,4,4,0,0,0,1,5,4,0
"13","1301",2018,"male","Austrian",2,0,0,0,2,7,5,-2,7,9,3
"13","1301",2018,"male","Foreign",-1,-1,2,3,0,1,1,-9,5,14,0
"13","1301",2018,"female","Austrian",0,0,0,0,0,6,6,-4,9,13,2
"13","1301",2018,"female","Foreign",-2,-2,4,6,0,0,0,-6,6,12,0
"13","1301",2019,"male","Austrian",0,0,0,0,0,4,4,0,11,11,0
"13","1301",2019,"male","Foreign",0,0,2,2,0,0,0,0,5,5,0
"13","1301",2019,"female","Austrian",-1,0,0,0,-1,2,3,-9,6,15,0
"13","1301",2019,"female","Foreign",4,4,4,0,0,0,0,1,8,7,0
"13","1301",2020,"male","Austrian",0,-1,0,1,1,5,4,2,7,5,0
"13","1301",2020,"male","Foreign",7,1,3,2,6,8,2,0,1,1,0
"13","1301",2020,"female","Austrian",0,1,1,0,-1,3,4,5,8,3,0
"13","1301",2020,"female","Foreign",1,1,3,2,0,1,1,1,2,1,0
"13","1301",2021,"male","Austrian",-2,2,2,0,-4,2,6,6,13,7,0
"13","1301",2021,"male","Foreign",2,2,2,0,0,0,0,4,7,3,3
"13","1301",2021,"female","Austrian",1,1,1,0,0,3,3,2,6,4,1
"13","1301",2021,"female","Foreign",-2,-1,2,3,-1,0,1,7,11,4,1
"13","1301",2022,"male","Austrian",-4,0,0,0,-4,1,5,1,8,7,0
"13","1301",2022,"male","Foreign",6,7,8,1,-1,0,1,-4,1,5,0
"13","1301",2022,"female","Austrian",-2,-2,0,2,0,2,2,0,8,8,0
"13","1301",2022,"female","Foreign",15,15,15,0,0,1,1,-6,5,11,0
"13","1301",2023,"male","Austrian",-3,0,0,0,-3,3,6,-3,6,9,0
"13","1301",2023,"male","Foreign",1,2,8,6,-1,0,1,-2,4,6,0
"13","1301",2023,"female","Austrian",-2,1,1,0,-3,0,3,-4,7,11,0
"13","1301",2023,"female","Foreign",6,2,4,2,4,5,1,-5,11,16,1
"13","1302",2007,"male","Austrian",1,-1,13,14,2,43,41,10,124,114,10
"13","1302",2007,"male","Foreign",17,18,51,33,-1,3,4,12,50,38,2
"13","1302",2007,"female","Austrian",17,2,13,11,15,47,32,10,132,122,16
"13","1302",2007,"female","Foreign",33,30,62,32,3,7,4,12,49,37,2
"13","1302",2008,"male","Austrian",-8,-14,5,19,6,42,36,2,107,105,23
"13","1302",2008,"male","Foreign",-2,3,43,40,-5,4,9,-2,46,48,3
"13","1302",2008,"female","Austrian",-3,-1,12,13,-2,40,42,-11,119,130,16
"13","1302",2008,"female","Foreign",16,17,48,31,-1,9,10,-19,33,52,9
"13","1302",2009,"male","Austrian",8,6,16,10,2,43,41,-6,93,99,18
"13","1302",2009,"male","Foreign",5,10,47,37,-5,6,11,-7,41,48,3
"13","1302",2009,"female","Austrian",16,-8,8,16,24,62,38,-1,123,124,20
"13","1302",2009,"female","Foreign",22,24,67,43,-2,5,7,5,58,53,4
"13","1302",2010,"male","Austrian",-8,-13,9,22,5,38,33,-4,112,116,20
"13","1302",2010,"male","Foreign",27,26,62,36,1,10,9,-6,32,38,3
"13","1302",2010,"female","Austrian",-13,-9,11,20,-4,40,44,-35,108,143,25
"13","1302",2010,"female","Foreign",20,15,65,50,5,8,3,-12,47,59,6
"13","1302",2011,"male","Austrian",6,7,24,17,-1,43,44,18,120,102,17
"13","1302",2011,"male","Foreign",6,5,54,49,1,8,7,-19,41,60,4
"13","1302",2011,"female","Austrian",-16,1,11,10,-17,35,52,-21,106,127,23
"13","1302",2011,"female","Foreign",17,6,60,54,11,15,4,7,61,54,6
"13","1302",2012,"male","Austrian",0,1,16,15,-1,42,43,3,125,122,13
"13","1302",2012,"male","Foreign",3,1,36,35,2,7,5,-6,44,50,1
"13","1302",2012,"female","Austrian",5,1,5,4,4,49,45,-14,127,141,24
"13","1302",2012,"female","Foreign",20,10,46,36,10,15,5,-28,39,67,3
"13","1302",2013,"male","Austrian",-12,-15,11,26,3,39,36,-2,114,116,14
"13","1302",2013,"male","Foreign",25,27,65,38,-2,4,6,10,34,24,2
"13","1302",2013,"female","Austrian",-4,3,9,6,-7,44,51,23,135,112,16
"13","1302",2013,"female","Foreign",56,56,86,30,0,7,7,-1,46,47,2
"13","1302",2014,"male","Austrian",-1,-2,20,22,1,40,39,19,133,114,12
"13","1302",2014,"male","Foreign",21,21,65,44,0,10,10,-2,48,50,3
"13","1302",2014,"female","Austrian",17,-4,9,13,21,57,36,-37,119,156,16
"13","1302",2014,"female","Foreign",25,22,71,49,3,12,9,5,65,60,3
"13","1302",2015,"male","Austrian",11,8,17,9,3,48,45,4,121,117,19
"13","1302",2015,"male","Foreign",32,29,67,38,3,6,3,17,68,51,18
"13","1302",2015,"female","Austrian",-6,3,10,7,-9,41,50,-1,125,126,13
"13","1302",2015,"female","Foreign",30,31,72,41,-1,4,5,-1,55,56,14
"13","1302",2016,"male","Austrian",21,7,19,12,14,54,40,-30,108,138,9
"13","1302",2016,"male","Foreign",28,22,68,46,6,14,8,20,100,80,5
"13","1302",2016,"female","Austrian",3,1,10,9,2,46,44,-33,104,137,20
"13","1302",2016,"female","Foreign",28,19,78,59,9,16,7,-8,65,73,5
"13","1302",2017,"male","Austrian",-1,-2,16,18,1,33,32,-17,102,119,11
"13","1302",2017,"male","Foreign",21,21,63,42,0,9,9,-5,81,86,3
"13","1302",2017,"female","Austrian",5,2,15,13,3,31,28,-13,122,135,16
"13","1302",2017,"female","Foreign",7,7,57,50,0,11,11,0,69,69,7
"13","1302",2018,"male","Austrian",-24,-11,7,18,-13,38,51,-11,133,144,21
"13","1302",2018,"male","Foreign",8,17,50,33,-9,4,13,3,89,86,8
"13","1302",2018,"female","Austrian",-11,-3,8,11,-8,32,40,-4,124,128,23
"13","1302",2018,"female","Foreign",18,19,57,38,-1,9,10,3,89,86,9
"13","1302",2019,"male","Austrian",-15,-1,16,17,-14,25,39,4,124,120,14
"13","1302",2019,"male","Foreign",7,12,55,43,-5,8,13,-19,63,82,11
"13","1302",2019,"female","Austrian",5,7,13,6,-2,34,36,-24,150,174,9
"13","1302",2019,"female","Foreign",41,32,70,38,9,15,6,-13,61,74,15
"13","1302",2020,"male","Austrian",-21,0,16,16,-21,18,39,18,127,109,25
"13","1302",2020,"male","Foreign",25,16,44,28,9,14,5,-10,63,73,5
"13","1302",2020,"female","Austrian",-23,2,10,8,-25,19,44,12,140,128,26
"13","1302",2020,"female","Foreign",18,10,42,32,8,17,9,20,89,69,16
"13","1302",2021,"male","Austrian",-13,-5,10,15,-8,35,43,8,114,106,26
"13","1302",2021,"male","Foreign",8,5,44,39,3,17,14,3,82,79,9
"13","1302",2021,"female","Austrian",-29,-7,10,17,-22,35,57,12,114,102,20
"13","1302",2021,"female","Foreign",29,24,60,36,5,19,14,10,79,69,10
"13","1302",2022,"male","Austrian",2,-7,10,17,9,54,45,7,129,122,15
"13","1302",2022,"male","Foreign",92,85,114,29,7,31,24,-6,100,106,11
"13","1302",2022,"female","Austrian",-15,-2,14,16,-13,41,54,37,154,117,22
"13","1302",2022,"female","Foreign",122,135,177,42,-13,13,26,-34,84,118,16
"13","1302",2023,"male","Austrian",-24,-8,9,17,-16,28,44,-14,115,129,19
"13","1302",2023,"male","Foreign",15,7,61,54,8,20,12,-2,86,88,9
"13","1302",2023,"female","Austrian",-18,3,10,7,-21,27,48,-30,112,142,16
"13","1302",2023,"female","Foreign",-3,0,63,63,-3,18,21,-7,92,99,14
"13","1303",2007,"male","Austrian",10,-12,19,31,22,83,61,-17,175,192,19
"13","1303",2007,"male","Foreign",36,36,86,50,0,11,11,2,71,69,10
"13","1303",2007,"female","Austrian",-17,-17,5,22,0,82,82,-2,209,211,39
"13","1303",2007,"female","Foreign",24,23,78,55,1,7,6,4,72,68,12
"13","1303",2008,"male","Austrian",-20,-8,15,23,-12,68,80,5,183,178,15
"13","1303",2008,"male","Foreign",24,25,80,55,-1,9,10,6,90,84,7
"13","1303",2008,"female","Austrian",-15,-17,4,21,2,88,86,-24,200,224,21
"13","1303",2008,"female","Foreign",21,26,76,50,-5,6,11,3,79,76,12
"13","1303",2009,"male","Austrian",-20,-23,10,33,3,70,67,8,200,192,26
"13","1303",2009,"male","Foreign",18,14,61,47,4,16,12,6,82,76,9
"13","1303",2009,"female","Austrian",6,-11,7,18,17,90,73,-21,188,209,33
"13","1303",2009,"female","Foreign",11,11,72,61,0,12,12,15,93,78,9
"13","1303",2010,"male","Austrian",28,-7,13,20,35,103,68,3,186,183,33
"13","1303",2010,"male","Foreign",29,26,85,59,3,16,13,4,98,94,6
"13","1303",2010,"female","Austrian",35,-3,10,13,38,120,82,-25,212,237,29
"13","1303",2010,"female","Foreign",55,49,113,64,6,20,14,-13,79,92,8
"13","1303",2011,"male","Austrian",-9,-9,9,18,0,73,73,-25,170,195,15
"13","1303",2011,"male","Foreign",6,11,91,80,-5,12,17,-12,78,90,10
"13","1303",2011,"female","Austrian",9,-5,9,14,14,94,80,-14,192,206,29
"13","1303",2011,"female","Foreign",57,49,112,63,8,21,13,-17,84,101,18
"13","1303",2012,"male","Austrian",4,-4,16,20,8,93,85,-11,202,213,23
"13","1303",2012,"male","Foreign",23,28,104,76,-5,8,13,29,113,84,7
"13","1303",2012,"female","Austrian",13,1,9,8,12,103,91,-61,170,231,29
"13","1303",2012,"female","Foreign",44,44,122,78,0,16,16,33,118,85,9
"13","1303",2013,"male","Austrian",-5,10,19,9,-15,63,78,-12,188,200,29
"13","1303",2013,"male","Foreign",69,73,131,58,-4,15,19,25,139,114,13
"13","1303",2013,"female","Austrian",28,4,17,13,24,100,76,-24,181,205,20
"13","1303",2013,"female","Foreign",79,79,144,65,0,21,21,12,139,127,21
"13","1303",2014,"male","Austrian",-17,-4,13,17,-13,67,80,-15,182,197,36
"13","1303",2014,"male","Foreign",89,75,151,76,14,22,8,19,119,100,27
"13","1303",2014,"female","Austrian",-5,-1,9,10,-4,92,96,-53,172,225,45
"13","1303",2014,"female","Foreign",103,92,166,74,11,27,16,53,157,104,26
"13","1303",2015,"male","Austrian",36,6,22,16,30,88,58,-10,186,196,29
"13","1303",2015,"male","Foreign",70,67,132,65,3,24,21,24,156,132,11
"13","1303",2015,"female","Austrian",3,-6,14,20,9,85,76,-35,193,228,35
"13","1303",2015,"female","Foreign",80,73,147,74,7,24,17,12,158,146,16
"13","1303",2016,"male","Austrian",-25,-1,14,15,-24,63,87,-8,181,189,18
"13","1303",2016,"male","Foreign",30,24,123,99,6,31,25,100,241,141,18
"13","1303",2016,"female","Austrian",-17,3,14,11,-20,81,101,-32,183,215,23
"13","1303",2016,"female","Foreign",60,67,149,82,-7,22,29,28,203,175,16
"13","1303",2017,"male","Austrian",-5,-9,20,29,4,72,68,-12,202,214,24
"13","1303",2017,"male","Foreign",38,43,135,92,-5,36,41,40,225,185,19
"13","1303",2017,"female","Austrian",-6,-2,16,18,-4,76,80,-39,194,233,14
"13","1303",2017,"female","Foreign",56,49,130,81,7,34,27,25,206,181,17
"13","1303",2018,"male","Austrian",-7,-9,9,18,2,83,81,-42,159,201,23
"13","1303",2018,"male","Foreign",29,27,118,91,2,35,33,32,232,200,29
"13","1303",2018,"female","Austrian",-9,-7,6,13,-2,72,74,-31,182,213,18
"13","1303",2018,"female","Foreign",4,12,120,108,-8,18,26,-7,194,201,26
"13","1303",2019,"male","Austrian",6,3,11,8,3,78,75,-3,202,205,28
"13","1303",2019,"male","Foreign",46,50,136,86,-4,29,33,35,277,242,28
"13","1303",2019,"female","Austrian",-21,0,9,9,-21,57,78,-22,159,181,23
"13","1303",2019,"female","Foreign",44,42,131,89,2,37,35,18,225,207,36
"13","1303",2020,"male","Austrian",-31,-3,18,21,-28,63,91,-72,139,211,26
"13","1303",2020,"male","Foreign",44,42,106,64,2,37,35,15,232,217,33
"13","1303",2020,"female","Austrian",-34,0,13,13,-34,61,95,-67,159,226,25
"13","1303",2020,"female","Foreign",2,15,93,78,-13,22,35,-21,167,188,26
"13","1303",2021,"male","Austrian",-11,1,18,17,-12,64,76,1,189,188,20
"13","1303",2021,"male","Foreign",28,34,115,81,-6,29,35,-2,239,241,38
"13","1303",2021,"female","Austrian",-26,-5,10,15,-21,71,92,-11,191,202,35
"13","1303",2021,"female","Foreign",44,51,121,70,-7,29,36,-13,187,200,22
"13","1303",2022,"male","Austrian",-8,-8,14,22,0,89,89,31,205,174,31
"13","1303",2022,"male","Foreign",128,123,198,75,5,46,41,28,280,252,43
"13","1303",2022,"female","Austrian",-29,-12,10,22,-17,75,92,14,216,202,30
"13","1303",2022,"female","Foreign",135,138,224,86,-3,44,47,48,247,199,44
"13","1303",2023,"male","Austrian",-15,-7,15,22,-8,75,83,-16,175,191,18
"13","1303",2023,"male","Foreign",71,73,167,94,-2,47,49,91,348,257,34
"13","1303",2023,"female","Austrian",-59,-9,8,17,-50,43,93,-27,163,190,29
"13","1303",2023,"female","Foreign",78,76,171,95,2,39,37,32,244,212,38
"13","1304",2007,"male","Austrian",-5,0,17,17,-5,51,56,33,187,154,31
"13","1304",2007,"male","Foreign",12,19,49,30,-7,9,16,-21,37,58,5
"13","1304",2007,"female","Austrian",-28,-11,7,18,-17,59,76,44,222,178,41
"13","1304",2007,"female","Foreign",23,18,51,33,5,17,12,-9,52,61,5
"13","1304",2008,"male","Austrian",-24,-10,12,22,-14,61,75,28,225,197,53
"13","1304",2008,"male","Foreign",-1,11,51,40,-12,11,23,24,68,44,21
"13","1304",2008,"female","Austrian",-35,-9,6,15,-26,62,88,53,235,182,50
"13","1304",2008,"female","Foreign",21,35,70,35,-14,12,26,22,70,48,18
"13","1304",2009,"male","Austrian",-8,4,20,16,-12,69,81,40,193,153,31
"13","1304",2009,"male","Foreign",7,8,51,43,-1,5,6,12,64,52,6
"13","1304",2009,"female","Austrian",-17,0,13,13,-17,67,84,43,223,180,44
"13","1304",2009,"female","Foreign",-4,1,49,48,-5,8,13,19,75,56,7
"13","1304",2010,"male","Austrian",-4,-5,16,21,1,68,67,35,199,164,43
"13","1304",2010,"male","Foreign",9,12,58,46,-3,5,8,-8,45,53,2
"13","1304",2010,"female","Austrian",-5,-8,10,18,3,68,65,56,230,174,56
"13","1304",2010,"female","Foreign",25,19,70,51,6,12,6,19,82,63,2
"13","1304",2011,"male","Austrian",-28,-3,14,17,-25,58,83,2,172,170,32
"13","1304",2011,"male","Foreign",21,18,56,38,3,13,10,3,60,57,2
"13","1304",2011,"female","Austrian",-20,-10,5,15,-10,68,78,30,216,186,47
"13","1304",2011,"female","Foreign",33,33,67,34,0,12,12,8,78,70,4
"13","1304",2012,"male","Austrian",-8,6,24,18,-14,57,71,11,205,194,26
"13","1304",2012,"male","Foreign",18,14,60,46,4,10,6,14,73,59,7
"13","1304",2012,"female","Austrian",-28,0,16,16,-28,62,90,-1,218,219,32
"13","1304",2012,"female","Foreign",21,14,62,48,7,17,10,5,94,89,8
"13","1304",2013,"male","Austrian",-17,-2,14,16,-15,59,74,25,198,173,43
"13","1304",2013,"male","Foreign",55,37,85,48,18,29,11,28,100,72,8
"13","1304",2013,"female","Austrian",-20,-6,10,16,-14,73,87,29,226,197,43
"13","1304",2013,"female","Foreign",62,65,102,37,-3,7,10,17,108,91,11
"13","1304",2014,"male","Austrian",-18,0,14,14,-18,56,74,-2,174,176,32
"13","1304",2014,"male","Foreign",51,49,102,53,2,16,14,28,101,73,10
"13","1304",2014,"female","Austrian",-49,-9,12,21,-40,51,91,36,240,204,31
"13","1304",2014,"female","Foreign",31,29,84,55,2,19,17,35,123,88,12
"13","1304",2015,"male","Austrian",-12,-3,12,15,-9,58,67,8,192,184,32
"13","1304",2015,"male","Foreign",32,28,110,82,4,17,13,17,113,96,14
"13","1304",2015,"female","Austrian",-21,-4,12,16,-17,55,72,-18,226,244,32
"13","1304",2015,"female","Foreign",49,48,97,49,1,18,17,7,115,108,13
"13","1304",2016,"male","Austrian",-7,-2,13,15,-5,64,69,45,227,182,30
"13","1304",2016,"male","Foreign",39,40,90,50,-1,15,16,44,161,117,12
"13","1304",2016,"female","Austrian",-27,-3,11,14,-24,50,74,62,249,187,33
"13","1304",2016,"female","Foreign",26,23,89,66,3,17,14,30,132,102,8
"13","1304",2017,"male","Austrian",-26,0,15,15,-26,45,71,7,189,182,40
"13","1304",2017,"male","Foreign",41,37,86,49,4,22,18,22,134,112,17
"13","1304",2017,"female","Austrian",-10,6,24,18,-16,57,73,30,212,182,49
"13","1304",2017,"female","Foreign",26,18,81,63,8,26,18,58,154,96,9
"13","1304",2018,"male","Austrian",-27,-2,11,13,-25,44,69,12,217,205,43
"13","1304",2018,"male","Foreign",2,0,67,67,2,30,28,17,150,133,11
"13","1304",2018,"female","Austrian",-48,-1,9,10,-47,42,89,64,248,184,48
"13","1304",2018,"female","Foreign",33,31,85,54,2,26,24,-13,134,147,8
"13","1304",2019,"male","Austrian",-3,4,19,15,-7,60,67,39,217,178,36
"13","1304",2019,"male","Foreign",-4,3,67,64,-7,13,20,9,145,136,13
"13","1304",2019,"female","Austrian",-29,-9,13,22,-20,59,79,80,253,173,43
"13","1304",2019,"female","Foreign",28,36,84,48,-8,24,32,23,154,131,16
"13","1304",2020,"male","Austrian",-28,-3,16,19,-25,46,71,-6,169,175,43
"13","1304",2020,"male","Foreign",9,18,65,47,-9,20,29,-3,131,134,10
"13","1304",2020,"female","Austrian",-33,5,14,9,-38,47,85,0,177,177,72
"13","1304",2020,"female","Foreign",1,14,63,49,-13,15,28,18,138,120,14
"13","1304",2021,"male","Austrian",-20,0,16,16,-20,54,74,-46,157,203,25
"13","1304",2021,"male","Foreign",6,14,63,49,-8,17,25,13,123,110,19
"13","1304",2021,"female","Austrian",-51,-7,8,15,-44,41,85,-61,175,236,36
"13","1304",2021,"female","Foreign",5,10,63,53,-5,16,21,18,130,112,20
"13","1304",2022,"male","Austrian",8,-3,17,20,11,69,58,-6,187,193,37
"13","1304",2022,"male","Foreign",98,80,137,57,18,45,27,-1,152,153,22
"13","1304",2022,"female","Austrian",9,-4,8,12,13,73,60,30,230,200,54
"13","1304",2022,"female","Foreign",143,123,185,62,20,48,28,59,199,140,36
"13","1304",2023,"male","Austrian",-46,-9,6,15,-37,37,74,10,179,169,42
"13","1304",2023,"male","Foreign",35,38,106,68,-3,29,32,-17,161,178,18
"13","1304",2023,"female","Austrian",-22,-5,9,14,-17,56,73,17,194,177,30
"13","1304",2023,"female","Foreign",63,84,142,58,-21,19,40,-33,140,173,26
"13","1305",2007,"male","Austrian",1,-2,8,10,3,21,18,-12,72,84,7
"13","1305",2007,"male","Foreign",3,5,20,15,-2,1,3,3,16,13,3
"13","1305",2007,"female","Austrian",-5,3,9,6,-8,19,27,11,102,91,6
"13","1305",2007,"female","Foreign",19,17,26,9,2,4,2,-6,17,23,5
"13","1305",2008,"male","Austrian",-13,-2,3,5,-11,16,27,5,83,78,9
"13","1305",2008,"male","Foreign",1,4,18,14,-3,1,4,5,29,24,0
"13","1305",2008,"female","Austrian",-15,-6,2,8,-9,23,32,30,115,85,10
"13","1305",2008,"female","Foreign",15,14,23,9,1,8,7,2,24,22,0
"13","1305",2009,"male","Austrian",7,2,11,9,5,28,23,30,89,59,14
"13","1305",2009,"male","Foreign",0,-1,17,18,1,3,2,1,15,14,0
"13","1305",2009,"female","Austrian",-4,0,6,6,-4,23,27,4,93,89,7
"13","1305",2009,"female","Foreign",14,15,25,10,-1,7,8,-10,18,28,0
"13","1305",2010,"male","Austrian",-15,0,7,7,-15,15,30,-8,73,81,9
"13","1305",2010,"male","Foreign",-2,3,21,18,-5,1,6,4,23,19,3
"13","1305",2010,"female","Austrian",-16,-1,10,11,-15,16,31,-3,82,85,11
"13","1305",2010,"female","Foreign",-2,1,19,18,-3,2,5,17,37,20,3
"13","1305",2011,"male","Austrian",-14,-7,3,10,-7,17,24,34,95,61,12
"13","1305",2011,"male","Foreign",1,1,29,28,0,4,4,11,33,22,1
"13","1305",2011,"female","Austrian",-5,-7,2,9,2,21,19,23,104,81,16
"13","1305",2011,"female","Foreign",1,2,28,26,-1,3,4,15,38,23,3
"13","1305",2012,"male","Austrian",-4,-2,5,7,-2,19,21,12,83,71,8
"13","1305",2012,"male","Foreign",6,8,27,19,-2,2,4,-5,18,23,2
"13","1305",2012,"female","Austrian",3,3,6,3,0,23,23,17,104,87,13
"13","1305",2012,"female","Foreign",9,6,31,25,3,5,2,1,27,26,4
"13","1305",2013,"male","Austrian",-2,5,8,3,-7,17,24,40,112,72,9
"13","1305",2013,"male","Foreign",-1,-1,22,23,0,3,3,-2,25,27,3
"13","1305",2013,"female","Austrian",6,-4,2,6,10,29,19,40,116,76,13
"13","1305",2013,"female","Foreign",0,1,26,25,-1,5,6,-2,35,37,3
"13","1305",2014,"male","Austrian",8,7,12,5,1,19,18,19,91,72,12
"13","1305",2014,"male","Foreign",21,25,40,15,-4,4,8,22,41,19,1
"13","1305",2014,"female","Austrian",2,4,5,1,-2,19,21,26,116,90,18
"13","1305",2014,"female","Foreign",27,27,38,11,0,7,7,49,73,24,0
"13","1305",2015,"male","Austrian",-7,1,6,5,-8,18,26,31,90,59,2
"13","1305",2015,"male","Foreign",22,19,35,16,3,12,9,7,39,32,5
"13","1305",2015,"female","Austrian",-20,-2,6,8,-18,11,29,50,128,78,6
"13","1305",2015,"female","Foreign",15,11,28,17,4,10,6,13,44,31,6
"13","1305",2016,"male","Austrian",-9,-3,2,5,-6,19,25,5,93,88,8
"13","1305",2016,"male","Foreign",12,18,29,11,-6,8,14,19,57,38,1
"13","1305",2016,"female","Austrian",-13,-1,4,5,-12,23,35,17,101,84,16
"13","1305",2016,"female","Foreign",10,14,32,18,-4,4,8,5,52,47,0
"13","1305",2017,"male","Austrian",-9,2,7,5,-11,13,24,4,91,87,14
"13","1305",2017,"male","Foreign",19,10,28,18,9,15,6,4,46,42,2
"13","1305",2017,"female","Austrian",-21,-4,5,9,-17,14,31,20,99,79,13
"13","1305",2017,"female","Foreign",12,10,25,15,2,9,7,-15,30,45,2
"13","1305",2018,"male","Austrian",-12,0,5,5,-12,18,30,22,104,82,6
"13","1305",2018,"male","Foreign",17,13,24,11,4,12,8,33,68,35,6
"13","1305",2018,"female","Austrian",-10,0,5,5,-10,22,32,24,116,92,10
"13","1305",2018,"female","Foreign",22,20,30,10,2,9,7,42,66,24,7
"13","1305",2019,"male","Austrian",7,5,6,1,2,26,24,15,92,77,10
"13","1305",2019,"male","Foreign",-3,-4,23,27,1,8,7,-4,49,53,2
"13","1305",2019,"female","Austrian",-14,-1,3,4,-13,14,27,6,93,87,11
"13","1305",2019,"female","Foreign",6,11,24,13,-5,5,10,8,47,39,3
"13","1305",2020,"male","Austrian",-13,-2,5,7,-11,23,34,4,97,93,21
"13","1305",2020,"male","Foreign",-11,-11,17,28,0,6,6,38,67,29,5
"13","1305",2020,"female","Austrian",3,-1,6,7,4,42,38,41,120,79,62
"13","1305",2020,"female","Foreign",-3,1,12,11,-4,2,6,28,69,41,7
"13","1305",2021,"male","Austrian",-21,1,7,6,-22,11,33,47,117,70,8
"13","1305",2021,"male","Foreign",8,4,15,11,4,8,4,-18,26,44,4
"13","1305",2021,"female","Austrian",-15,2,7,5,-17,16,33,69,137,68,15
"13","1305",2021,"female","Foreign",2,-3,15,18,5,10,5,-2,36,38,8
"13","1305",2022,"male","Austrian",-16,1,5,4,-17,22,39,41,121,80,12
"13","1305",2022,"male","Foreign",24,26,46,20,-2,6,8,12,56,44,7
"13","1305",2022,"female","Austrian",-12,-7,3,10,-5,25,30,57,144,87,16
"13","1305",2022,"female","Foreign",67,67,90,23,0,16,16,-15,56,71,8
"13","1305",2023,"male","Austrian",-9,0,8,8,-9,21,30,5,105,100,15
"13","1305",2023,"male","Foreign",3,9,30,21,-6,9,15,20,57,37,7
"13","1305",2023,"female","Austrian",-18,4,8,4,-22,14,36,-5,113,118,14
"13","1305",2023,"female","Foreign",22,17,33,16,5,16,11,1,50,49,12
"13","1306",2007,"male","Austrian",-3,-2,1,3,-1,14,15,0,55,55,4
"13","1306",2007,"male","Foreign",6,6,14,8,0,0,0,0,11,11,0
"13","1306",2007,"female","Austrian",-2,0,1,1,-2,14,16,-20,54,74,5
"13","1306",2007,"female","Foreign",11,10,15,5,1,2,1,7,19,12,0
"13","1306",2008,"male","Austrian",-3,-2,3,5,-1,14,15,-10,44,54,7
"13","1306",2008,"male","Foreign",2,2,11,9,0,0,0,7,13,6,0
"13","1306",2008,"female","Austrian",-15,-8,2,10,-7,13,20,-16,48,64,8
"13","1306",2008,"female","Foreign",10,9,14,5,1,3,2,4,19,15,0
"13","1306",2009,"male","Austrian",5,-4,2,6,9,22,13,4,59,55,4
"13","1306",2009,"male","Foreign",-4,-1,13,14,-3,0,3,4,20,16,0
"13","1306",2009,"female","Austrian",11,-2,2,4,13,29,16,-7,50,57,3
"13","1306",2009,"female","Foreign",5,6,17,11,-1,2,3,-3,15,18,1
"13","1306",2010,"male","Austrian",-11,-6,6,12,-5,19,24,9,62,53,4
"13","1306",2010,"male","Foreign",11,14,25,11,-3,2,5,3,24,21,1
"13","1306",2010,"female","Austrian",3,-2,4,6,5,26,21,18,76,58,4
"13","1306",2010,"female","Foreign",14,17,29,12,-3,2,5,-3,18,21,0
"13","1306",2011,"male","Austrian",7,-2,2,4,9,23,14,-1,41,42,0
"13","1306",2011,"male","Foreign",3,2,13,11,1,3,2,5,21,16,0
"13","1306",2011,"female","Austrian",-2,-5,3,8,3,24,21,-6,52,58,3
"13","1306",2011,"female","Foreign",10,8,18,10,2,5,3,6,23,17,1
"13","1306",2012,"male","Austrian",9,2,4,2,7,23,16,-4,47,51,5
"13","1306",2012,"male","Foreign",2,3,15,12,-1,0,1,5,24,19,2
"13","1306",2012,"female","Austrian",2,1,3,2,1,24,23,3,57,54,8
"13","1306",2012,"female","Foreign",9,8,20,12,1,4,3,0,20,20,3
"13","1306",2013,"male","Austrian",-1,2,6,4,-3,14,17,-10,44,54,5
"13","1306",2013,"male","Foreign",5,8,15,7,-3,2,5,-10,17,27,1
"13","1306",2013,"female","Austrian",-12,-1,4,5,-11,11,22,-3,54,57,2
"13","1306",2013,"female","Foreign",0,1,11,10,-1,4,5,-12,11,23,0
"13","1306",2014,"male","Austrian",-3,2,6,4,-5,11,16,-3,61,64,0
"13","1306",2014,"male","Foreign",4,3,23,20,1,10,9,3,36,33,2
"13","1306",2014,"female","Austrian",-2,3,7,4,-5,10,15,-1,57,58,1
"13","1306",2014,"female","Foreign",3,8,24,16,-5,5,10,-3,27,30,1
"13","1306",2015,"male","Austrian",-2,-1,4,5,-1,14,15,-11,39,50,1
"13","1306",2015,"male","Foreign",10,8,24,16,2,7,5,-4,32,36,0
"13","1306",2015,"female","Austrian",0,0,1,1,0,23,23,-5,53,58,1
"13","1306",2015,"female","Foreign",20,20,27,7,0,5,5,17,45,28,3
"13","1306",2016,"male","Austrian",-1,4,5,1,-5,11,16,-9,54,63,6
"13","1306",2016,"male","Foreign",31,20,29,9,11,16,5,-1,43,44,1
"13","1306",2016,"female","Austrian",-3,-4,0,4,1,14,13,-3,51,54,7
"13","1306",2016,"female","Foreign",24,22,37,15,2,5,3,16,36,20,1
"13","1306",2017,"male","Austrian",-6,1,6,5,-7,16,23,12,62,50,4
"13","1306",2017,"male","Foreign",13,15,31,16,-2,3,5,15,41,26,8
"13","1306",2017,"female","Austrian",-7,-3,2,5,-4,12,16,16,69,53,10
"13","1306",2017,"female","Foreign",10,11,30,19,-1,3,4,12,40,28,7
"13","1306",2018,"male","Austrian",-9,-5,2,7,-4,6,10,13,54,41,6
"13","1306",2018,"male","Foreign",-3,0,19,19,-3,5,8,-1,34,35,3
"13","1306",2018,"female","Austrian",-6,-5,0,5,-1,12,13,-2,45,47,4
"13","1306",2018,"female","Foreign",7,15,32,17,-8,3,11,-8,28,36,2
"13","1306",2019,"male","Austrian",-15,4,6,2,-19,9,28,-9,55,64,5
"13","1306",2019,"male","Foreign",17,16,31,15,1,8,7,-3,47,50,1
"13","1306",2019,"female","Austrian",-11,1,5,4,-12,14,26,-10,47,57,0
"13","1306",2019,"female","Foreign",-1,3,21,18,-4,7,11,5,29,24,0
"13","1306",2020,"male","Austrian",-9,0,1,1,-9,3,12,9,63,54,0
"13","1306",2020,"male","Foreign",12,10,27,17,2,6,4,-5,30,35,4
"13","1306",2020,"female","Austrian",-9,-2,1,3,-7,10,17,22,89,67,3
"13","1306",2020,"female","Foreign",21,13,22,9,8,11,3,3,31,28,2
"13","1306",2021,"male","Austrian",0,-1,2,3,1,13,12,28,75,47,5
"13","1306",2021,"male","Foreign",-1,0,24,24,-1,4,5,13,52,39,2
"13","1306",2021,"female","Austrian",-3,2,2,0,-5,22,27,36,71,35,8
"13","1306",2021,"female","Foreign",-6,-6,28,34,0,6,6,7,46,39,5
"13","1306",2022,"male","Austrian",4,1,5,4,3,16,13,21,74,53,8
"13","1306",2022,"male","Foreign",25,23,37,14,2,10,8,5,41,36,5
"13","1306",2022,"female","Austrian",-3,-3,3,6,0,23,23,18,68,50,6
"13","1306",2022,"female","Foreign",41,42,53,11,-1,4,5,18,63,45,11
"13","1306",2023,"male","Austrian",-10,-3,0,3,-7,12,19,-7,43,50,3
"13","1306",2023,"male","Foreign",11,13,39,26,-2,4,6,4,43,39,1
"13","1306",2023,"female","Austrian",-1,-4,1,5,3,17,14,-21,34,55,1
"13","1306",2023,"female","Foreign",-1,2,35,33,-3,3,6,-6,50,56,15
"13","1307",2007,"male","Austrian",-10,-6,5,11,-4,13,17,26,74,48,7
"13","1307",2007,"male","Foreign",7,8,15,7,-1,3,4,5,20,15,0
"13","1307",2007,"female","Austrian",-6,-4,1,5,-2,13,15,27,78,51,3
"13","1307",2007,"female","Foreign",17,18,23,5,-1,3,4,5,24,19,0
"13","1307",2008,"male","Austrian",3,0,7,7,3,25,22,19,66,47,6
"13","1307",2008,"male","Foreign",7,6,13,7,1,3,2,10,30,20,5
"13","1307",2008,"female","Austrian",-15,-6,3,9,-9,15,24,18,78,60,8
"13","1307",2008,"female","Foreign",1,1,12,11,0,4,4,12,32,20,3
"13","1307",2009,"male","Austrian",5,6,13,7,-1,21,22,12,82,70,8
"13","1307",2009,"male","Foreign",4,0,10,10,4,4,0,23,41,18,0
"13","1307",2009,"female","Austrian",4,7,8,1,-3,16,19,11,82,71,10
"13","1307",2009,"female","Foreign",3,0,13,13,3,4,1,15,31,16,2
"13","1307",2010,"male","Austrian",-14,-4,8,12,-10,14,24,-17,52,69,6
"13","1307",2010,"male","Foreign",-2,1,13,12,-3,3,6,10,30,20,0
"13","1307",2010,"female","Austrian",-15,-2,9,11,-13,14,27,-8,58,66,5
"13","1307",2010,"female","Foreign",9,11,16,5,-2,1,3,15,30,15,0
"13","1307",2011,"male","Austrian",-11,-2,8,10,-9,16,25,-8,73,81,6
"13","1307",2011,"male","Foreign",11,5,14,9,6,8,2,12,26,14,3
"13","1307",2011,"female","Austrian",-6,-1,2,3,-5,11,16,5,70,65,10
"13","1307",2011,"female","Foreign",9,4,17,13,5,7,2,15,38,23,0
"13","1307",2012,"male","Austrian",-10,-6,3,9,-4,13,17,12,70,58,2
"13","1307",2012,"male","Foreign",-8,-6,14,20,-2,4,6,17,36,19,1
"13","1307",2012,"female","Austrian",-13,-5,1,6,-8,10,18,7,73,66,3
"13","1307",2012,"female","Foreign",13,7,12,5,6,9,3,3,37,34,0
"13","1307",2013,"male","Austrian",-10,-6,5,11,-4,14,18,8,67,59,4
"13","1307",2013,"male","Foreign",8,9,16,7,-1,3,4,11,28,17,1
"13","1307",2013,"female","Austrian",-14,-5,1,6,-9,17,26,-1,54,55,7
"13","1307",2013,"female","Foreign",11,11,19,8,0,3,3,13,33,20,0
"13","1307",2014,"male","Austrian",-9,-2,5,7,-7,16,23,-2,69,71,4
"13","1307",2014,"male","Foreign",7,7,15,8,0,1,1,29,56,27,0
"13","1307",2014,"female","Austrian",-4,-2,2,4,-2,17,19,-5,65,70,9
"13","1307",2014,"female","Foreign",16,17,30,13,-1,2,3,18,47,29,0
"13","1307",2015,"male","Austrian",-7,4,7,3,-11,24,35,13,74,61,4
"13","1307",2015,"male","Foreign",10,8,21,13,2,5,3,5,34,29,2
"13","1307",2015,"female","Austrian",-11,0,3,3,-11,17,28,-1,60,61,7
"13","1307",2015,"female","Foreign",6,5,20,15,1,6,5,3,41,38,3
"13","1307",2016,"male","Austrian",-2,1,3,2,-3,17,20,-5,65,70,6
"13","1307",2016,"male","Foreign",18,13,23,10,5,10,5,8,46,38,3
"13","1307",2016,"female","Austrian",-15,-1,2,3,-14,10,24,-14,64,78,4
"13","1307",2016,"female","Foreign",5,9,25,16,-4,3,7,14,40,26,0
"13","1307",2017,"male","Austrian",-10,1,5,4,-11,20,31,6,77,71,9
"13","1307",2017,"male","Foreign",12,11,26,15,1,4,3,-18,35,53,0
"13","1307",2017,"female","Austrian",-11,-4,1,5,-7,14,21,-16,60,76,6
"13","1307",2017,"female","Foreign",9,11,26,15,-2,8,10,4,44,40,0
"13","1307",2018,"male","Austrian",-6,-1,4,5,-5,10,15,0,73,73,4
"13","1307",2018,"male","Foreign",7,5,19,14,2,7,5,36,65,29,3
"13","1307",2018,"female","Austrian",-2,1,6,5,-3,15,18,14,80,66,3
"13","1307",2018,"female","Foreign",12,3,20,17,9,14,5,35,73,38,3
"13","1307",2019,"male","Austrian",-2,-2,6,8,0,19,19,-6,60,66,1
"13","1307",2019,"male","Foreign",8,8,21,13,0,2,2,27,73,46,0
"13","1307",2019,"female","Austrian",5,1,6,5,4,20,16,-16,55,71,1
"13","1307",2019,"female","Foreign",-1,6,24,18,-7,2,9,26,70,44,3
"13","1307",2020,"male","Austrian",-12,0,3,3,-12,11,23,1,69,68,4
"13","1307",2020,"male","Foreign",6,2,17,15,4,8,4,43,73,30,2
"13","1307",2020,"female","Austrian",-16,-2,3,5,-14,13,27,-2,63,65,5
"13","1307",2020,"female","Foreign",10,8,22,14,2,5,3,34,68,34,1
"13","1307",2021,"male","Austrian",-18,1,5,4,-19,10,29,-5,45,50,5
"13","1307",2021,"male","Foreign",-4,-2,27,29,-2,4,6,42,70,28,3
"13","1307",2021,"female","Austrian",-5,1,3,2,-6,16,22,15,62,47,9
"13","1307",2021,"female","Foreign",7,7,24,17,0,8,8,14,51,37,3
"13","1307",2022,"male","Austrian",-5,-3,3,6,-2,20,22,6,52,46,6
"13","1307",2022,"male","Foreign",29,24,39,15,5,9,4,5,63,58,3
"13","1307",2022,"female","Austrian",-19,0,3,3,-19,16,35,-32,44,76,10
"13","1307",2022,"female","Foreign",32,31,52,21,1,10,9,26,70,44,2
"13","1307",2023,"male","Austrian",-4,0,3,3,-4,17,21,-9,66,75,7
"13","1307",2023,"male","Foreign",1,3,21,18,-2,5,7,18,69,51,0
"13","1307",2023,"female","Austrian",-12,-2,2,4,-10,12,22,-12,64,76,5
"13","1307",2023,"female","Foreign",3,2,19,17,1,8,7,9,62,53,0
"13","1308",2007,"male","Austrian",-21,-7,10,17,-14,38,52,4,142,138,16
"13","1308",2007,"male","Foreign",5,1,24,23,4,7,3,1,30,29,4
"13","1308",2007,"female","Austrian",-6,-6,10,16,0,41,41,16,188,172,16
"13","1308",2007,"female","Foreign",8,6,32,26,2,11,9,-5,40,45,11
"13","1308",2008,"male","Austrian",-11,-8,6,14,-3,39,42,28,168,140,17
"13","1308",2008,"male","Foreign",11,11,35,24,0,5,5,-17,30,47,3
"13","1308",2008,"female","Austrian",0,-3,3,6,3,48,45,-12,187,199,21
"13","1308",2008,"female","Foreign",15,12,36,24,3,10,7,-17,38,55,4
"13","1308",2009,"male","Austrian",-12,-1,10,11,-11,38,49,-27,147,174,11
"13","1308",2009,"male","Foreign",19,17,36,19,2,6,4,-2,39,41,2
"13","1308",2009,"female","Austrian",-12,-2,8,10,-10,34,44,-53,150,203,10
"13","1308",2009,"female","Foreign",28,25,42,17,3,6,3,-23,33,56,1
"13","1308",2010,"male","Austrian",-16,-1,11,12,-15,28,43,7,137,130,15
"13","1308",2010,"male","Foreign",22,21,45,24,1,7,6,22,51,29,23
"13","1308",2010,"female","Austrian",-18,-9,4,13,-9,39,48,-36,134,170,13
"13","1308",2010,"female","Foreign",18,16,43,27,2,11,9,12,44,32,13
"13","1308",2011,"male","Austrian",-17,-12,14,26,-5,36,41,33,165,132,15
"13","1308",2011,"male","Foreign",2,1,41,40,1,9,8,-27,46,73,1
"13","1308",2011,"female","Austrian",-16,-8,5,13,-8,36,44,26,158,132,13
"13","1308",2011,"female","Foreign",17,14,43,29,3,9,6,-20,33,53,1
"13","1308",2012,"male","Austrian",-5,12,33,21,-17,25,42,125,269,144,10
"13","1308",2012,"male","Foreign",15,19,42,23,-4,4,8,22,67,45,1
"13","1308",2012,"female","Austrian",-9,-4,7,11,-5,41,46,58,203,145,16
"13","1308",2012,"female","Foreign",12,19,40,21,-7,3,10,36,58,22,4
"13","1308",2013,"male","Austrian",9,-7,17,24,16,46,30,27,166,139,16
"13","1308",2013,"male","Foreign",26,23,41,18,3,10,7,13,56,43,2
"13","1308",2013,"female","Austrian",-29,-12,4,16,-17,40,57,28,151,123,15
"13","1308",2013,"female","Foreign",27,27,49,22,0,7,7,15,67,52,4
"13","1308",2014,"male","Austrian",-18,-4,17,21,-14,16,30,20,183,163,18
"13","1308",2014,"male","Foreign",67,29,64,35,38,49,11,14,86,72,6
"13","1308",2014,"female","Austrian",-4,9,11,2,-13,29,42,80,220,140,18
"13","1308",2014,"female","Foreign",36,36,59,23,0,10,10,0,59,59,8
"13","1308",2015,"male","Austrian",-17,0,16,16,-17,35,52,69,220,151,18
"13","1308",2015,"male","Foreign",70,19,65,46,51,73,22,-22,98,120,34
"13","1308",2015,"female","Austrian",-18,-2,5,7,-16,33,49,99,249,150,19
"13","1308",2015,"female","Foreign",54,45,73,28,9,15,6,19,66,47,12
"13","1308",2016,"male","Austrian",3,-1,10,11,4,37,33,23,181,158,20
"13","1308",2016,"male","Foreign",44,33,67,34,11,31,20,33,156,123,28
"13","1308",2016,"female","Austrian",-15,-1,11,12,-14,37,51,30,179,149,29
"13","1308",2016,"female","Foreign",28,34,52,18,-6,7,13,22,73,51,14
"13","1308",2017,"male","Austrian",-22,0,14,14,-22,27,49,29,171,142,14
"13","1308",2017,"male","Foreign",17,10,41,31,7,18,11,-46,136,182,4
"13","1308",2017,"female","Austrian",-35,-8,8,16,-27,32,59,12,164,152,10
"13","1308",2017,"female","Foreign",25,19,49,30,6,16,10,28,124,96,3
"13","1308",2018,"male","Austrian",-9,0,10,10,-9,24,33,60,217,157,14
"13","1308",2018,"male","Foreign",12,9,42,33,3,14,11,24,119,95,8
"13","1308",2018,"female","Austrian",-11,-9,3,12,-2,40,42,64,192,128,16
"13","1308",2018,"female","Foreign",16,13,42,29,3,16,13,-12,99,111,14
"13","1308",2019,"male","Austrian",-10,2,16,14,-12,32,44,23,182,159,12
"13","1308",2019,"male","Foreign",21,16,37,21,5,14,9,26,114,88,8
"13","1308",2019,"female","Austrian",-13,-3,8,11,-10,33,43,72,213,141,15
"13","1308",2019,"female","Foreign",16,15,35,20,1,13,12,22,105,83,4
"13","1308",2020,"male","Austrian",-14,-1,7,8,-13,22,35,0,145,145,10
"13","1308",2020,"male","Foreign",22,37,57,20,-15,6,21,25,109,84,11
"13","1308",2020,"female","Austrian",-9,-2,6,8,-7,32,39,9,152,143,11
"13","1308",2020,"female","Foreign",24,20,46,26,4,19,15,4,83,79,9
"13","1308",2021,"male","Austrian",-18,-2,10,12,-16,27,43,5,137,132,25
"13","1308",2021,"male","Foreign",-3,-4,32,36,1,9,8,-9,91,100,6
"13","1308",2021,"female","Austrian",-30,-8,6,14,-22,30,52,19,164,145,21
"13","1308",2021,"female","Foreign",25,20,44,24,5,16,11,-14,65,79,11
"13","1308",2022,"male","Austrian",-23,-4,9,13,-19,34,53,31,183,152,30
"13","1308",2022,"male","Foreign",33,35,65,30,-2,23,25,20,109,89,2
"13","1308",2022,"female","Austrian",-24,-1,8,9,-23,42,65,54,196,142,27
"13","1308",2022,"female","Foreign",69,68,101,33,1,26,25,28,115,87,5
"13","1308",2023,"male","Austrian",-16,1,8,7,-17,26,43,30,158,128,15
"13","1308",2023,"male","Foreign",31,23,53,30,8,27,19,3,105,102,12
"13","1308",2023,"female","Austrian",-18,-4,5,9,-14,35,49,36,160,124,20
"13","1308",2023,"female","Foreign",27,26,54,28,1,18,17,0,93,93,11
"13","1309",2007,"male","Austrian",16,15,23,8,1,19,18,3,138,135,14
"13","1309",2007,"male","Foreign",13,15,21,6,-2,3,5,-5,29,34,2
"13","1309",2007,"female","Austrian",-7,2,8,6,-9,21,30,73,220,147,20
"13","1309",2007,"female","Foreign",-5,2,13,11,-7,2,9,-22,36,58,2
"13","1309",2008,"male","Austrian",6,11,21,10,-5,25,30,17,141,124,27
"13","1309",2008,"male","Foreign",5,2,17,15,3,5,2,-10,46,56,2
"13","1309",2008,"female","Austrian",-11,0,4,4,-11,26,37,90,231,141,15
"13","1309",2008,"female","Foreign",16,16,29,13,0,2,2,-25,51,76,2
"13","1309",2009,"male","Austrian",13,11,20,9,2,33,31,40,150,110,10
"13","1309",2009,"male","Foreign",4,4,13,9,0,5,5,-5,37,42,0
"13","1309",2009,"female","Austrian",17,-4,5,9,21,54,33,78,198,120,10
"13","1309",2009,"female","Foreign",2,5,12,7,-3,4,7,4,59,55,2
"13","1309",2010,"male","Austrian",18,7,19,12,11,34,23,9,148,139,15
"13","1309",2010,"male","Foreign",10,13,24,11,-3,2,5,-24,29,53,0
"13","1309",2010,"female","Austrian",17,2,9,7,15,43,28,41,187,146,14
"13","1309",2010,"female","Foreign",16,17,26,9,-1,1,2,-13,42,55,1
"13","1309",2011,"male","Austrian",-9,-6,4,10,-3,26,29,-30,136,166,15
"13","1309",2011,"male","Foreign",5,4,13,9,1,5,4,-30,37,67,1
"13","1309",2011,"female","Austrian",-13,-6,2,8,-7,30,37,-69,156,225,9
"13","1309",2011,"female","Foreign",10,7,15,8,3,4,1,-42,34,76,5
"13","1309",2012,"male","Austrian",2,8,12,4,-6,25,31,-1,137,138,7
"13","1309",2012,"male","Foreign",16,14,23,9,2,4,2,-4,23,27,1
"13","1309",2012,"female","Austrian",2,-1,5,6,3,39,36,34,176,142,16
"13","1309",2012,"female","Foreign",12,11,16,5,1,3,2,-7,38,45,1
"13","1309",2013,"male","Austrian",0,1,10,9,-1,22,23,9,140,131,18
"13","1309",2013,"male","Foreign",7,8,19,11,-1,4,5,31,54,23,3
"13","1309",2013,"female","Austrian",13,2,9,7,11,40,29,18,159,141,11
"13","1309",2013,"female","Foreign",18,17,22,5,1,4,3,28,60,32,4
"13","1309",2014,"male","Austrian",-1,-5,9,14,4,35,31,49,186,137,19
"13","1309",2014,"male","Foreign",27,24,27,3,3,7,4,42,76,34,3
"13","1309",2014,"female","Austrian",-11,-2,5,7,-9,39,48,27,235,208,36
"13","1309",2014,"female","Foreign",16,15,29,14,1,6,5,60,99,39,0
"13","1309",2015,"male","Austrian",-17,-1,6,7,-16,22,38,-58,95,153,6
"13","1309",2015,"male","Foreign",777,790,808,18,-13,18,31,44,171,127,5
"13","1309",2015,"female","Austrian",5,3,8,5,2,41,39,-37,130,167,11
"13","1309",2015,"female","Foreign",260,264,274,10,-4,17,21,5,89,84,2
"13","1309",2016,"male","Austrian",-13,2,4,2,-15,12,27,0,112,112,20
"13","1309",2016,"male","Foreign",-32,-42,96,138,10,43,33,-74,464,538,42
"13","1309",2016,"female","Austrian",-16,-1,3,4,-15,24,39,-19,117,136,14
"13","1309",2016,"female","Foreign",30,26,73,47,4,25,21,-85,135,220,13
"13","1309",2017,"male","Austrian",-14,-2,3,5,-12,18,30,-8,94,102,7
"13","1309",2017,"male","Foreign",-4,-21,65,86,17,37,20,-83,522,605,27
"13","1309",2017,"female","Austrian",-20,0,4,4,-20,14,34,-15,105,120,9
"13","1309",2017,"female","Foreign",33,28,49,21,5,18,13,-62,209,271,6
"13","1309",2018,"male","Austrian",-23,0,5,5,-23,10,33,28,106,78,6
"13","1309",2018,"male","Foreign",-65,-46,26,72,-19,11,30,-394,110,504,176
"13","1309",2018,"female","Austrian",-11,-4,1,5,-7,13,20,38,105,67,18
"13","1309",2018,"female","Foreign",-11,2,16,14,-13,4,17,-145,55,200,13
"13","1309",2019,"male","Austrian",-14,-2,8,10,-12,13,25,18,98,80,6
"13","1309",2019,"male","Foreign",11,9,23,14,2,9,7,-116,61,177,2
"13","1309",2019,"female","Austrian",-8,3,5,2,-11,8,19,36,117,81,23
"13","1309",2019,"female","Foreign",5,3,15,12,2,4,2,14,62,48,2
"13","1309",2020,"male","Austrian",-20,0,6,6,-20,13,33,-16,80,96,5
"13","1309",2020,"male","Foreign",-4,-4,59,63,0,12,12,10,73,63,3
"13","1309",2020,"female","Austrian",-10,0,5,5,-10,13,23,-1,87,88,5
"13","1309",2020,"female","Foreign",-12,-4,15,19,-8,2,10,29,62,33,1
"13","1309",2021,"male","Austrian",-3,-4,2,6,1,19,18,85,157,72,14
"13","1309",2021,"male","Foreign",7,7,37,30,0,9,9,18,79,61,2
"13","1309",2021,"female","Austrian",-17,-8,1,9,-9,16,25,80,157,77,10
"13","1309",2021,"female","Foreign",3,1,13,12,2,4,2,25,55,30,0
"13","1309",2022,"male","Austrian",12,4,8,4,8,32,24,95,172,77,12
"13","1309",2022,"male","Foreign",20,15,33,18,5,8,3,39,72,33,0
"13","1309",2022,"female","Austrian",12,5,9,4,7,27,20,96,183,87,5
"13","1309",2022,"female","Foreign",25,26,35,9,-1,5,6,38,68,30,2
"13","1309",2023,"male","Austrian",-12,-2,5,7,-10,21,31,2,88,86,7
"13","1309",2023,"male","Foreign",0,2,24,22,-2,8,10,16,62,46,3
"13","1309",2023,"female","Austrian",-19,-3,2,5,-16,14,30,28,118,90,11
"13","1309",2023,"female","Foreign",-9,-5,14,19,-4,3,7,30,65,35,0
"13","1310",2007,"male","Austrian",0,0,0,0,0,0,0,3,3,0,2
"13","1310",2007,"male","Foreign",0,0,0,0,0,0,0,0,0,0,0
"13","1310",2007,"female","Austrian",-1,0,0,0,-1,0,1,1,1,0,1
"13","1310",2007,"female","Foreign",0,0,0,0,0,0,0,0,0,0,0
"13","1310",2008,"male","Austrian",-2,0,0,0,-2,0,2,0,0,0,0
"13","1310",2008,"male","Foreign",-3,-2,1,3,-1,0,1,1,1,0,0
"13","1310",2008,"female","Austrian",-1,0,0,0,-1,0,1,0,0,0,0
"13","1310",2008,"female","Foreign",0,0,0,0,0,1,1,0,0,0,0
"13","1310",2009,"male","Austrian",0,0,0,0,0,0,0,0,0,0,0
"13","1310",2009,"male","Foreign",0,0,0,0,0,0,0,0,0,0,0
"13","1310",2009,"female","Austrian",-1,0,0,0,-1,0,1,0,1,1,0
"13","1310",2009,"female","Foreign",0,0,0,0,0,0,0,-1,0,1,0
"13","1310",2010,"male","Austrian",1,0,0,0,1,1,0,0,1,1,0
"13","1310",2010,"male","Foreign",0,0,0,0,0,0,0,0,0,0,0
"13","1310",2010,"female","Austrian",0,-1,0,1,1,2,1,-1,0,1,2
"13","1310",2010,"female","Foreign",1,1,1,0,0,0,0,0,0,0,0
"13","1310",2011,"male","Austrian",0,0,0,0,0,0,0,1,4,3,0
"13","1310",2011,"male","Foreign",0,0,0,0,0,0,0,2,2,0,0
"13","1310",2011,"female","Austrian",1,1,1,0,0,0,0,1,1,0,1
"13","1310",2011,"female","Foreign",-1,-1,0,1,0,0,0,1,1,0,0
"13","1310",2012,"male","Austrian",2,0,0,0,2,2,0,-1,1,2,0
"13","1310",2012,"male","Foreign",0,0,0,0,0,0,0,-3,0,3,0
"13","1310",2012,"female","Austrian",2,0,0,0,2,2,0,-1,2,3,1
"13","1310",2012,"female","Foreign",0,0,0,0,0,0,0,-1,0,1,0
"13","1310",2013,"male","Austrian",3,0,0,0,3,4,1,27,30,3,0
"13","1310",2013,"male","Foreign",8,7,8,1,1,1,0,2,2,0,0
"13","1310",2013,"female","Austrian",1,0,0,0,1,2,1,23,24,1,0
"13","1310",2013,"female","Foreign",5,5,5,0,0,0,0,1,1,0,0
"13","1310",2014,"male","Austrian",0,0,0,0,0,0,0,9,10,1,0
"13","1310",2014,"male","Foreign",1,1,2,1,0,0,0,2,2,0,0
"13","1310",2014,"female","Austrian",5,0,0,0,5,8,3,11,12,1,0
"13","1310",2014,"female","Foreign",1,1,1,0,0,0,0,3,3,0,0
"13","1310",2015,"male","Austrian",0,0,0,0,0,2,2,6,7,1,2
"13","1310",2015,"male","Foreign",5,6,6,0,-1,0,1,1,2,1,0
"13","1310",2015,"female","Austrian",1,0,0,0,1,4,3,4,5,1,3
"13","1310",2015,"female","Foreign",0,0,1,1,0,0,0,0,0,0,0
"13","1310",2016,"male","Austrian",-6,-1,0,1,-5,1,6,-1,1,2,0
"13","1310",2016,"male","Foreign",-3,-3,0,3,0,0,0,0,0,0,0
"13","1310",2016,"female","Austrian",0,0,0,0,0,2,2,0,2,2,0
"13","1310",2016,"female","Foreign",0,0,0,0,0,0,0,-1,0,1,0
"13","1310",2017,"male","Austrian",1,0,0,0,1,1,0,5,8,3,2
"13","1310",2017,"male","Foreign",3,3,4,1,0,0,0,-1,1,2,0
"13","1310",2017,"female","Austrian",2,0,0,0,2,2,0,3,5,2,2
"13","1310",2017,"female","Foreign",0,0,2,2,0,0,0,0,0,0,0
"13","1310",2018,"male","Austrian",-1,0,0,0,-1,0,1,-3,6,9,0
"13","1310",2018,"male","Foreign",0,-1,1,2,1,1,0,-1,0,1,0
"13","1310",2018,"female","Austrian",-1,0,0,0,-1,3,4,-2,5,7,0
"13","1310",2018,"female","Foreign",0,0,0,0,0,0,0,3,3,0,0
"13","1310",2019,"male","Austrian",-4,1,1,0,-5,0,5,2,7,5,0
"13","1310",2019,"male","Foreign",1,1,2,1,0,0,0,2,2,0,0
"13","1310",2019,"female","Austrian",0,0,0,0,0,1,1,-3,6,9,0
"13","1310",2019,"female","Foreign",-2,0,0,0,-2,0,2,0,0,0,0
"13","1310",2020,"male","Austrian",1,0,0,0,1,1,0,4,10,6,0
"13","1310",2020,"male","Foreign",0,0,0,0,0,3,3,0,0,0,0
"13","1310",2020,"female","Austrian",1,0,0,0,1,1,0,10,14,4,0
"13","1310",2020,"female","Foreign",-2,0,0,0,-2,0,2,0,0,0,0
"13","1310",2021,"male","Austrian",0,0,0,0,0,1,1,3,7,4,0
"13","1310",2021,"male","Foreign",-1,-1,0,1,0,0,0,-6,0,6,0
"13","1310",2021,"female","Austrian",0,0,0,0,0,5,5,6,8,2,0
"13","1310",2021,"female","Foreign",0,0,0,0,0,0,0,0,1,1,0
"13","1310",2022,"male","Austrian",-8,0,0,0,-8,1,9,-2,4,6,0
"13","1310",2022,"male","Foreign",-1,-1,0,1,0,0,0,0,0,0,0
"13","1310",2022,"female","Austrian",-9,0,0,0,-9,0,9,4,7,3,0
"13","1310",2022,"female","Foreign",0,0,2,2,0,0,0,0,0,0,2
"13","1310",2023,"male","Austrian",1,0,0,0,1,2,1,2,4,2,0
"13","1310",2023,"male","Foreign",-1,-1,0,1,0,1,1,2,2,0,0
"13","1310",2023,"female","Austrian",-5,0,0,0,-5,1,6,9,9,0,0
"13","1310",2023,"female","Foreign",-2,-2,0,2,0,0,0,4,4,0,0
"13","1311",2007,"male","Austrian",-8,-1,2,3,-7,11,18,9,71,62,11
"13","1311",2007,"male","Foreign",-2,-3,4,7,1,2,1,1,9,8,0
"13","1311",2007,"female","Austrian",1,-1,1,2,2,13,11,0,57,57,5
"13","1311",2007,"female","Foreign",7,8,15,7,-1,5,6,3,11,8,0
"13","1311",2008,"male","Austrian",2,2,5,3,0,20,20,42,83,41,7
"13","1311",2008,"male","Foreign",4,3,12,9,1,2,1,-2,6,8,0
"13","1311",2008,"female","Austrian",-5,-2,2,4,-3,11,14,24,74,50,5
"13","1311",2008,"female","Foreign",10,12,19,7,-2,2,4,-3,11,14,0
"13","1311",2009,"male","Austrian",-9,2,7,5,-11,7,18,21,72,51,3
"13","1311",2009,"male","Foreign",8,6,12,6,2,2,0,5,11,6,0
"13","1311",2009,"female","Austrian",-3,-2,3,5,-1,16,17,-3,61,64,7
"13","1311",2009,"female","Foreign",13,11,22,11,2,2,0,1,16,15,0
"13","1311",2010,"male","Austrian",-3,-3,4,7,0,16,16,-3,50,53,4
"13","1311",2010,"male","Foreign",-6,-7,9,16,1,1,0,2,14,12,0
"13","1311",2010,"female","Austrian",3,-3,4,7,6,22,16,3,62,59,3
"13","1311",2010,"female","Foreign",-1,-1,15,16,0,3,3,6,20,14,2
"13","1311",2011,"male","Austrian",-4,-1,2,3,-3,10,13,2,61,59,9
"13","1311",2011,"male","Foreign",-1,0,8,8,-1,1,2,12,20,8,2
"13","1311",2011,"female","Austrian",-6,-3,1,4,-3,13,16,14,72,58,7
"13","1311",2011,"female","Foreign",-3,0,10,10,-3,2,5,2,18,16,0
"13","1311",2012,"male","Austrian",-13,-10,2,12,-3,14,17,8,62,54,9
"13","1311",2012,"male","Foreign",1,3,16,13,-2,0,2,0,10,10,2
"13","1311",2012,"female","Austrian",2,3,5,2,-1,16,17,-13,45,58,8
"13","1311",2012,"female","Foreign",8,7,20,13,1,3,2,4,12,8,4
"13","1311",2013,"male","Austrian",3,3,6,3,0,12,12,24,74,50,2
"13","1311",2013,"male","Foreign",6,8,16,8,-2,0,2,11,19,8,1
"13","1311",2013,"female","Austrian",-3,-4,2,6,1,13,12,21,78,57,1
"13","1311",2013,"female","Foreign",10,8,16,8,2,2,0,-10,18,28,1
"13","1311",2014,"male","Austrian",-8,2,4,2,-10,15,25,16,71,55,5
"13","1311",2014,"male","Foreign",2,0,14,14,2,5,3,-4,13,17,0
"13","1311",2014,"female","Austrian",-8,0,3,3,-8,17,25,15,80,65,5
"13","1311",2014,"female","Foreign",11,11,24,13,0,4,4,8,22,14,1
"13","1311",2015,"male","Austrian",-5,-1,6,7,-4,19,23,26,89,63,4
"13","1311",2015,"male","Foreign",9,10,25,15,-1,1,2,0,22,22,2
"13","1311",2015,"female","Austrian",-5,-2,3,5,-3,12,15,23,78,55,6
"13","1311",2015,"female","Foreign",8,9,21,12,-1,3,4,1,19,18,2
"13","1311",2016,"male","Austrian",-8,-1,4,5,-7,14,21,-18,52,70,10
"13","1311",2016,"male","Foreign",1,2,14,12,-1,3,4,2,16,14,1
"13","1311",2016,"female","Austrian",2,5,10,5,-3,11,14,-5,58,63,11
"13","1311",2016,"female","Foreign",9,9,23,14,0,5,5,-2,18,20,0
"13","1311",2017,"male","Austrian",-6,-3,6,9,-3,14,17,10,71,61,15
"13","1311",2017,"male","Foreign",-1,1,12,11,-2,2,4,15,28,13,2
"13","1311",2017,"female","Austrian",-5,4,7,3,-9,11,20,19,77,58,6
"13","1311",2017,"female","Foreign",8,7,16,9,1,3,2,11,20,9,2
"13","1311",2018,"male","Austrian",-7,2,9,7,-9,11,20,7,63,56,10
"13","1311",2018,"male","Foreign",-1,4,15,11,-5,2,7,-3,24,27,0
"13","1311",2018,"female","Austrian",-10,3,5,2,-13,8,21,8,69,61,10
"13","1311",2018,"female","Foreign",-8,-4,14,18,-4,2,6,7,24,17,0
"13","1311",2019,"male","Austrian",4,2,6,4,2,15,13,-19,41,60,10
"13","1311",2019,"male","Foreign",9,10,18,8,-1,3,4,2,21,19,1
"13","1311",2019,"female","Austrian",-7,0,5,5,-7,24,31,-9,59,68,9
"13","1311",2019,"female","Foreign",12,14,24,10,-2,1,3,1,21,20,1
"13","1311",2020,"male","Austrian",-6,2,5,3,-8,17,25,-5,59,64,8
"13","1311",2020,"male","Foreign",5,3,20,17,2,2,0,3,15,12,6
"13","1311",2020,"female","Austrian",-5,7,12,5,-12,14,26,-18,61,79,6
"13","1311",2020,"female","Foreign",10,12,23,11,-2,2,4,-3,16,19,3
"13","1311",2021,"male","Austrian",-5,-5,2,7,0,19,19,3,50,47,13
"13","1311",2021,"male","Foreign",-4,-4,7,11,0,1,1,8,21,13,1
"13","1311",2021,"female","Austrian",-12,-5,2,7,-7,14,21,15,66,51,7
"13","1311",2021,"female","Foreign",4,2,12,10,2,3,1,3,13,10,3
"13","1311",2022,"male","Austrian",0,0,6,6,0,12,12,12,69,57,16
"13","1311",2022,"male","Foreign",31,29,34,5,2,7,5,-7,21,28,0
"13","1311",2022,"female","Austrian",8,1,6,5,7,22,15,15,80,65,17
"13","1311",2022,"female","Foreign",42,36,48,12,6,12,6,-2,27,29,1
"13","1311",2023,"male","Austrian",-3,-3,5,8,0,11,11,22,73,51,12
"13","1311",2023,"male","Foreign",10,11,15,4,-1,2,3,0,15,15,0
"13","1311",2023,"female","Austrian",-2,1,6,5,-3,9,12,2,72,70,11
"13","1311",2023,"female","Foreign",-9,-5,20,25,-4,3,7,3,26,23,6
"13","1399",2007,"male","Austrian",-12,-3,0,3,-9,1,10,-38,9,47,1
"13","1399",2007,"male","Foreign",-7,-2,3,5,-5,0,5,-15,0,15,0
"13","1399",2007,"female","Austrian",-8,-3,1,4,-5,3,8,-65,9,74,0
"13","1399",2007,"female","Foreign",1,4,5,1,-3,0,3,-15,1,16,0
"13","1399",2008,"male","Austrian",-2,0,0,0,-2,2,4,-3,8,11,1
"13","1399",2008,"male","Foreign",-1,-1,0,1,0,0,0,-1,0,1,0
"13","1399",2008,"female","Austrian",-3,-2,0,2,-1,1,2,-2,8,10,0
"13","1399",2008,"female","Foreign",-1,0,0,0,-1,0,1,-3,1,4,0
"13","1399",2009,"male","Austrian",-1,0,0,0,-1,0,1,-11,2,13,0
"13","1399",2009,"male","Foreign",-1,-1,0,1,0,0,0,-2,0,2,0
"13","1399",2009,"female","Austrian",-3,0,0,0,-3,0,3,-10,4,14,0
"13","1399",2009,"female","Foreign",-4,-3,0,3,-1,0,1,-3,1,4,0
"13","1399",2010,"male","Austrian",-1,0,0,0,-1,0,1,-3,0,3,0
"13","1399",2010,"male","Foreign",-1,0,0,0,-1,0,1,-1,0,1,0
"13","1399",2010,"female","Austrian",-10,-1,0,1,-9,0,9,-5,0,5,0
"13","1399",2010,"female","Foreign",-4,0,0,0,-4,0,4,-1,0,1,0
"13","1399",2011,"male","Austrian",-1,0,0,0,-1,1,2,-3,1,4,0
"13","1399",2011,"male","Foreign",0,0,0,0,0,0,0,0,0,0,0
"13","1399",2011,"female","Austrian",-1,0,0,0,-1,0,1,-3,2,5,0
"13","1399",2011,"female","Foreign",-1,-1,0,1,0,0,0,-1,0,1,0
"13","1399",2012,"male","Austrian",1,1,1,0,0,0,0,-6,1,7,0
"13","1399",2012,"male","Foreign",0,0,0,0,0,0,0,-1,0,1,0
"13","1399",2012,"female","Austrian",0,0,0,0,0,0,0,-7,0,7,0
"13","1399",2012,"female","Foreign",-1,-1,0,1,0,0,0,-2,0,2,0
"13","1399",2013,"male","Austrian",-24,-5,0,5,-19,2,21,-50,4,54,2
"13","1399",2013,"male","Foreign",-16,-12,0,12,-4,0,4,-10,2,12,0
"13","1399",2013,"female","Austrian",-31,-1,1,2,-30,0,30,-67,7,74,0
"13","1399",2013,"female","Foreign",-13,-9,2,11,-4,0,4,-17,1,18,0
"13","1399",2014,"male","Austrian",0,1,1,0,-1,1,2,2,5,3,0
"13","1399",2014,"male","Foreign",-1,-1,0,1,0,0,0,2,2,0,0
"13","1399",2014,"female","Austrian",-1,0,0,0,-1,0,1,3,5,2,0
"13","1399",2014,"female","Foreign",-1,-1,0,1,0,0,0,0,0,0,0
"13","1399",2015,"male","Austrian",2,0,0,0,2,2,0,-3,1,4,0
"13","1399",2015,"male","Foreign",1,1,1,0,0,0,0,-1,0,1,0
"13","1399",2015,"female","Austrian",0,-1,0,1,1,1,0,0,2,2,0
"13","1399",2015,"female","Foreign",-1,-1,0,1,0,0,0,3,3,0,0
"13","1399",2016,"male","Austrian",-1,-1,0,1,0,0,0,5,10,5,0
"13","1399",2016,"male","Foreign",0,0,0,0,0,0,0,1,1,0,0
"13","1399",2016,"female","Austrian",-1,0,0,0,-1,1,2,4,8,4,0
"13","1399",2016,"female","Foreign",0,0,0,0,0,0,0,1,2,1,0
"13","1399",2017,"male","Austrian",0,1,1,0,-1,1,2,5,9,4,0
"13","1399",2017,"male","Foreign",0,0,0,0,0,0,0,0,1,1,0
"13","1399",2017,"female","Austrian",-1,-2,0,2,1,1,0,4,6,2,0
"13","1399",2017,"female","Foreign",0,0,0,0,0,0,0,1,2,1,0
"13","1399",2018,"male","Austrian",-1,0,0,0,-1,0,1,4,5,1,0
"13","1399",2018,"male","Foreign",0,0,0,0,0,0,0,0,0,0,0
"13","1399",2018,"female","Austrian",-3,0,0,0,-3,0,3,7,8,1,0
"13","1399",2018,"female","Foreign",0,0,0,0,0,0,0,-2,0,2,0
"13","1399",2019,"male","Austrian",0,0,0,0,0,0,0,1,1,0,0
"13","1399",2019,"male","Foreign",0,0,0,0,0,0,0,0,0,0,0
"13","1399",2019,"female","Austrian",1,0,0,0,1,1,0,1,2,1,0
"13","1399",2019,"female","Foreign",0,0,0,0,0,0,0,0,0,0,0
"13","1399",2020,"male","Austrian",0,0,0,0,0,0,0,1,1,0,0
"13","1399",2020,"male","Foreign",0,0,0,0,0,0,0,1,1,0,0
"13","1399",2020,"female","Austrian",0,0,0,0,0,0,0,2,2,0,0
"13","1399",2020,"female","Foreign",0,0,0,0,0,0,0,3,3,0,0
"13","1399",2021,"male","Austrian",0,0,0,0,0,0,0,2,2,0,0
"13","1399",2021,"male","Foreign",0,0,0,0,0,0,0,1,1,0,0
"13","1399",2021,"female","Austrian",0,0,0,0,0,0,0,2,2,0,0
"13","1399",2021,"female","Foreign",0,0,0,0,0,0,0,1,1,0,0
"13","1399",2022,"male","Austrian",1,0,0,0,1,1,0,2,3,1,0
"13","1399",2022,"male","Foreign",0,0,0,0,0,0,0,0,0,0,0
"13","1399",2022,"female","Austrian",1,1,1,0,0,1,1,0,2,2,0
"13","1399",2022,"female","Foreign",1,0,0,0,1,1,0,0,0,0,0
"13","1399",2023,"male","Austrian",0,0,0,0,0,0,0,0,1,1,0
"13","1399",2023,"male","Foreign",0,0,0,0,0,0,0,0,0,0,0
"13","1399",2023,"female","Austrian",0,0,0,0,0,0,0,-1,2,3,0
"13","1399",2023,"female","Foreign",0,0,0,0,0,0,0,0,0,0,0
"14","1401",2007,"male","Austrian",10,-4,7,11,14,52,38,13,151,138,13
"14","1401",2007,"male","Foreign",13,21,54,33,-8,7,15,6,109,103,6
"14","1401",2007,"female","Austrian",1,-3,3,6,4,49,45,-30,131,161,15
"14","1401",2007,"female","Foreign",27,34,50,16,-7,6,13,-2,82,84,7
"14","1401",2008,"male","Austrian",-11,-7,6,13,-4,46,50,-21,161,182,12
"14","1401",2008,"male","Foreign",-9,-1,45,46,-8,3,11,19,121,102,4
"14","1401",2008,"female","Austrian",-12,-3,3,6,-9,43,52,-21,133,154,10
"14","1401",2008,"female","Foreign",12,11,41,30,1,4,3,15,103,88,1
"14","1401",2009,"male","Austrian",13,7,19,12,6,48,42,2,147,145,12
"14","1401",2009,"male","Foreign",25,31,75,44,-6,9,15,11,102,91,7
"14","1401",2009,"female","Austrian",-5,1,8,7,-6,51,57,-21,145,166,7
"14","1401",2009,"female","Foreign",33,30,65,35,3,10,7,16,90,74,4
"14","1401",2010,"male","Austrian",-5,-2,13,15,-3,53,56,-35,134,169,10
"14","1401",2010,"male","Foreign",31,27,75,48,4,9,5,-6,105,111,5
"14","1401",2010,"female","Austrian",-1,-6,8,14,5,57,52,-19,148,167,10
"14","1401",2010,"female","Foreign",29,25,57,32,4,13,9,-8,76,84,4
"14","1401",2011,"male","Austrian",18,-2,15,17,20,55,35,-8,154,162,7
"14","1401",2011,"male","Foreign",30,26,76,50,4,14,10,-2,95,97,2
"14","1401",2011,"female","Austrian",-5,-13,2,15,8,46,38,-10,129,139,5
"14","1401",2011,"female","Foreign",53,44,72,28,9,15,6,8,83,75,6
"14","1401",2012,"male","Austrian",28,-10,10,20,38,80,42,-11,160,171,7
"14","1401",2012,"male","Foreign",24,19,88,69,5,17,12,16,115,99,4
"14","1401",2012,"female","Austrian",17,-3,4,7,20,66,46,-12,140,152,8
"14","1401",2012,"female","Foreign",51,49,92,43,2,17,15,16,106,90,5
"14","1401",2013,"male","Austrian",-11,-8,12,20,-3,60,63,-27,126,153,12
"14","1401",2013,"male","Foreign",57,57,112,55,0,18,18,-16,129,145,6
"14","1401",2013,"female","Austrian",28,4,7,3,24,71,47,5,152,147,9
"14","1401",2013,"female","Foreign",28,29,71,42,-1,12,13,-40,83,123,5
"14","1401",2014,"male","Austrian",4,4,18,14,0,61,61,112,261,149,19
"14","1401",2014,"male","Foreign",68,69,119,50,-1,20,21,33,165,132,3
"14","1401",2014,"female","Austrian",9,7,10,3,2,68,66,105,266,161,16
"14","1401",2014,"female","Foreign",52,55,91,36,-3,12,15,31,146,115,6
"14","1401",2015,"male","Austrian",-3,-8,9,17,5,62,57,-10,167,177,6
"14","1401",2015,"male","Foreign",61,45,112,67,16,38,22,63,236,173,7
"14","1401",2015,"female","Austrian",0,-2,6,8,2,63,61,-30,153,183,6
"14","1401",2015,"female","Foreign",48,49,97,48,-1,12,13,69,174,105,7
"14","1401",2016,"male","Austrian",9,0,11,11,9,56,47,2,161,159,5
"14","1401",2016,"male","Foreign",50,39,120,81,11,36,25,58,232,174,4
"14","1401",2016,"female","Austrian",-2,0,7,7,-2,64,66,-11,137,148,10
"14","1401",2016,"female","Foreign",50,39,100,61,11,21,10,53,176,123,4
"14","1401",2017,"male","Austrian",-12,-3,14,17,-9,56,65,-12,143,155,12
"14","1401",2017,"male","Foreign",24,30,106,76,-6,29,35,20,257,237,9
"14","1401",2017,"female","Austrian",-18,-7,7,14,-11,54,65,-14,134,148,10
"14","1401",2017,"female","Foreign",55,59,110,51,-4,23,27,-42,180,222,12
"14","1401",2018,"male","Austrian",-15,-4,11,15,-11,57,68,-25,147,172,10
"14","1401",2018,"male","Foreign",40,35,111,76,5,38,33,10,240,230,12
"14","1401",2018,"female","Austrian",20,2,10,8,18,73,55,-46,133,179,8
"14","1401",2018,"female","Foreign",36,25,84,59,11,33,22,10,165,155,8
"14","1401",2019,"male","Austrian",-3,-6,9,15,3,43,40,-32,129,161,18
"14","1401",2019,"male","Foreign",23,32,100,68,-9,17,26,-23,222,245,3
"14","1401",2019,"female","Austrian",-26,-8,5,13,-18,41,59,-34,135,169,17
"14","1401",2019,"female","Foreign",47,45,107,62,2,19,17,-12,181,193,8
"14","1401",2020,"male","Austrian",-1,-2,6,8,1,64,63,-58,124,182,4
"14","1401",2020,"male","Foreign",31,6,72,66,25,40,15,-66,170,236,5
"14","1401",2020,"female","Austrian",3,-3,6,9,6,63,57,-48,124,172,6
"14","1401",2020,"female","Foreign",24,18,66,48,6,21,15,-44,125,169,3
"14","1401",2021,"male","Austrian",-6,-3,11,14,-3,47,50,-9,135,144,13
"14","1401",2021,"male","Foreign",14,2,72,70,12,41,29,-60,173,233,7
"14","1401",2021,"female","Austrian",-22,-2,6,8,-20,46,66,-33,135,168,11
"14","1401",2021,"female","Foreign",-14,-5,57,62,-9,14,23,-5,141,146,4
"14","1401",2022,"male","Austrian",9,3,12,9,6,59,53,419,580,161,37
"14","1401",2022,"male","Foreign",115,93,169,76,22,48,26,193,432,239,24
"14","1401",2022,"female","Austrian",17,-1,9,10,18,90,72,483,647,164,36
"14","1401",2022,"female","Foreign",138,132,200,68,6,31,25,236,419,183,27
"14","1401",2023,"male","Austrian",19,2,11,9,17,70,53,87,230,143,17
"14","1401",2023,"male","Foreign",98,77,147,70,21,49,28,44,301,257,13
"14","1401",2023,"female","Austrian",16,-7,7,14,23,79,56,53,226,173,25
"14","1401",2023,"female","Foreign",71,64,129,65,7,26,19,60,238,178,13
"14","1402",2007,"male","Austrian",-29,-6,18,24,-23,43,66,-62,164,226,13
"14","1402",2007,"male","Foreign",37,33,107,74,4,19,15,30,216,186,17
"14","1402",2007,"female","Austrian",-31,-12,10,22,-19,47,66,-39,166,205,11
"14","1402",2007,"female","Foreign",79,67,137,70,12,25,13,-13,170,183,18
"14","1402",2008,"male","Austrian",-2,-14,9,23,12,55,43,-32,177,209,7
"14","1402",2008,"male","Foreign",34,34,131,97,0,19,19,-48,194,242,8
"14","1402",2008,"female","Austrian",-15,-4,5,9,-11,50,61,-44,169,213,3
"14","1402",2008,"female","Foreign",62,64,116,52,-2,28,30,-34,182,216,7
"14","1402",2009,"male","Austrian",0,-8,17,25,8,60,52,-68,166,234,8
"14","1402",2009,"male","Foreign",11,5,117,112,6,23,17,13,204,191,6
"14","1402",2009,"female","Austrian",-8,-9,4,13,1,58,57,-65,152,217,7
"14","1402",2009,"female","Foreign",29,20,99,79,9,28,19,-3,161,164,6
"14","1402",2010,"male","Austrian",-11,-10,20,30,-1,53,54,-50,184,234,20
"14","1402",2010,"male","Foreign",48,42,148,106,6,32,26,-5,241,246,14
"14","1402",2010,"female","Austrian",-25,-9,11,20,-16,62,78,-46,170,216,11
"14","1402",2010,"female","Foreign",52,46,131,85,6,20,14,21,214,193,11
"14","1402",2011,"male","Austrian",8,-5,14,19,13,59,46,-30,196,226,16
"14","1402",2011,"male","Foreign",38,29,185,156,9,29,20,-4,263,267,13
"14","1402",2011,"female","Austrian",-13,-13,5,18,0,62,62,-40,204,244,12
"14","1402",2011,"female","Foreign",38,38,152,114,0,24,24,-3,193,196,17
"14","1402",2012,"male","Austrian",14,-8,19,27,22,78,56,13,222,209,19
"14","1402",2012,"male","Foreign",102,93,204,111,9,30,21,-16,247,263,18
"14","1402",2012,"female","Austrian",4,-10,8,18,14,84,70,12,206,194,20
"14","1402",2012,"female","Foreign",64,57,148,91,7,29,22,-36,194,230,11
"14","1402",2013,"male","Austrian",-3,3,22,19,-6,49,55,-36,203,239,18
"14","1402",2013,"male","Foreign",88,95,216,121,-7,28,35,-21,255,276,12
"14","1402",2013,"female","Austrian",9,0,11,11,9,62,53,-91,157,248,13
"14","1402",2013,"female","Foreign",92,92,174,82,0,24,24,-33,188,221,11
"14","1402",2014,"male","Austrian",-16,-14,15,29,-2,45,47,-10,190,200,9
"14","1402",2014,"male","Foreign",91,90,208,118,1,27,26,-67,255,322,10
"14","1402",2014,"female","Austrian",-15,-3,6,9,-12,53,65,-27,175,202,3
"14","1402",2014,"female","Foreign",87,95,178,83,-8,22,30,-61,189,250,11
"14","1402",2015,"male","Austrian",25,4,16,12,21,64,43,-35,188,223,4
"14","1402",2015,"male","Foreign",149,135,243,108,14,49,35,-3,326,329,14
"14","1402",2015,"female","Austrian",-11,2,12,10,-13,49,62,-42,177,219,13
"14","1402",2015,"female","Foreign",178,159,228,69,19,39,20,-34,262,296,17
"14","1402",2016,"male","Austrian",-6,-14,8,22,8,51,43,-12,157,169,11
"14","1402",2016,"male","Foreign",82,67,204,137,15,55,40,-46,299,345,15
"14","1402",2016,"female","Austrian",-10,-4,4,8,-6,45,51,-29,154,183,11
"14","1402",2016,"female","Foreign",120,106,191,85,14,36,22,-89,183,272,12
"14","1402",2017,"male","Austrian",21,-7,15,22,28,69,41,-30,171,201,8
"14","1402",2017,"male","Foreign",81,71,195,124,10,58,48,-21,381,402,23
"14","1402",2017,"female","Austrian",14,3,13,10,11,65,54,-25,188,213,10
"14","1402",2017,"female","Foreign",73,68,174,106,5,34,29,-24,256,280,14
"14","1402",2018,"male","Austrian",-16,-6,14,20,-10,63,73,-6,174,180,12
"14","1402",2018,"male","Foreign",23,9,163,154,14,43,29,-59,295,354,13
"14","1402",2018,"female","Austrian",-16,2,5,3,-18,51,69,-26,170,196,10
"14","1402",2018,"female","Foreign",22,14,124,110,8,34,26,-66,217,283,10
"14","1402",2019,"male","Austrian",-17,7,20,13,-24,54,78,-28,186,214,9
"14","1402",2019,"male","Foreign",63,67,174,107,-4,46,50,-84,261,345,15
"14","1402",2019,"female","Austrian",-7,5,10,5,-12,47,59,-39,180,219,12
"14","1402",2019,"female","Foreign",0,15,115,100,-15,24,39,-66,202,268,9
"14","1402",2020,"male","Austrian",13,-14,5,19,27,65,38,-65,132,197,8
"14","1402",2020,"male","Foreign",53,54,168,114,-1,50,51,-52,307,359,21
"14","1402",2020,"female","Austrian",-10,-6,4,10,-4,58,62,-42,155,197,15
"14","1402",2020,"female","Foreign",34,39,109,70,-5,21,26,-90,178,268,20
"14","1402",2021,"male","Austrian",-19,-1,17,18,-18,38,56,-65,125,190,5
"14","1402",2021,"male","Foreign",87,27,153,126,60,99,39,-17,324,341,33
"14","1402",2021,"female","Austrian",-21,-5,7,12,-16,45,61,-28,143,171,6
"14","1402",2021,"female","Foreign",14,21,94,73,-7,10,17,-36,182,218,14
"14","1402",2022,"male","Austrian",0,-4,15,19,4,52,48,-41,161,202,5
"14","1402",2022,"male","Foreign",272,110,203,93,162,219,57,-160,414,574,26
"14","1402",2022,"female","Austrian",-43,-6,7,13,-37,35,72,-66,160,226,6
"14","1402",2022,"female","Foreign",124,120,198,78,4,27,23,-73,209,282,11
"14","1402",2023,"male","Austrian",6,8,21,13,-2,50,52,-51,142,193,13
"14","1402",2023,"male","Foreign",180,62,185,123,118,182,64,-148,377,525,15
"14","1402",2023,"female","Austrian",-6,4,13,9,-10,38,48,-50,137,187,4
"14","1402",2023,"female","Foreign",76,84,168,84,-8,26,34,-28,213,241,12
"14","1403",2007,"male","Austrian",-17,-12,17,29,-5,66,71,34,224,190,19
"14","1403",2007,"male","Foreign",34,29,61,32,5,14,9,1,95,94,10
"14","1403",2007,"female","Austrian",-15,-16,8,24,1,73,72,-68,169,237,23
"14","1403",2007,"female","Foreign",39,34,65,31,5,13,8,-21,87,108,7
"14","1403",2008,"male","Austrian",-35,-12,17,29,-23,61,84,-36,193,229,17
"14","1403",2008,"male","Foreign",28,31,76,45,-3,6,9,4,100,96,4
"14","1403",2008,"female","Austrian",-37,-13,9,22,-24,76,100,-26,195,221,24
"14","1403",2008,"female","Foreign",41,43,71,28,-2,11,13,13,97,84,7
"14","1403",2009,"male","Austrian",-4,-3,18,21,-1,63,64,6,202,196,20
"14","1403",2009,"male","Foreign",6,13,73,60,-7,12,19,15,103,88,6
"14","1403",2009,"female","Austrian",-21,-6,13,19,-15,57,72,-17,185,202,23
"14","1403",2009,"female","Foreign",10,18,63,45,-8,9,17,16,95,79,10
"14","1403",2010,"male","Austrian",-11,-6,14,20,-5,62,67,45,241,196,26
"14","1403",2010,"male","Foreign",32,35,92,57,-3,11,14,11,99,88,5
"14","1403",2010,"female","Austrian",4,-4,8,12,8,75,67,26,234,208,33
"14","1403",2010,"female","Foreign",41,41,87,46,0,7,7,-6,89,95,9
"14","1403",2011,"male","Austrian",-16,-20,8,28,4,55,51,37,263,226,26
"14","1403",2011,"male","Foreign",42,47,113,66,-5,9,14,20,121,101,3
"14","1403",2011,"female","Austrian",-13,1,11,10,-14,64,78,14,213,199,29
"14","1403",2011,"female","Foreign",23,25,77,52,-2,8,10,25,103,78,11
"14","1403",2012,"male","Austrian",22,-4,24,28,26,81,55,1,233,232,22
"14","1403",2012,"male","Foreign",41,38,105,67,3,17,14,30,141,111,4
"14","1403",2012,"female","Austrian",18,-6,11,17,24,94,70,2,212,210,20
"14","1403",2012,"female","Foreign",63,62,106,44,1,15,14,28,126,98,9
"14","1403",2013,"male","Austrian",-10,-11,12,23,1,88,87,2,207,205,24
"14","1403",2013,"male","Foreign",42,49,135,86,-7,8,15,3,121,118,5
"14","1403",2013,"female","Austrian",-11,-3,11,14,-8,66,74,-50,189,239,22
"14","1403",2013,"female","Foreign",72,69,122,53,3,19,16,14,115,101,8
"14","1403",2014,"male","Austrian",-10,0,17,17,-10,50,60,19,206,187,18
"14","1403",2014,"male","Foreign",59,41,140,99,18,30,12,-13,133,146,6
"14","1403",2014,"female","Austrian",-5,-6,8,14,1,65,64,22,200,178,20
"14","1403",2014,"female","Foreign",64,60,113,53,4,20,16,-5,121,126,5
"14","1403",2015,"male","Austrian",-27,5,23,18,-32,48,80,-11,181,192,20
"14","1403",2015,"male","Foreign",88,76,145,69,12,37,25,-7,160,167,10
"14","1403",2015,"female","Austrian",-48,-14,7,21,-34,61,95,2,203,201,18
"14","1403",2015,"female","Foreign",91,81,133,52,10,31,21,-1,134,135,8
"14","1403",2016,"male","Austrian",-25,-11,12,23,-14,56,70,-26,197,223,21
"14","1403",2016,"male","Foreign",63,44,108,64,19,44,25,-1,182,183,9
"14","1403",2016,"female","Austrian",-8,-11,10,21,3,70,67,-28,206,234,22
"14","1403",2016,"female","Foreign",77,62,120,58,15,37,22,-22,156,178,5
"14","1403",2017,"male","Austrian",5,-3,16,19,8,60,52,-1,215,216,20
"14","1403",2017,"male","Foreign",22,17,102,85,5,36,31,10,201,191,3
"14","1403",2017,"female","Austrian",6,1,11,10,5,73,68,8,211,203,22
"14","1403",2017,"female","Foreign",34,35,126,91,-1,21,22,-27,154,181,7
"14","1403",2018,"male","Austrian",-19,2,22,20,-21,53,74,-47,171,218,12
"14","1403",2018,"male","Foreign",7,15,103,88,-8,22,30,24,223,199,6
"14","1403",2018,"female","Austrian",-33,-13,12,25,-20,61,81,-58,166,224,18
"14","1403",2018,"female","Foreign",1,9,88,79,-8,19,27,-10,172,182,6
"14","1403",2019,"male","Austrian",-32,-7,8,15,-25,52,77,-4,180,184,13
"14","1403",2019,"male","Foreign",23,35,125,90,-12,31,43,-8,180,188,7
"14","1403",2019,"female","Austrian",-37,0,8,8,-37,50,87,-25,164,189,14
"14","1403",2019,"female","Foreign",41,49,119,70,-8,25,33,16,169,153,7
"14","1403",2020,"male","Austrian",-23,-4,12,16,-19,45,64,-9,187,196,12
"14","1403",2020,"male","Foreign",1,15,83,68,-14,16,30,-26,164,190,5
"14","1403",2020,"female","Austrian",-37,-7,5,12,-30,47,77,19,222,203,14
"14","1403",2020,"female","Foreign",22,15,71,56,7,25,18,-37,152,189,9
"14","1403",2021,"male","Austrian",-26,-9,7,16,-17,50,67,1,172,171,15
"14","1403",2021,"male","Foreign",5,-9,73,82,14,38,24,-6,180,186,6
"14","1403",2021,"female","Austrian",-15,-4,6,10,-11,67,78,-15,183,198,18
"14","1403",2021,"female","Foreign",2,-4,70,74,6,32,26,-7,136,143,6
"14","1403",2022,"male","Austrian",7,9,19,10,-2,75,77,33,232,199,16
"14","1403",2022,"male","Foreign",48,38,130,92,10,39,29,-5,194,199,13
"14","1403",2022,"female","Austrian",12,2,20,18,10,77,67,37,253,216,13
"14","1403",2022,"female","Foreign",128,130,200,70,-2,30,32,37,220,183,13
"14","1403",2023,"male","Austrian",-4,-1,14,15,-3,69,72,162,328,166,29
"14","1403",2023,"male","Foreign",99,83,155,72,16,40,24,93,275,182,10
"14","1403",2023,"female","Austrian",-18,-4,10,14,-14,75,89,183,361,178,33
"14","1403",2023,"female","Foreign",71,73,146,73,-2,24,26,107,281,174,19
"14","1404",2007,"male","Austrian",-7,7,38,31,-14,102,116,15,416,401,53
"14","1404",2007,"male","Foreign",68,68,161,93,0,36,36,14,275,261,28
"14","1404",2007,"female","Austrian",-41,-12,14,26,-29,99,128,-34,393,427,63
"14","1404",2007,"female","Foreign",92,78,162,84,14,34,20,-9,209,218,28
"14","1404",2008,"male","Austrian",-49,-8,30,38,-41,91,132,-30,422,452,67
"14","1404",2008,"male","Foreign",96,76,180,104,20,47,27,18,261,243,16
"14","1404",2008,"female","Austrian",-64,-26,14,40,-38,108,146,-9,465,474,62
"14","1404",2008,"female","Foreign",94,75,144,69,19,43,24,21,231,210,16
"14","1404",2009,"male","Austrian",-14,-4,40,44,-10,126,136,-28,383,411,76
"14","1404",2009,"male","Foreign",36,11,167,156,25,45,20,12,298,286,38
"14","1404",2009,"female","Austrian",-45,-10,20,30,-35,104,139,-74,366,440,53
"14","1404",2009,"female","Foreign",58,39,137,98,19,39,20,13,239,226,34
"14","1404",2010,"male","Austrian",-44,-16,36,52,-28,99,127,70,417,347,60
"14","1404",2010,"male","Foreign",69,49,194,145,20,47,27,9,305,296,30
"14","1404",2010,"female","Austrian",-16,-12,17,29,-4,115,119,40,418,378,53
"14","1404",2010,"female","Foreign",79,73,189,116,6,28,22,-4,254,258,27
"14","1404",2011,"male","Austrian",-37,-16,32,48,-21,113,134,-48,391,439,58
"14","1404",2011,"male","Foreign",38,34,210,176,4,33,29,-4,304,308,17
"14","1404",2011,"female","Austrian",-39,-13,15,28,-26,111,137,-47,360,407,66
"14","1404",2011,"female","Foreign",59,64,203,139,-5,19,24,5,230,225,24
"14","1404",2012,"male","Austrian",-6,-20,24,44,14,143,129,31,458,427,64
"14","1404",2012,"male","Foreign",135,114,249,135,21,49,28,16,354,338,35
"14","1404",2012,"female","Austrian",-47,-17,18,35,-30,120,150,-8,422,430,77
"14","1404",2012,"female","Foreign",152,117,212,95,35,55,20,-1,274,275,39
"14","1404",2013,"male","Austrian",-50,-14,28,42,-36,120,156,47,451,404,80
"14","1404",2013,"male","Foreign",113,116,265,149,-3,41,44,-27,343,370,27
"14","1404",2013,"female","Austrian",-41,-20,9,29,-21,129,150,63,432,369,66
"14","1404",2013,"female","Foreign",138,153,270,117,-15,27,42,5,284,279,25
"14","1404",2014,"male","Austrian",-13,-9,29,38,-4,114,118,-44,401,445,45
"14","1404",2014,"male","Foreign",171,152,329,177,19,63,44,44,402,358,26
"14","1404",2014,"female","Austrian",-22,-12,13,25,-10,126,136,-45,381,426,45
"14","1404",2014,"female","Foreign",107,115,254,139,-8,31,39,-10,308,318,38
"14","1404",2015,"male","Austrian",-45,-7,35,42,-38,104,142,-30,405,435,75
"14","1404",2015,"male","Foreign",237,218,383,165,19,86,67,134,555,421,48
"14","1404",2015,"female","Austrian",-62,2,16,14,-64,85,149,26,412,386,74
"14","1404",2015,"female","Foreign",179,170,285,115,9,46,37,66,379,313,43
"14","1404",2016,"male","Austrian",-37,-4,27,31,-33,117,150,-61,353,414,59
"14","1404",2016,"male","Foreign",204,116,278,162,88,160,72,-2,603,605,45
"14","1404",2016,"female","Austrian",-66,-4,15,19,-62,108,170,-129,374,503,65
"14","1404",2016,"female","Foreign",111,89,224,135,22,68,46,-17,372,389,47
"14","1404",2017,"male","Austrian",-52,-11,17,28,-41,88,129,-74,337,411,46
"14","1404",2017,"male","Foreign",196,108,312,204,88,146,58,58,683,625,30
"14","1404",2017,"female","Austrian",-44,1,11,10,-45,85,130,-153,302,455,43
"14","1404",2017,"female","Foreign",171,125,237,112,46,87,41,-4,377,381,36
"14","1404",2018,"male","Austrian",-33,-7,23,30,-26,97,123,11,401,390,53
"14","1404",2018,"male","Foreign",77,94,299,205,-17,64,81,-113,569,682,35
"14","1404",2018,"female","Austrian",-75,10,22,12,-85,88,173,9,388,379,60
"14","1404",2018,"female","Foreign",118,121,233,112,-3,59,62,-67,408,475,42
"14","1404",2019,"male","Austrian",-37,-10,17,27,-27,106,133,109,473,364,62
"14","1404",2019,"male","Foreign",134,112,299,187,22,90,68,-39,645,684,50
"14","1404",2019,"female","Austrian",-63,-18,9,27,-45,91,136,179,561,382,61
"14","1404",2019,"female","Foreign",120,103,203,100,17,67,50,47,498,451,41
"14","1404",2020,"male","Austrian",-43,-4,20,24,-39,111,150,15,411,396,52
"14","1404",2020,"male","Foreign",-18,-26,181,207,8,74,66,51,567,516,59
"14","1404",2020,"female","Austrian",-69,-6,16,22,-63,101,164,31,422,391,70
"14","1404",2020,"female","Foreign",30,24,137,113,6,52,46,11,393,382,46
"14","1404",2021,"male","Austrian",-91,-15,20,35,-76,84,160,-21,349,370,50
"14","1404",2021,"male","Foreign",72,9,196,187,63,127,64,-85,560,645,49
"14","1404",2021,"female","Austrian",-94,-9,15,24,-85,84,169,-45,355,400,60
"14","1404",2021,"female","Foreign",52,53,151,98,-1,38,39,14,420,406,35
"14","1404",2022,"male","Austrian",-65,-10,24,34,-55,89,144,-101,337,438,52
"14","1404",2022,"male","Foreign",262,128,287,159,134,218,84,40,720,680,48
"14","1404",2022,"female","Austrian",-86,-14,18,32,-72,95,167,-85,324,409,57
"14","1404",2022,"female","Foreign",173,142,280,138,31,89,58,-25,443,468,38
"14","1404",2023,"male","Austrian",-65,-3,22,25,-62,88,150,-86,308,394,55
"14","1404",2023,"male","Foreign",249,103,289,186,146,247,101,-138,732,870,60
"14","1404",2023,"female","Austrian",-68,-2,21,23,-66,79,145,-46,382,428,54
"14","1404",2023,"female","Foreign",128,86,222,136,42,92,50,-1,472,473,51
"14","1405",2007,"male","Austrian",-15,-1,5,6,-14,19,33,23,97,74,9
"14","1405",2007,"male","Foreign",6,4,11,7,2,2,0,3,24,21,0
"14","1405",2007,"female","Austrian",-16,0,1,1,-16,17,33,52,113,61,15
"14","1405",2007,"female","Foreign",3,2,8,6,1,4,3,12,23,11,0
"14","1405",2008,"male","Austrian",-12,-3,7,10,-9,21,30,64,134,70,13
"14","1405",2008,"male","Foreign",10,7,14,7,3,3,0,3,23,20,0
"14","1405",2008,"female","Austrian",-29,1,3,2,-30,16,46,49,125,76,8
"14","1405",2008,"female","Foreign",-2,-4,6,10,2,3,1,0,19,19,0
"14","1405",2009,"male","Austrian",-8,0,5,5,-8,25,33,0,92,92,13
"14","1405",2009,"male","Foreign",3,0,11,11,3,3,0,9,36,27,2
"14","1405",2009,"female","Austrian",-6,0,3,3,-6,25,31,-5,92,97,10
"14","1405",2009,"female","Foreign",6,5,14,9,1,3,2,2,20,18,0
"14","1405",2010,"male","Austrian",-12,-4,2,6,-8,21,29,-11,87,98,13
"14","1405",2010,"male","Foreign",-4,-8,15,23,4,5,1,9,26,17,0
"14","1405",2010,"female","Austrian",-6,1,4,3,-7,24,31,14,83,69,10
"14","1405",2010,"female","Foreign",10,9,22,13,1,3,2,9,31,22,1
"14","1405",2011,"male","Austrian",-4,0,5,5,-4,18,22,12,91,79,8
"14","1405",2011,"male","Foreign",14,10,17,7,4,6,2,-7,19,26,0
"14","1405",2011,"female","Austrian",-12,-1,4,5,-11,15,26,-10,75,85,5
"14","1405",2011,"female","Foreign",11,8,18,10,3,4,1,7,24,17,0
"14","1405",2012,"male","Austrian",1,-3,5,8,4,25,21,41,125,84,13
"14","1405",2012,"male","Foreign",1,1,11,10,0,1,1,13,34,21,2
"14","1405",2012,"female","Austrian",-7,-5,2,7,-2,23,25,45,115,70,21
"14","1405",2012,"female","Foreign",5,8,14,6,-3,0,3,1,21,20,2
"14","1405",2013,"male","Austrian",-3,-1,4,5,-2,23,25,19,101,82,8
"14","1405",2013,"male","Foreign",23,20,26,6,3,4,1,8,39,31,2
"14","1405",2013,"female","Austrian",8,-3,2,5,11,31,20,27,92,65,3
"14","1405",2013,"female","Foreign",23,19,21,2,4,6,2,8,26,18,2
"14","1405",2014,"male","Austrian",-8,0,5,5,-8,14,22,10,79,69,10
"14","1405",2014,"male","Foreign",16,7,19,12,9,10,1,18,48,30,4
"14","1405",2014,"female","Austrian",7,6,9,3,1,21,20,-10,72,82,7
"14","1405",2014,"female","Foreign",25,21,33,12,4,7,3,10,32,22,0
"14","1405",2015,"male","Austrian",-12,1,6,5,-13,18,31,-17,93,110,7
"14","1405",2015,"male","Foreign",14,19,33,14,-5,4,9,2,47,45,0
"14","1405",2015,"female","Austrian",-25,-2,0,2,-23,23,46,5,84,79,9
"14","1405",2015,"female","Foreign",16,18,31,13,-2,3,5,-12,37,49,0
"14","1405",2016,"male","Austrian",1,0,3,3,1,20,19,13,85,72,9
"14","1405",2016,"male","Foreign",18,15,31,16,3,5,2,23,67,44,3
"14","1405",2016,"female","Austrian",-12,-2,1,3,-10,15,25,-30,77,107,10
"14","1405",2016,"female","Foreign",6,9,31,22,-3,1,4,21,54,33,2
"14","1405",2017,"male","Austrian",-17,-8,3,11,-9,20,29,28,97,69,12
"14","1405",2017,"male","Foreign",11,13,30,17,-2,4,6,3,59,56,2
"14","1405",2017,"female","Austrian",-18,-4,0,4,-14,15,29,19,88,69,9
"14","1405",2017,"female","Foreign",8,11,30,19,-3,6,9,30,58,28,1
"14","1405",2018,"male","Austrian",-4,3,11,8,-7,18,25,106,159,53,11
"14","1405",2018,"male","Foreign",-8,-11,21,32,3,5,2,31,80,49,1
"14","1405",2018,"female","Austrian",1,0,2,2,1,25,24,100,165,65,22
"14","1405",2018,"female","Foreign",19,13,31,18,6,6,0,21,61,40,0
"14","1405",2019,"male","Austrian",11,5,6,1,6,19,13,27,116,89,10
"14","1405",2019,"male","Foreign",10,11,24,13,-1,8,9,6,68,62,0
"14","1405",2019,"female","Austrian",0,2,8,6,-2,19,21,12,81,69,17
"14","1405",2019,"female","Foreign",0,0,18,18,0,8,8,-3,60,63,0
"14","1405",2020,"male","Austrian",-14,-3,3,6,-11,18,29,8,78,70,15
"14","1405",2020,"male","Foreign",-3,5,19,14,-8,3,11,5,67,62,0
"14","1405",2020,"female","Austrian",-7,-6,1,7,-1,23,24,7,86,79,18
"14","1405",2020,"female","Foreign",2,3,15,12,-1,4,5,8,64,56,2
"14","1405",2021,"male","Austrian",-10,1,5,4,-11,14,25,11,89,78,13
"14","1405",2021,"male","Foreign",-15,-8,8,16,-7,7,14,-26,46,72,1
"14","1405",2021,"female","Austrian",-7,2,4,2,-9,13,22,14,97,83,6
"14","1405",2021,"female","Foreign",4,5,18,13,-1,4,5,-13,39,52,2
"14","1405",2022,"male","Austrian",-1,2,7,5,-3,20,23,6,97,91,8
"14","1405",2022,"male","Foreign",14,13,26,13,1,11,10,-1,48,49,0
"14","1405",2022,"female","Austrian",-20,-1,4,5,-19,14,33,-4,95,99,14
"14","1405",2022,"female","Foreign",25,26,39,13,-1,6,7,18,59,41,0
"14","1405",2023,"male","Austrian",-9,0,3,3,-9,17,26,-5,68,73,6
"14","1405",2023,"male","Foreign",11,6,19,13,5,12,7,9,54,45,2
"14","1405",2023,"female","Austrian",-14,-6,1,7,-8,17,25,5,93,88,10
"14","1405",2023,"female","Foreign",0,-2,15,17,2,10,8,17,58,41,3
"14","1406",2007,"male","Austrian",-53,-5,19,24,-48,54,102,4,257,253,32
"14","1406",2007,"male","Foreign",53,51,96,45,2,12,10,2,148,146,8
"14","1406",2007,"female","Austrian",-29,-7,6,13,-22,68,90,73,336,263,25
"14","1406",2007,"female","Foreign",56,56,80,24,0,15,15,1,115,114,2
"14","1406",2008,"male","Austrian",-36,4,26,22,-40,57,97,17,269,252,29
"14","1406",2008,"male","Foreign",27,28,80,52,-1,14,15,35,129,94,7
"14","1406",2008,"female","Austrian",-48,-12,6,18,-36,56,92,64,325,261,37
"14","1406",2008,"female","Foreign",39,36,80,44,3,12,9,14,111,97,8
"14","1406",2009,"male","Austrian",-17,-9,12,21,-8,68,76,4,226,222,37
"14","1406",2009,"male","Foreign",12,13,65,52,-1,11,12,27,151,124,5
"14","1406",2009,"female","Austrian",-15,-5,10,15,-10,58,68,54,270,216,45
"14","1406",2009,"female","Foreign",22,19,59,40,3,16,13,-10,116,126,3
"14","1406",2010,"male","Austrian",10,4,29,25,6,84,78,24,254,230,29
"14","1406",2010,"male","Foreign",14,9,81,72,5,17,12,-24,117,141,2
"14","1406",2010,"female","Austrian",10,2,14,12,8,98,90,-46,291,337,28
"14","1406",2010,"female","Foreign",47,39,94,55,8,17,9,6,126,120,7
"14","1406",2011,"male","Austrian",-34,-14,12,26,-20,76,96,-12,238,250,46
"14","1406",2011,"male","Foreign",54,47,97,50,7,14,7,30,161,131,4
"14","1406",2011,"female","Austrian",-43,-7,8,15,-36,75,111,48,285,237,34
"14","1406",2011,"female","Foreign",39,38,80,42,1,12,11,29,141,112,7
"14","1406",2012,"male","Austrian",-21,-8,12,20,-13,69,82,-23,249,272,30
"14","1406",2012,"male","Foreign",27,37,96,59,-10,14,24,-9,167,176,10
"14","1406",2012,"female","Austrian",-19,0,12,12,-19,63,82,8,278,270,28
"14","1406",2012,"female","Foreign",92,78,126,48,14,26,12,-9,150,159,11
"14","1406",2013,"male","Austrian",16,-6,13,19,22,89,67,16,251,235,20
"14","1406",2013,"male","Foreign",61,59,127,68,2,23,21,2,167,165,24
"14","1406",2013,"female","Austrian",-22,-4,9,13,-18,69,87,44,285,241,43
"14","1406",2013,"female","Foreign",32,49,108,59,-17,17,34,8,155,147,11
"14","1406",2014,"male","Austrian",-7,-15,11,26,8,79,71,-6,242,248,40
"14","1406",2014,"male","Foreign",97,77,161,84,20,33,13,49,209,160,11
"14","1406",2014,"female","Austrian",-9,-4,6,10,-5,78,83,40,299,259,83
"14","1406",2014,"female","Foreign",91,90,166,76,1,18,17,-18,160,178,11
"14","1406",2015,"male","Austrian",-19,-1,12,13,-18,67,85,-6,233,239,22
"14","1406",2015,"male","Foreign",183,159,237,78,24,55,31,25,245,220,11
"14","1406",2015,"female","Austrian",-21,-6,9,15,-15,69,84,51,279,228,28
"14","1406",2015,"female","Foreign",104,108,157,49,-4,26,30,26,203,177,9
"14","1406",2016,"male","Austrian",-34,-2,11,13,-32,60,92,10,242,232,25
"14","1406",2016,"male","Foreign",60,61,151,90,-1,39,40,3,298,295,18
"14","1406",2016,"female","Austrian",-25,3,7,4,-28,58,86,67,279,212,22
"14","1406",2016,"female","Foreign",45,61,132,71,-16,23,39,-18,195,213,17
"14","1406",2017,"male","Austrian",-55,-9,12,21,-46,54,100,-22,212,234,28
"14","1406",2017,"male","Foreign",23,37,131,94,-14,37,51,30,324,294,13
"14","1406",2017,"female","Austrian",-33,-10,6,16,-23,72,95,43,266,223,30
"14","1406",2017,"female","Foreign",92,91,148,57,1,36,35,33,243,210,11
"14","1406",2018,"male","Austrian",-27,-12,13,25,-15,71,86,-11,239,250,29
"14","1406",2018,"male","Foreign",55,55,154,99,0,44,44,24,370,346,13
"14","1406",2018,"female","Austrian",-64,-16,7,23,-48,44,92,18,269,251,31
"14","1406",2018,"female","Foreign",10,9,93,84,1,33,32,-49,211,260,14
"14","1406",2019,"male","Austrian",-32,-15,14,29,-17,81,98,-30,216,246,29
"14","1406",2019,"male","Foreign",29,16,150,134,13,32,19,-47,342,389,19
"14","1406",2019,"female","Austrian",-32,-12,12,24,-20,68,88,22,271,249,35
"14","1406",2019,"female","Foreign",79,60,126,66,19,34,15,37,248,211,13
"14","1406",2020,"male","Austrian",-47,-9,13,22,-38,44,82,9,242,233,11
"14","1406",2020,"male","Foreign",2,3,100,97,-1,43,44,-14,269,283,16
"14","1406",2020,"female","Austrian",-46,-2,16,18,-44,56,100,-1,255,256,28
"14","1406",2020,"female","Foreign",23,29,87,58,-6,22,28,-32,213,245,8
"14","1406",2021,"male","Austrian",-38,2,14,12,-40,50,90,10,222,212,21
"14","1406",2021,"male","Foreign",31,2,98,96,29,72,43,35,325,290,12
"14","1406",2021,"female","Austrian",-52,-8,5,13,-44,53,97,44,281,237,34
"14","1406",2021,"female","Foreign",23,17,88,71,6,28,22,-12,211,223,9
"14","1406",2022,"male","Austrian",-22,2,13,11,-24,59,83,159,408,249,39
"14","1406",2022,"male","Foreign",149,107,205,98,42,86,44,96,454,358,17
"14","1406",2022,"female","Austrian",-24,1,10,9,-25,64,89,190,453,263,40
"14","1406",2022,"female","Foreign",153,130,189,59,23,60,37,127,387,260,24
"14","1406",2023,"male","Austrian",-23,-6,11,17,-17,63,80,101,311,210,26
"14","1406",2023,"male","Foreign",111,53,182,129,58,95,37,52,418,366,26
"14","1406",2023,"female","Austrian",-38,-10,4,14,-28,68,96,95,337,242,27
"14","1406",2023,"female","Foreign",68,45,120,75,23,63,40,36,279,243,19
"14","1407",2007,"male","Austrian",-7,-10,3,13,3,16,13,6,79,73,3
"14","1407",2007,"male","Foreign",1,2,10,8,-1,0,1,18,41,23,1
"14","1407",2007,"female","Austrian",-19,-7,1,8,-12,10,22,-11,69,80,7
"14","1407",2007,"female","Foreign",0,0,9,9,0,0,0,21,37,16,0
"14","1407",2008,"male","Austrian",-25,-5,5,10,-20,7,27,5,71,66,17
"14","1407",2008,"male","Foreign",2,3,10,7,-1,0,1,14,33,19,0
"14","1407",2008,"female","Austrian",-14,-2,1,3,-12,8,20,-1,71,72,12
"14","1407",2008,"female","Foreign",-1,-1,10,11,0,0,0,17,35,18,0
"14","1407",2009,"male","Austrian",-11,-5,2,7,-6,11,17,19,86,67,9
"14","1407",2009,"male","Foreign",0,-1,8,9,1,2,1,10,25,15,0
"14","1407",2009,"female","Austrian",-13,-1,1,2,-12,4,16,0,61,61,9
"14","1407",2009,"female","Foreign",-3,-5,5,10,2,5,3,12,31,19,0
"14","1407",2010,"male","Austrian",-18,-6,4,10,-12,7,19,4,69,65,5
"14","1407",2010,"male","Foreign",-7,-6,9,15,-1,0,1,9,36,27,0
"14","1407",2010,"female","Austrian",-18,-4,0,4,-14,9,23,16,81,65,8
"14","1407",2010,"female","Foreign",0,0,10,10,0,1,1,12,38,26,0
"14","1407",2011,"male","Austrian",-6,2,6,4,-8,11,19,-23,56,79,10
"14","1407",2011,"male","Foreign",0,0,11,11,0,1,1,26,56,30,1
"14","1407",2011,"female","Austrian",-10,-4,0,4,-6,11,17,-28,54,82,8
"14","1407",2011,"female","Foreign",-5,-3,9,12,-2,2,4,22,42,20,1
"14","1407",2012,"male","Austrian",1,1,5,4,0,17,17,-8,58,66,5
"14","1407",2012,"male","Foreign",-5,-2,10,12,-3,2,5,35,58,23,1
"14","1407",2012,"female","Austrian",-13,-2,1,3,-11,11,22,3,61,58,6
"14","1407",2012,"female","Foreign",4,3,9,6,1,2,1,42,66,24,0
"14","1407",2013,"male","Austrian",-11,2,6,4,-13,16,29,10,68,58,0
"14","1407",2013,"male","Foreign",11,10,20,10,1,4,3,17,52,35,1
"14","1407",2013,"female","Austrian",-19,4,9,5,-23,14,37,-11,67,78,2
"14","1407",2013,"female","Foreign",1,4,12,8,-3,1,4,20,45,25,1
"14","1407",2014,"male","Austrian",-8,-4,6,10,-4,16,20,-6,66,72,5
"14","1407",2014,"male","Foreign",8,8,21,13,0,2,2,0,38,38,0
"14","1407",2014,"female","Austrian",-23,-5,0,5,-18,7,25,-9,63,72,4
"14","1407",2014,"female","Foreign",11,12,24,12,-1,2,3,13,49,36,0
"14","1407",2015,"male","Austrian",3,4,9,5,-1,16,17,-18,67,85,3
"14","1407",2015,"male","Foreign",12,8,14,6,4,6,2,25,57,32,2
"14","1407",2015,"female","Austrian",-23,-3,0,3,-20,6,26,-24,58,82,4
"14","1407",2015,"female","Foreign",-2,5,14,9,-7,0,7,40,55,15,2
"14","1407",2016,"male","Austrian",-7,3,5,2,-10,12,22,-5,54,59,2
"14","1407",2016,"male","Foreign",5,9,20,11,-4,1,5,14,40,26,1
"14","1407",2016,"female","Austrian",-20,-1,1,2,-19,10,29,-16,47,63,0
"14","1407",2016,"female","Foreign",5,6,12,6,-1,5,6,17,49,32,3
"14","1407",2017,"male","Austrian",-31,-11,0,11,-20,8,28,-13,47,60,5
"14","1407",2017,"male","Foreign",-10,-9,7,16,-1,2,3,5,30,25,2
"14","1407",2017,"female","Austrian",-15,-8,2,10,-7,14,21,-26,34,60,5
"14","1407",2017,"female","Foreign",4,4,10,6,0,3,3,14,35,21,5
"14","1407",2018,"male","Austrian",-3,0,4,4,-3,10,13,12,64,52,9
"14","1407",2018,"male","Foreign",3,3,8,5,0,2,2,39,66,27,1
"14","1407",2018,"female","Austrian",-5,1,5,4,-6,11,17,0,53,53,8
"14","1407",2018,"female","Foreign",1,3,10,7,-2,3,5,30,57,27,1
"14","1407",2019,"male","Austrian",-10,-2,5,7,-8,11,19,-21,49,70,6
"14","1407",2019,"male","Foreign",8,8,15,7,0,3,3,45,82,37,1
"14","1407",2019,"female","Austrian",-11,-2,0,2,-9,7,16,-26,44,70,6
"14","1407",2019,"female","Foreign",4,3,12,9,1,3,2,38,80,42,2
"14","1407",2020,"male","Austrian",-33,-5,3,8,-28,4,32,-9,50,59,1
"14","1407",2020,"male","Foreign",10,9,20,11,1,2,1,44,80,36,0
"14","1407",2020,"female","Austrian",-21,0,1,1,-21,7,28,7,65,58,1
"14","1407",2020,"female","Foreign",0,8,16,8,-8,0,8,51,79,28,0
"14","1407",2021,"male","Austrian",-19,0,3,3,-19,6,25,-21,40,61,2
"14","1407",2021,"male","Foreign",-26,-18,6,24,-8,6,14,47,72,25,1
"14","1407",2021,"female","Austrian",-23,1,4,3,-24,7,31,-35,35,70,3
"14","1407",2021,"female","Foreign",-16,-11,6,17,-5,1,6,20,56,36,0
"14","1407",2022,"male","Austrian",-9,-1,4,5,-8,9,17,-18,48,66,4
"14","1407",2022,"male","Foreign",3,8,24,16,-5,5,10,30,63,33,4
"14","1407",2022,"female","Austrian",-14,-3,1,4,-11,7,18,-11,44,55,5
"14","1407",2022,"female","Foreign",3,8,22,14,-5,2,7,16,49,33,2
"14","1407",2023,"male","Austrian",-9,2,5,3,-11,9,20,-31,37,68,3
"14","1407",2023,"male","Foreign",7,1,17,16,6,11,5,-10,55,65,1
"14","1407",2023,"female","Austrian",-9,-2,2,4,-7,9,16,0,55,55,2
"14","1407",2023,"female","Foreign",7,5,7,2,2,8,6,0,41,41,1
"14","1408",2007,"male","Austrian",1,4,9,5,-3,13,16,30,89,59,1
"14","1408",2007,"male","Foreign",8,5,13,8,3,4,1,14,27,13,1
"14","1408",2007,"female","Austrian",-5,-1,5,6,-4,20,24,23,90,67,9
"14","1408",2007,"female","Foreign",15,13,19,6,2,2,0,10,27,17,1
"14","1408",2008,"male","Austrian",-11,7,10,3,-18,14,32,-18,66,84,11
"14","1408",2008,"male","Foreign",-3,0,10,10,-3,1,4,2,24,22,0
"14","1408",2008,"female","Austrian",4,1,5,4,3,24,21,5,77,72,6
"14","1408",2008,"female","Foreign",1,3,7,4,-2,1,3,-5,18,23,0
"14","1408",2009,"male","Austrian",-15,-6,4,10,-9,14,23,-2,91,93,16
"14","1408",2009,"male","Foreign",-5,-4,7,11,-1,3,4,8,23,15,0
"14","1408",2009,"female","Austrian",-16,1,5,4,-17,20,37,-3,76,79,11
"14","1408",2009,"female","Foreign",2,4,14,10,-2,1,3,6,24,18,0
"14","1408",2010,"male","Austrian",-7,-2,4,6,-5,21,26,42,97,55,7
"14","1408",2010,"male","Foreign",3,-2,6,8,5,6,1,3,27,24,1
"14","1408",2010,"female","Austrian",-21,-3,0,3,-18,14,32,7,87,80,3
"14","1408",2010,"female","Foreign",10,4,10,6,6,6,0,4,29,25,1
"14","1408",2011,"male","Austrian",-5,-3,2,5,-2,15,17,17,87,70,4
"14","1408",2011,"male","Foreign",11,9,19,10,2,7,5,12,35,23,0
"14","1408",2011,"female","Austrian",-17,-2,2,4,-15,15,30,6,71,65,7
"14","1408",2011,"female","Foreign",0,2,16,14,-2,4,6,12,31,19,1
"14","1408",2012,"male","Austrian",-9,2,4,2,-11,20,31,-3,91,94,5
"14","1408",2012,"male","Foreign",15,9,17,8,6,9,3,13,49,36,3
"14","1408",2012,"female","Austrian",-9,-2,2,4,-7,20,27,1,88,87,5
"14","1408",2012,"female","Foreign",2,1,16,15,1,2,1,0,34,34,4
"14","1408",2013,"male","Austrian",6,-1,3,4,7,25,18,11,89,78,4
"14","1408",2013,"male","Foreign",2,-4,12,16,6,13,7,-3,35,38,0
"14","1408",2013,"female","Austrian",2,0,3,3,2,27,25,-10,95,105,3
"14","1408",2013,"female","Foreign",4,4,15,11,0,4,4,4,21,17,0
"14","1408",2014,"male","Austrian",-13,-4,5,9,-9,11,20,48,109,61,5
"14","1408",2014,"male","Foreign",16,12,32,20,4,8,4,30,49,19,0
"14","1408",2014,"female","Austrian",-11,-7,1,8,-4,17,21,52,114,62,5
"14","1408",2014,"female","Foreign",13,18,27,9,-5,3,8,36,52,16,1
"14","1408",2015,"male","Austrian",-4,-4,1,5,0,16,16,-6,62,68,10
"14","1408",2015,"male","Foreign",22,16,29,13,6,15,9,26,71,45,2
"14","1408",2015,"female","Austrian",-23,1,5,4,-24,14,38,-18,62,80,10
"14","1408",2015,"female","Foreign",18,15,24,9,3,5,2,23,54,31,3
"14","1408",2016,"male","Austrian",-11,2,5,3,-13,10,23,22,87,65,9
"14","1408",2016,"male","Foreign",15,12,22,10,3,12,9,11,57,46,2
"14","1408",2016,"female","Austrian",-17,-5,0,5,-12,10,22,2,64,62,9
"14","1408",2016,"female","Foreign",15,19,26,7,-4,5,9,18,50,32,1
"14","1408",2017,"male","Austrian",-13,-3,6,9,-10,21,31,26,91,65,8
"14","1408",2017,"male","Foreign",1,5,19,14,-4,3,7,15,54,39,0
"14","1408",2017,"female","Austrian",-3,6,10,4,-9,24,33,19,88,69,10
"14","1408",2017,"female","Foreign",1,6,17,11,-5,5,10,12,42,30,1
"14","1408",2018,"male","Austrian",-7,-7,3,10,0,16,16,3,87,84,7
"14","1408",2018,"male","Foreign",-1,5,18,13,-6,4,10,37,87,50,5
"14","1408",2018,"female","Austrian",-11,-2,4,6,-9,18,27,11,85,74,10
"14","1408",2018,"female","Foreign",3,2,17,15,1,5,4,34,70,36,9
"14","1408",2019,"male","Austrian",-15,-2,4,6,-13,13,26,0,77,77,9
"14","1408",2019,"male","Foreign",11,7,20,13,4,9,5,17,59,42,2
"14","1408",2019,"female","Austrian",-15,-4,3,7,-11,14,25,-3,85,88,5
"14","1408",2019,"female","Foreign",10,-1,11,12,11,14,3,18,51,33,2
"14","1408",2020,"male","Austrian",-17,-5,0,5,-12,18,30,17,86,69,6
"14","1408",2020,"male","Foreign",-3,-4,23,27,1,4,3,17,56,39,2
"14","1408",2020,"female","Austrian",-8,0,3,3,-8,15,23,7,85,78,4
"14","1408",2020,"female","Foreign",9,11,21,10,-2,3,5,25,58,33,0
"14","1408",2021,"male","Austrian",-22,3,6,3,-25,10,35,23,80,57,9
"14","1408",2021,"male","Foreign",-3,1,12,11,-4,10,14,27,82,55,3
"14","1408",2021,"female","Austrian",-19,0,2,2,-19,11,30,-4,60,64,8
"14","1408",2021,"female","Foreign",1,8,19,11,-7,5,12,5,69,64,4
"14","1408",2022,"male","Austrian",-20,-9,0,9,-11,13,24,-3,62,65,5
"14","1408",2022,"male","Foreign",20,24,35,11,-4,13,17,-1,71,72,4
"14","1408",2022,"female","Austrian",-11,-3,2,5,-8,15,23,-19,68,87,5
"14","1408",2022,"female","Foreign",28,26,40,14,2,9,7,39,82,43,5
"14","1408",2023,"male","Austrian",-15,-2,3,5,-13,11,24,5,88,83,9
"14","1408",2023,"male","Foreign",2,-1,20,21,3,8,5,34,90,56,5
"14","1408",2023,"female","Austrian",-6,3,8,5,-9,16,25,-23,78,101,7
"14","1408",2023,"female","Foreign",2,9,25,16,-7,6,13,25,73,48,9
"14","1409",2007,"male","Austrian",15,15,20,5,0,3,3,25,59,34,1
"14","1409",2007,"male","Foreign",5,7,56,49,-2,1,3,-118,8,126,0
"14","1409",2007,"female","Austrian",3,0,1,1,3,3,0,0,19,19,3
"14","1409",2007,"female","Foreign",-5,-5,8,13,0,1,1,-21,6,27,0
"14","1409",2008,"male","Austrian",6,6,40,34,0,5,5,64,102,38,3
"14","1409",2008,"male","Foreign",5,5,10,5,0,1,1,8,18,10,1
"14","1409",2008,"female","Austrian",12,10,13,3,2,9,7,41,60,19,1
"14","1409",2008,"female","Foreign",-2,-1,0,1,-1,1,2,0,8,8,0
"14","1409",2009,"male","Austrian",-6,-3,22,25,-3,4,7,0,64,64,1
"14","1409",2009,"male","Foreign",-7,-7,1,8,0,0,0,0,8,8,0
"14","1409",2009,"female","Austrian",1,-4,9,13,5,7,2,6,49,43,1
"14","1409",2009,"female","Foreign",1,0,2,2,1,1,0,2,9,7,0
"14","1409",2010,"male","Austrian",-9,-11,21,32,2,6,4,-15,85,100,0
"14","1409",2010,"male","Foreign",-8,-7,0,7,-1,1,2,6,13,7,0
"14","1409",2010,"female","Austrian",3,3,11,8,0,1,1,-16,49,65,2
"14","1409",2010,"female","Foreign",0,-1,0,1,1,2,1,-2,12,14,1
"14","1409",2011,"male","Austrian",5,2,31,29,3,7,4,-2,73,75,0
"14","1409",2011,"male","Foreign",-1,-1,5,6,0,0,0,-1,10,11,0
"14","1409",2011,"female","Austrian",8,7,11,4,1,4,3,21,53,32,1
"14","1409",2011,"female","Foreign",-1,0,3,3,-1,0,1,-9,4,13,0
"14","1409",2012,"male","Austrian",-3,-1,17,18,-2,2,4,-3,78,81,0
"14","1409",2012,"male","Foreign",-5,-5,0,5,0,0,0,8,18,10,0
"14","1409",2012,"female","Austrian",3,6,12,6,-3,1,4,8,53,45,0
"14","1409",2012,"female","Foreign",1,1,1,0,0,0,0,2,9,7,0
"14","1409",2013,"male","Austrian",2,-4,19,23,6,7,1,9,83,74,0
"14","1409",2013,"male","Foreign",-4,-4,3,7,0,1,1,3,17,14,0
"14","1409",2013,"female","Austrian",-3,-2,7,9,-1,2,3,12,57,45,0
"14","1409",2013,"female","Foreign",0,0,2,2,0,0,0,6,12,6,0
"14","1409",2014,"male","Austrian",-8,-11,19,30,3,6,3,0,84,84,0
"14","1409",2014,"male","Foreign",2,1,3,2,1,1,0,-7,11,18,0
"14","1409",2014,"female","Austrian",-6,-4,5,9,-2,0,2,10,44,34,0
"14","1409",2014,"female","Foreign",-2,-2,1,3,0,0,0,-1,8,9,0
"14","1409",2015,"male","Austrian",-10,-10,9,19,0,2,2,-4,80,84,1
"14","1409",2015,"male","Foreign",202,209,212,3,-7,1,8,79,107,28,21
"14","1409",2015,"female","Austrian",-2,-1,8,9,-1,1,2,9,55,46,0
"14","1409",2015,"female","Foreign",61,66,68,2,-5,0,5,43,66,23,18
"14","1409",2016,"male","Austrian",5,3,17,14,2,2,0,-9,69,78,0
"14","1409",2016,"male","Foreign",-30,-23,6,29,-7,5,12,-91,93,184,72
"14","1409",2016,"female","Austrian",-4,-4,9,13,0,1,1,11,67,56,0
"14","1409",2016,"female","Foreign",-6,1,9,8,-7,0,7,-45,32,77,2
"14","1409",2017,"male","Austrian",-8,-10,9,19,2,3,1,-1,64,65,0
"14","1409",2017,"male","Foreign",-21,-13,7,20,-8,3,11,-133,143,276,1
"14","1409",2017,"female","Austrian",1,2,7,5,-1,0,1,-19,52,71,0
"14","1409",2017,"female","Foreign",-5,-1,3,4,-4,1,5,-44,44,88,0
"14","1409",2018,"male","Austrian",0,-2,13,15,2,3,1,2,70,68,0
"14","1409",2018,"male","Foreign",-4,-4,1,5,0,0,0,-3,18,21,0
"14","1409",2018,"female","Austrian",-4,-6,4,10,2,3,1,18,55,37,0
"14","1409",2018,"female","Foreign",-2,-2,0,2,0,0,0,-3,10,13,0
"14","1409",2019,"male","Austrian",-2,-1,6,7,-1,1,2,34,74,40,0
"14","1409",2019,"male","Foreign",2,0,0,0,2,2,0,-4,4,8,0
"14","1409",2019,"female","Austrian",2,0,2,2,2,2,0,22,41,19,0
"14","1409",2019,"female","Foreign",0,-1,0,1,1,1,0,1,3,2,0
"14","1409",2020,"male","Austrian",-2,-3,2,5,1,2,1,2,43,41,0
"14","1409",2020,"male","Foreign",-2,0,0,0,-2,0,2,1,4,3,0
"14","1409",2020,"female","Austrian",2,1,1,0,1,1,0,-2,18,20,0
"14","1409",2020,"female","Foreign",0,1,1,0,-1,0,1,-2,0,2,0
"14","1409",2021,"male","Austrian",-2,-2,2,4,0,1,1,50,86,36,5
"14","1409",2021,"male","Foreign",1,1,1,0,0,0,0,8,10,2,0
"14","1409",2021,"female","Austrian",-1,-1,1,2,0,3,3,52,80,28,4
"14","1409",2021,"female","Foreign",0,0,0,0,0,0,0,8,12,4,0
"14","1409",2022,"male","Austrian",-5,-5,0,5,0,1,1,36,61,25,0
"14","1409",2022,"male","Foreign",1,1,3,2,0,0,0,2,5,3,0
"14","1409",2022,"female","Austrian",2,0,0,0,2,2,0,24,40,16,1
"14","1409",2022,"female","Foreign",0,0,1,1,0,0,0,5,8,3,0
"14","1409",2023,"male","Austrian",-6,-5,0,5,-1,2,3,16,36,20,0
"14","1409",2023,"male","Foreign",6,5,5,0,1,2,1,1,6,5,0
"14","1409",2023,"female","Austrian",-4,-2,0,2,-2,0,2,6,23,17,0
"14","1409",2023,"female","Foreign",2,2,2,0,0,0,0,2,2,0,0
"14","1410",2007,"male","Austrian",4,-1,7,8,5,55,50,53,182,129,15
"14","1410",2007,"male","Foreign",23,25,47,22,-2,4,6,27,55,28,1
"14","1410",2007,"female","Austrian",5,-6,2,8,11,63,52,57,198,141,25
"14","1410",2007,"female","Foreign",33,35,61,26,-2,5,7,25,54,29,5
"14","1410",2008,"male","Austrian",-53,-12,7,19,-41,42,83,23,163,140,24
"14","1410",2008,"male","Foreign",11,8,39,31,3,8,5,-3,43,46,3
"14","1410",2008,"female","Austrian",-44,-8,7,15,-36,42,78,35,163,128,23
"14","1410",2008,"female","Foreign",18,17,55,38,1,5,4,6,44,38,5
"14","1410",2009,"male","Austrian",2,-7,6,13,9,59,50,28,144,116,27
"14","1410",2009,"male","Foreign",-2,1,39,38,-3,2,5,23,57,34,1
"14","1410",2009,"female","Austrian",-16,-4,6,10,-12,58,70,43,154,111,20
"14","1410",2009,"female","Foreign",-3,-4,40,44,1,8,7,9,55,46,3
"14","1410",2010,"male","Austrian",-38,-6,6,12,-32,49,81,7,143,136,14
"14","1410",2010,"male","Foreign",19,17,60,43,2,6,4,5,48,43,3
"14","1410",2010,"female","Austrian",-28,2,8,6,-30,52,82,40,174,134,26
"14","1410",2010,"female","Foreign",12,16,53,37,-4,4,8,-11,40,51,3
"14","1410",2011,"male","Austrian",5,1,11,10,4,58,54,45,173,128,34
"14","1410",2011,"male","Foreign",-1,1,59,58,-2,4,6,16,71,55,3
"14","1410",2011,"female","Austrian",-13,-5,4,9,-8,57,65,12,144,132,47
"14","1410",2011,"female","Foreign",12,9,70,61,3,9,6,19,73,54,3
"14","1410",2012,"male","Austrian",-16,-1,10,11,-15,48,63,36,184,148,33
"14","1410",2012,"male","Foreign",26,21,68,47,5,10,5,47,91,44,7
"14","1410",2012,"female","Austrian",-23,-5,5,10,-18,49,67,13,152,139,33
"14","1410",2012,"female","Foreign",39,36,72,36,3,12,9,36,74,38,4
"14","1410",2013,"male","Austrian",0,6,15,9,-6,60,66,57,185,128,21
"14","1410",2013,"male","Foreign",39,40,90,50,-1,7,8,67,136,69,5
"14","1410",2013,"female","Austrian",-30,1,9,8,-31,37,68,101,213,112,27
"14","1410",2013,"female","Foreign",63,61,102,41,2,11,9,42,102,60,5
"14","1410",2014,"male","Austrian",-15,-5,5,10,-10,51,61,55,185,130,16
"14","1410",2014,"male","Foreign",41,32,83,51,9,17,8,42,113,71,2
"14","1410",2014,"female","Austrian",-14,4,11,7,-18,44,62,43,168,125,27
"14","1410",2014,"female","Foreign",33,38,86,48,-5,5,10,13,84,71,2
"14","1410",2015,"male","Austrian",-44,-3,13,16,-41,44,85,63,211,148,27
"14","1410",2015,"male","Foreign",70,68,124,56,2,16,14,13,106,93,4
"14","1410",2015,"female","Austrian",-18,1,9,8,-19,52,71,50,219,169,22
"14","1410",2015,"female","Foreign",63,65,106,41,-2,13,15,22,101,79,6
"14","1410",2016,"male","Austrian",-17,-7,12,19,-10,46,56,10,156,146,22
"14","1410",2016,"male","Foreign",35,16,99,83,19,30,11,19,156,137,8
"14","1410",2016,"female","Austrian",-18,-4,2,6,-14,48,62,52,193,141,9
"14","1410",2016,"female","Foreign",26,19,71,52,7,20,13,45,141,96,6
"14","1410",2017,"male","Austrian",-23,0,12,12,-23,43,66,31,180,149,26
"14","1410",2017,"male","Foreign",35,23,89,66,12,26,14,3,174,171,6
"14","1410",2017,"female","Austrian",-27,-5,5,10,-22,42,64,25,183,158,25
"14","1410",2017,"female","Foreign",44,31,90,59,13,24,11,-23,118,141,5
"14","1410",2018,"male","Austrian",-18,-5,10,15,-13,40,53,25,161,136,24
"14","1410",2018,"male","Foreign",22,21,83,62,1,27,26,-14,127,141,9
"14","1410",2018,"female","Austrian",-29,-3,6,9,-26,43,69,31,174,143,21
"14","1410",2018,"female","Foreign",54,49,97,48,5,21,16,-29,90,119,8
"14","1410",2019,"male","Austrian",-38,-2,11,13,-36,41,77,30,179,149,28
"14","1410",2019,"male","Foreign",38,33,93,60,5,24,19,-40,120,160,13
"14","1410",2019,"female","Austrian",-29,0,4,4,-29,36,65,36,168,132,29
"14","1410",2019,"female","Foreign",26,25,82,57,1,18,17,-28,99,127,13
"14","1410",2020,"male","Austrian",-15,6,11,5,-21,41,62,11,174,163,29
"14","1410",2020,"male","Foreign",19,26,70,44,-7,18,25,-20,113,133,11
"14","1410",2020,"female","Austrian",-15,1,6,5,-16,48,64,11,183,172,33
"14","1410",2020,"female","Foreign",6,18,54,36,-12,16,28,0,104,104,10
"14","1410",2021,"male","Austrian",-23,-6,3,9,-17,46,63,35,180,145,47
"14","1410",2021,"male","Foreign",25,19,76,57,6,28,22,-7,138,145,17
"14","1410",2021,"female","Austrian",-14,-4,5,9,-10,53,63,45,204,159,56
"14","1410",2021,"female","Foreign",27,27,64,37,0,22,22,5,125,120,12
"14","1410",2022,"male","Austrian",-8,2,9,7,-10,51,61,3,167,164,22
"14","1410",2022,"male","Foreign",85,74,131,57,11,29,18,2,175,173,13
"14","1410",2022,"female","Austrian",-36,-8,6,14,-28,39,67,-25,156,181,28
"14","1410",2022,"female","Foreign",118,111,159,48,7,28,21,1,150,149,11
"14","1410",2023,"male","Austrian",-38,1,6,5,-39,32,71,12,156,144,27
"14","1410",2023,"male","Foreign",32,26,97,71,6,30,24,-10,183,193,13
"14","1410",2023,"female","Austrian",-43,-10,4,14,-33,35,68,12,170,158,18
"14","1410",2023,"female","Foreign",57,60,109,49,-3,16,19,0,153,153,17
"14","1411",2007,"male","Austrian",-7,0,9,9,-7,29,36,80,154,74,12
"14","1411",2007,"male","Foreign",-3,-3,16,19,0,6,6,9,29,20,2
"14","1411",2007,"female","Austrian",-10,-2,6,8,-8,29,37,94,180,86,12
"14","1411",2007,"female","Foreign",12,10,21,11,2,4,2,12,31,19,2
"14","1411",2008,"male","Austrian",-9,-2,4,6,-7,29,36,70,145,75,15
"14","1411",2008,"male","Foreign",3,4,16,12,-1,6,7,-2,21,23,1
"14","1411",2008,"female","Austrian",1,0,7,7,1,27,26,43,144,101,17
"14","1411",2008,"female","Foreign",15,11,22,11,4,7,3,-2,21,23,4
"14","1411",2009,"male","Austrian",-14,-4,7,11,-10,22,32,17,120,103,14
"14","1411",2009,"male","Foreign",-12,-7,13,20,-5,5,10,9,25,16,0
"14","1411",2009,"female","Austrian",-19,-3,6,9,-16,22,38,59,142,83,17
"14","1411",2009,"female","Foreign",3,0,24,24,3,10,7,21,36,15,1
"14","1411",2010,"male","Austrian",-1,-1,9,10,0,22,22,37,124,87,13
"14","1411",2010,"male","Foreign",12,11,20,9,1,3,2,-5,15,20,1
"14","1411",2010,"female","Austrian",-6,4,10,6,-10,27,37,58,135,77,18
"14","1411",2010,"female","Foreign",0,5,20,15,-5,2,7,-1,18,19,4
"14","1411",2011,"male","Austrian",-8,-5,5,10,-3,22,25,17,101,84,14
"14","1411",2011,"male","Foreign",6,5,24,19,1,3,2,1,27,26,0
"14","1411",2011,"female","Austrian",0,-5,3,8,5,22,17,60,126,66,3
"14","1411",2011,"female","Foreign",9,8,25,17,1,4,3,-3,20,23,1
"14","1411",2012,"male","Austrian",-5,-7,5,12,2,31,29,9,103,94,24
"14","1411",2012,"male","Foreign",8,9,28,19,-1,1,2,-9,26,35,0
"14","1411",2012,"female","Austrian",-15,-8,6,14,-7,29,36,50,129,79,21
"14","1411",2012,"female","Foreign",13,15,28,13,-2,3,5,1,26,25,0
"14","1411",2013,"male","Austrian",2,5,13,8,-3,27,30,61,133,72,10
"14","1411",2013,"male","Foreign",9,10,27,17,-1,3,4,-3,16,19,2
"14","1411",2013,"female","Austrian",1,6,7,1,-5,23,28,70,133,63,6
"14","1411",2013,"female","Foreign",17,15,33,18,2,3,1,1,22,21,2
"14","1411",2014,"male","Austrian",0,3,9,6,-3,35,38,42,121,79,18
"14","1411",2014,"male","Foreign",12,12,27,15,0,4,4,7,21,14,1
"14","1411",2014,"female","Austrian",-12,-3,2,5,-9,28,37,48,137,89,16
"14","1411",2014,"female","Foreign",13,10,26,16,3,7,4,4,29,25,0
"14","1411",2015,"male","Austrian",-3,0,10,10,-3,35,38,35,128,93,11
"14","1411",2015,"male","Foreign",17,17,30,13,0,3,3,21,38,17,2
"14","1411",2015,"female","Austrian",-18,-1,4,5,-17,16,33,44,135,91,16
"14","1411",2015,"female","Foreign",20,20,33,13,0,4,4,3,33,30,1
"14","1411",2016,"male","Austrian",-9,-7,2,9,-2,29,31,26,124,98,13
"14","1411",2016,"male","Foreign",-3,-8,12,20,5,14,9,16,39,23,4
"14","1411",2016,"female","Austrian",-26,-7,3,10,-19,22,41,39,129,90,9
"14","1411",2016,"female","Foreign",-8,-6,13,19,-2,5,7,20,52,32,5
"14","1411",2017,"male","Austrian",-15,5,9,4,-20,18,38,54,132,78,26
"14","1411",2017,"male","Foreign",15,5,19,14,10,13,3,-7,34,41,4
"14","1411",2017,"female","Austrian",-27,-2,7,9,-25,25,50,34,129,95,18
"14","1411",2017,"female","Foreign",15,5,18,13,10,13,3,-8,39,47,3
"14","1411",2018,"male","Austrian",1,0,14,14,1,30,29,46,142,96,33
"14","1411",2018,"male","Foreign",-4,0,19,19,-4,2,6,8,35,27,1
"14","1411",2018,"female","Austrian",-12,0,12,12,-12,25,37,80,158,78,33
"14","1411",2018,"female","Foreign",9,5,27,22,4,6,2,-2,28,30,3
"14","1411",2019,"male","Austrian",-20,2,8,6,-22,20,42,28,113,85,12
"14","1411",2019,"male","Foreign",-4,-1,19,20,-3,5,8,1,37,36,1
"14","1411",2019,"female","Austrian",-14,4,7,3,-18,21,39,32,117,85,16
"14","1411",2019,"female","Foreign",-4,-3,13,16,-1,5,6,1,40,39,0
"14","1411",2020,"male","Austrian",-9,-1,8,9,-8,18,26,37,119,82,18
"14","1411",2020,"male","Foreign",13,18,25,7,-5,2,7,-1,34,35,9
"14","1411",2020,"female","Austrian",5,4,11,7,1,22,21,13,107,94,24
"14","1411",2020,"female","Foreign",12,14,18,4,-2,4,6,-9,24,33,7
"14","1411",2021,"male","Austrian",-21,-6,4,10,-15,19,34,33,118,85,10
"14","1411",2021,"male","Foreign",6,4,20,16,2,8,6,19,33,14,4
"14","1411",2021,"female","Austrian",-14,-5,5,10,-9,24,33,63,145,82,12
"14","1411",2021,"female","Foreign",-12,-6,8,14,-6,3,9,24,43,19,1
"14","1411",2022,"male","Austrian",7,-1,9,10,8,33,25,62,157,95,24
"14","1411",2022,"male","Foreign",20,25,45,20,-5,7,12,9,37,28,4
"14","1411",2022,"female","Austrian",-15,-3,4,7,-12,28,40,66,167,101,25
"14","1411",2022,"female","Foreign",47,52,66,14,-5,5,10,17,46,29,1
"14","1411",2023,"male","Austrian",-1,6,11,5,-7,19,26,21,126,105,19
"14","1411",2023,"male","Foreign",-3,-2,16,18,-1,7,8,2,36,34,3
"14","1411",2023,"female","Austrian",1,0,7,7,1,24,23,30,140,110,28
"14","1411",2023,"female","Foreign",3,5,23,18,-2,7,9,-8,40,48,2
"14","1412",2007,"male","Austrian",-32,-3,9,12,-29,45,74,39,165,126,13
"14","1412",2007,"male","Foreign",3,5,18,13,-2,8,10,6,29,23,2
"14","1412",2007,"female","Austrian",-29,-1,1,2,-28,30,58,42,138,96,7
"14","1412",2007,"female","Foreign",13,15,28,13,-2,5,7,4,23,19,4
"14","1412",2008,"male","Austrian",-27,-12,14,26,-15,56,71,30,175,145,17
"14","1412",2008,"male","Foreign",-4,1,17,16,-5,6,11,10,37,27,1
"14","1412",2008,"female","Austrian",-43,-9,6,15,-34,47,81,38,133,95,18
"14","1412",2008,"female","Foreign",14,21,29,8,-7,5,12,3,28,25,1
"14","1412",2009,"male","Austrian",-39,-6,10,16,-33,44,77,41,174,133,9
"14","1412",2009,"male","Foreign",5,11,30,19,-6,4,10,4,31,27,0
"14","1412",2009,"female","Austrian",-13,4,8,4,-17,44,61,39,138,99,8
"14","1412",2009,"female","Foreign",0,11,24,13,-11,7,18,9,23,14,0
"14","1412",2010,"male","Austrian",2,0,13,13,2,54,52,17,146,129,27
"14","1412",2010,"male","Foreign",9,4,18,14,5,8,3,17,46,29,3
"14","1412",2010,"female","Austrian",-42,-11,1,12,-31,37,68,31,134,103,31
"14","1412",2010,"female","Foreign",20,16,27,11,4,9,5,0,20,20,2
"14","1412",2011,"male","Austrian",-19,2,11,9,-21,37,58,21,156,135,16
"14","1412",2011,"male","Foreign",16,14,20,6,2,8,6,17,56,39,3
"14","1412",2011,"female","Austrian",-10,-3,6,9,-7,45,52,26,123,97,27
"14","1412",2011,"female","Foreign",19,12,29,17,7,11,4,-3,27,30,3
"14","1412",2012,"male","Austrian",-15,-10,12,22,-5,65,70,46,170,124,28
"14","1412",2012,"male","Foreign",4,8,24,16,-4,8,12,21,60,39,0
"14","1412",2012,"female","Austrian",-24,-1,7,8,-23,39,62,34,139,105,16
"14","1412",2012,"female","Foreign",12,15,33,18,-3,11,14,22,39,17,3
"14","1412",2013,"male","Austrian",-29,0,16,16,-29,46,75,92,278,186,20
"14","1412",2013,"male","Foreign",-3,4,36,32,-7,1,8,24,80,56,3
"14","1412",2013,"female","Austrian",-15,0,9,9,-15,35,50,102,227,125,19
"14","1412",2013,"female","Foreign",11,11,34,23,0,7,7,36,70,34,3
"14","1412",2014,"male","Austrian",-30,-17,6,23,-13,46,59,37,178,141,15
"14","1412",2014,"male","Foreign",16,7,37,30,9,18,9,34,96,62,7
"14","1412",2014,"female","Austrian",-29,-8,4,12,-21,36,57,42,133,91,17
"14","1412",2014,"female","Foreign",32,21,37,16,11,22,11,13,64,51,3
"14","1412",2015,"male","Austrian",-25,-3,9,12,-22,49,71,45,193,148,18
"14","1412",2015,"male","Foreign",21,14,42,28,7,22,15,27,93,66,4
"14","1412",2015,"female","Austrian",-24,3,8,5,-27,34,61,52,141,89,21
"14","1412",2015,"female","Foreign",27,18,38,20,9,18,9,6,55,49,7
"14","1412",2016,"male","Austrian",-48,-13,8,21,-35,39,74,61,159,98,13
"14","1412",2016,"male","Foreign",24,17,49,32,7,20,13,9,123,114,4
"14","1412",2016,"female","Austrian",-40,1,5,4,-41,23,64,56,135,79,5
"14","1412",2016,"female","Foreign",35,41,61,20,-6,13,19,17,114,97,4
"14","1412",2017,"male","Austrian",-30,-2,10,12,-28,46,74,18,157,139,15
"14","1412",2017,"male","Foreign",12,10,41,31,2,20,18,10,132,122,4
"14","1412",2017,"female","Austrian",-45,-2,7,9,-43,33,76,3,116,113,19
"14","1412",2017,"female","Foreign",-2,6,24,18,-8,11,19,-6,92,98,4
"14","1412",2018,"male","Austrian",-22,-9,9,18,-13,50,63,23,159,136,17
"14","1412",2018,"male","Foreign",-3,-7,30,37,4,21,17,20,115,95,1
"14","1412",2018,"female","Austrian",-42,-9,3,12,-33,32,65,10,119,109,16
"14","1412",2018,"female","Foreign",2,1,17,16,1,20,19,-16,73,89,3
"14","1412",2019,"male","Austrian",-19,-12,5,17,-7,67,74,57,195,138,14
"14","1412",2019,"male","Foreign",3,5,41,36,-2,20,22,35,107,72,3
"14","1412",2019,"female","Austrian",-7,5,14,9,-12,45,57,80,176,96,20
"14","1412",2019,"female","Foreign",12,11,28,17,1,18,17,50,86,36,4
"14","1412",2020,"male","Austrian",-13,4,17,13,-17,59,76,74,179,105,24
"14","1412",2020,"male","Foreign",-3,-8,38,46,5,20,15,-12,84,96,6
"14","1412",2020,"female","Austrian",-11,0,4,4,-11,46,57,40,134,94,23
"14","1412",2020,"female","Foreign",7,15,29,14,-8,13,21,18,62,44,7
"14","1412",2021,"male","Austrian",-29,-8,6,14,-21,57,78,-5,140,145,8
"14","1412",2021,"male","Foreign",0,-7,22,29,7,24,17,3,87,84,2
"14","1412",2021,"female","Austrian",-48,-5,2,7,-43,31,74,24,132,108,11
"14","1412",2021,"female","Foreign",5,5,26,21,0,16,16,4,52,48,1
"14","1412",2022,"male","Austrian",-30,-5,7,12,-25,63,88,17,158,141,24
"14","1412",2022,"male","Foreign",435,461,506,45,-26,116,142,-63,133,196,9
"14","1412",2022,"female","Austrian",-15,0,7,7,-15,45,60,32,129,97,27
"14","1412",2022,"female","Foreign",178,206,231,25,-28,47,75,-23,121,144,10
"14","1412",2023,"male","Austrian",-34,-2,16,18,-32,52,84,83,196,113,28
"14","1412",2023,"male","Foreign",-234,81,200,119,-315,79,394,-30,237,267,16
"14","1412",2023,"female","Austrian",-39,-1,5,6,-38,31,69,56,162,106,24
"14","1412",2023,"female","Foreign",-21,34,79,45,-55,47,102,37,218,181,15
"14","1499",2007,"male","Austrian",-17,-2,1,3,-15,0,15,-69,13,82,1
"14","1499",2007,"male","Foreign",-4,-3,2,5,-1,0,1,-9,3,12,0
"14","1499",2007,"female","Austrian",-23,-1,2,3,-22,1,23,-39,28,67,1
"14","1499",2007,"female","Foreign",-1,-1,1,2,0,1,1,-11,5,16,0
"14","1499",2008,"male","Austrian",-2,1,1,0,-3,0,3,4,12,8,0
"14","1499",2008,"male","Foreign",-2,-2,1,3,0,0,0,-1,0,1,0
"14","1499",2008,"female","Austrian",2,0,0,0,2,3,1,-4,15,19,0
"14","1499",2008,"female","Foreign",-5,-5,1,6,0,0,0,-2,1,3,0
"14","1499",2009,"male","Austrian",-3,1,1,0,-4,1,5,-1,14,15,0
"14","1499",2009,"male","Foreign",-2,-2,0,2,0,0,0,0,1,1,0
"14","1499",2009,"female","Austrian",-3,0,0,0,-3,0,3,-7,8,15,0
"14","1499",2009,"female","Foreign",0,0,0,0,0,0,0,0,2,2,0
"14","1499",2010,"male","Austrian",0,1,1,0,-1,1,2,0,8,8,1
"14","1499",2010,"male","Foreign",-1,1,1,0,-2,0,2,-3,1,4,0
"14","1499",2010,"female","Austrian",0,0,0,0,0,0,0,2,6,4,0
"14","1499",2010,"female","Foreign",-1,-1,1,2,0,0,0,-2,0,2,0
"14","1499",2011,"male","Austrian",-3,-1,0,1,-2,0,2,-2,6,8,0
"14","1499",2011,"male","Foreign",-3,-3,0,3,0,0,0,1,1,0,0
"14","1499",2011,"female","Austrian",-5,0,0,0,-5,0,5,1,5,4,0
"14","1499",2011,"female","Foreign",-1,-1,0,1,0,0,0,-2,0,2,0
"14","1499",2012,"male","Austrian",0,0,0,0,0,0,0,2,9,7,0
"14","1499",2012,"male","Foreign",0,0,0,0,0,0,0,6,7,1,0
"14","1499",2012,"female","Austrian",0,1,1,0,-1,1,2,5,9,4,0
"14","1499",2012,"female","Foreign",1,1,2,1,0,0,0,4,7,3,0
"14","1499",2013,"male","Austrian",-14,-3,0,3,-11,7,18,-31,37,68,0
"14","1499",2013,"male","Foreign",-6,-3,4,7,-3,0,3,-16,5,21,0
"14","1499",2013,"female","Austrian",-10,-2,0,2,-8,4,12,-23,60,83,0
"14","1499",2013,"female","Foreign",-5,-1,3,4,-4,1,5,-14,8,22,0
"14","1499",2014,"male","Austrian",-1,-1,0,1,0,2,2,4,10,6,1
"14","1499",2014,"male","Foreign",5,5,7,2,0,0,0,-2,8,10,0
"14","1499",2014,"female","Austrian",0,0,0,0,0,2,2,3,13,10,0
"14","1499",2014,"female","Foreign",-1,0,1,1,-1,0,1,-1,4,5,0
"14","1499",2015,"male","Austrian",1,0,0,0,1,1,0,1,9,8,1
"14","1499",2015,"male","Foreign",-1,-1,0,1,0,0,0,-4,0,4,0
"14","1499",2015,"female","Austrian",0,0,0,0,0,1,1,-2,10,12,0
"14","1499",2015,"female","Foreign",0,0,0,0,0,0,0,1,5,4,0
"14","1499",2016,"male","Austrian",0,0,0,0,0,0,0,4,9,5,0
"14","1499",2016,"male","Foreign",0,0,0,0,0,0,0,1,1,0,0
"14","1499",2016,"female","Austrian",-1,0,0,0,-1,0,1,1,6,5,0
"14","1499",2016,"female","Foreign",0,0,0,0,0,0,0,1,2,1,0
"14","1499",2017,"male","Austrian",0,0,0,0,0,1,1,6,17,11,0
"14","1499",2017,"male","Foreign",0,0,0,0,0,0,0,1,2,1,0
"14","1499",2017,"female","Austrian",-2,0,0,0,-2,0,2,13,16,3,0
"14","1499",2017,"female","Foreign",-2,-1,0,1,-1,0,1,0,1,1,0
"14","1499",2018,"male","Austrian",-2,0,0,0,-2,0,2,-1,4,5,0
"14","1499",2018,"male","Foreign",0,2,2,0,-2,0,2,-1,0,1,0
"14","1499",2018,"female","Austrian",-3,0,0,0,-3,0,3,-3,2,5,0
"14","1499",2018,"female","Foreign",0,0,0,0,0,0,0,0,1,1,0
"14","1499",2019,"male","Austrian",0,0,0,0,0,0,0,2,4,2,0
"14","1499",2019,"male","Foreign",0,0,0,0,0,0,0,0,0,0,0
"14","1499",2019,"female","Austrian",0,0,0,0,0,0,0,-1,0,1,0
"14","1499",2019,"female","Foreign",0,0,0,0,0,0,0,0,1,1,0
"14","1499",2020,"male","Austrian",0,0,0,0,0,0,0,4,4,0,0
"14","1499",2020,"male","Foreign",0,0,0,0,0,0,0,3,3,0,0
"14","1499",2020,"female","Austrian",2,0,0,0,2,2,0,3,3,0,0
"14","1499",2020,"female","Foreign",2,1,1,0,1,1,0,2,2,0,0
"14","1499",2021,"male","Austrian",0,0,0,0,0,0,0,1,2,1,0
"14","1499",2021,"male","Foreign",0,0,0,0,0,0,0,1,1,0,0
"14","1499",2021,"female","Austrian",0,0,0,0,0,0,0,0,2,2,0
"14","1499",2021,"female","Foreign",0,0,0,0,0,0,0,2,2,0,0
"14","1499",2022,"male","Austrian",0,0,0,0,0,0,0,2,8,6,1
"14","1499",2022,"male","Foreign",0,0,0,0,0,0,0,0,0,0,0
"14","1499",2022,"female","Austrian",0,0,0,0,0,0,0,3,7,4,0
"14","1499",2022,"female","Foreign",2,1,1,0,1,1,0,-2,1,3,0
"14","1499",2023,"male","Austrian",0,0,0,0,0,0,0,0,3,3,0
"14","1499",2023,"male","Foreign",1,1,1,0,0,0,0,5,5,0,0
"14","1499",2023,"female","Austrian",0,0,0,0,0,0,0,1,4,3,0
"14","1499",2023,"female","Foreign",0,0,0,0,0,0,0,0,0,0,0
"15","1501",2007,"male","Austrian",-24,-10,18,28,-14,62,76,-40,208,248,15
"15","1501",2007,"male","Foreign",61,65,125,60,-4,18,22,4,185,181,11
"15","1501",2007,"female","Austrian",-15,3,7,4,-18,73,91,-44,202,246,19
"15","1501",2007,"female","Foreign",56,57,98,41,-1,13,14,30,178,148,5
"15","1501",2008,"male","Austrian",-6,-5,18,23,-1,67,68,-36,236,272,18
"15","1501",2008,"male","Foreign",44,43,109,66,1,12,11,28,192,164,12
"15","1501",2008,"female","Austrian",-4,-5,9,14,1,70,69,-57,221,278,12
"15","1501",2008,"female","Foreign",41,48,95,47,-7,6,13,5,165,160,7
"15","1501",2009,"male","Austrian",-5,-12,22,34,7,72,65,-85,191,276,43
"15","1501",2009,"male","Foreign",16,11,115,104,5,19,14,2,185,183,9
"15","1501",2009,"female","Austrian",3,-5,11,16,8,87,79,-71,192,263,27
"15","1501",2009,"female","Foreign",28,25,100,75,3,14,11,5,155,150,16
"15","1501",2010,"male","Austrian",3,0,22,22,3,66,63,17,237,220,20
"15","1501",2010,"male","Foreign",54,53,179,126,1,18,17,62,248,186,4
"15","1501",2010,"female","Austrian",-11,-8,13,21,-3,81,84,-50,210,260,28
"15","1501",2010,"female","Foreign",51,46,134,88,5,15,10,39,205,166,4
"15","1501",2011,"male","Austrian",18,-5,22,27,23,87,64,-35,211,246,15
"15","1501",2011,"male","Foreign",27,14,142,128,13,25,12,-15,225,240,8
"15","1501",2011,"female","Austrian",5,-11,7,18,16,102,86,-63,190,253,16
"15","1501",2011,"female","Foreign",69,61,140,79,8,25,17,-14,182,196,12
"15","1501",2012,"male","Austrian",11,-1,23,24,12,90,78,-37,220,257,21
"15","1501",2012,"male","Foreign",89,87,197,110,2,21,19,-34,226,260,12
"15","1501",2012,"female","Austrian",13,-6,10,16,19,91,72,-60,213,273,21
"15","1501",2012,"female","Foreign",113,101,168,67,12,24,12,7,196,189,10
"15","1501",2013,"male","Austrian",15,-4,15,19,19,78,59,-22,199,221,26
"15","1501",2013,"male","Foreign",89,92,213,121,-3,24,27,31,274,243,14
"15","1501",2013,"female","Austrian",-15,-11,10,21,-4,77,81,-50,190,240,25
"15","1501",2013,"female","Foreign",72,81,173,92,-9,22,31,27,238,211,10
"15","1501",2014,"male","Austrian",4,-6,24,30,10,64,54,-64,186,250,17
"15","1501",2014,"male","Foreign",89,63,208,145,26,50,24,13,264,251,14
"15","1501",2014,"female","Austrian",-9,-1,13,14,-8,71,79,-21,194,215,18
"15","1501",2014,"female","Foreign",80,88,181,93,-8,15,23,10,226,216,6
"15","1501",2015,"male","Austrian",-34,-20,13,33,-14,65,79,-49,194,243,16
"15","1501",2015,"male","Foreign",155,106,243,137,49,90,41,-80,291,371,19
"15","1501",2015,"female","Austrian",-21,-2,11,13,-19,71,90,-52,208,260,15
"15","1501",2015,"female","Foreign",125,125,201,76,0,24,24,-24,256,280,12
"15","1501",2016,"male","Austrian",-10,-11,20,31,1,66,65,-26,196,222,17
"15","1501",2016,"male","Foreign",124,112,239,127,12,50,38,-16,331,347,17
"15","1501",2016,"female","Austrian",4,-8,12,20,12,77,65,-49,200,249,15
"15","1501",2016,"female","Foreign",77,58,152,94,19,43,24,-26,227,253,8
"15","1501",2017,"male","Austrian",-14,3,19,16,-17,60,77,-55,199,254,16
"15","1501",2017,"male","Foreign",52,43,193,150,9,55,46,62,429,367,14
"15","1501",2017,"female","Austrian",-32,-13,4,17,-19,64,83,-72,201,273,10
"15","1501",2017,"female","Foreign",62,61,164,103,1,28,27,-19,246,265,7
"15","1501",2018,"male","Austrian",-17,-13,13,26,-4,60,64,-68,177,245,13
"15","1501",2018,"male","Foreign",-7,15,143,128,-22,39,61,-13,331,344,17
"15","1501",2018,"female","Austrian",-20,1,12,11,-21,54,75,-98,171,269,9
"15","1501",2018,"female","Foreign",16,38,140,102,-22,15,37,3,240,237,10
"15","1501",2019,"male","Austrian",-13,-10,7,17,-3,56,59,-61,195,256,19
"15","1501",2019,"male","Foreign",30,38,158,120,-8,31,39,-33,323,356,16
"15","1501",2019,"female","Austrian",-17,-9,12,21,-8,52,60,-23,217,240,27
"15","1501",2019,"female","Foreign",35,36,146,110,-1,23,24,8,271,263,17
"15","1501",2020,"male","Austrian",-13,-10,14,24,-3,58,61,-85,171,256,11
"15","1501",2020,"male","Foreign",23,24,135,111,-1,40,41,-39,286,325,15
"15","1501",2020,"female","Austrian",3,-3,8,11,6,62,56,-86,154,240,5
"15","1501",2020,"female","Foreign",50,51,138,87,-1,27,28,-52,225,277,10
"15","1501",2021,"male","Austrian",-17,-6,14,20,-11,58,69,-60,173,233,13
"15","1501",2021,"male","Foreign",55,17,120,103,38,62,24,-6,321,327,10
"15","1501",2021,"female","Austrian",-14,5,9,4,-19,50,69,-49,176,225,20
"15","1501",2021,"female","Foreign",43,49,129,80,-6,25,31,7,231,224,15
"15","1501",2022,"male","Austrian",-2,0,18,18,-2,60,62,-32,186,218,12
"15","1501",2022,"male","Foreign",93,65,202,137,28,72,44,-11,328,339,11
"15","1501",2022,"female","Austrian",-15,-14,6,20,-1,56,57,-44,173,217,8
"15","1501",2022,"female","Foreign",118,107,214,107,11,52,41,-22,261,283,9
"15","1501",2023,"male","Austrian",-31,-4,16,20,-27,37,64,-44,148,192,17
"15","1501",2023,"male","Foreign",110,60,181,121,50,92,42,0,388,388,23
"15","1501",2023,"female","Austrian",-20,-6,11,17,-14,51,65,-57,142,199,15
"15","1501",2023,"female","Foreign",63,46,149,103,17,42,25,3,271,268,15
"15","1502",2007,"male","Austrian",14,1,25,24,13,87,74,-56,208,264,17
"15","1502",2007,"male","Foreign",82,73,209,136,9,43,34,-66,341,407,42
"15","1502",2007,"female","Austrian",5,-14,4,18,19,86,67,-58,201,259,19
"15","1502",2007,"female","Foreign",118,112,209,97,6,34,28,-49,237,286,33
"15","1502",2008,"male","Austrian",23,-4,21,25,27,102,75,-14,210,224,25
"15","1502",2008,"male","Foreign",70,57,240,183,13,56,43,-65,322,387,23
"15","1502",2008,"female","Austrian",7,-6,10,16,13,87,74,-19,218,237,25
"15","1502",2008,"female","Foreign",100,94,200,106,6,36,30,-60,231,291,21
"15","1502",2009,"male","Austrian",12,-18,17,35,30,94,64,-83,206,289,22
"15","1502",2009,"male","Foreign",73,37,276,239,36,57,21,-39,329,368,29
"15","1502",2009,"female","Austrian",33,-6,13,19,39,103,64,-64,198,262,17
"15","1502",2009,"female","Foreign",32,11,188,177,21,49,28,-88,201,289,16
"15","1502",2010,"male","Austrian",50,2,25,23,48,106,58,-44,203,247,14
"15","1502",2010,"male","Foreign",51,48,264,216,3,40,37,-115,271,386,26
"15","1502",2010,"female","Austrian",18,0,15,15,18,81,63,-63,177,240,15
"15","1502",2010,"female","Foreign",43,36,179,143,7,39,32,-30,244,274,26
"15","1502",2011,"male","Austrian",8,-4,18,22,12,82,70,-72,167,239,14
"15","1502",2011,"male","Foreign",87,64,280,216,23,49,26,-51,344,395,26
"15","1502",2011,"female","Austrian",4,-10,4,14,14,85,71,-72,171,243,14
"15","1502",2011,"female","Foreign",86,78,192,114,8,35,27,-91,237,328,20
"15","1502",2012,"male","Austrian",53,-5,20,25,58,129,71,-66,214,280,24
"15","1502",2012,"male","Foreign",177,146,349,203,31,62,31,26,403,377,38
"15","1502",2012,"female","Austrian",47,-6,10,16,53,110,57,-54,208,262,19
"15","1502",2012,"female","Foreign",198,169,296,127,29,46,17,18,333,315,23
"15","1502",2013,"male","Austrian",29,-8,13,21,37,110,73,-35,211,246,18
"15","1502",2013,"male","Foreign",97,78,308,230,19,70,51,-38,425,463,26
"15","1502",2013,"female","Austrian",34,-3,6,9,37,114,77,-17,219,236,14
"15","1502",2013,"female","Foreign",111,96,247,151,15,46,31,-86,265,351,28
"15","1502",2014,"male","Austrian",19,-4,18,22,23,90,67,-24,214,238,13
"15","1502",2014,"male","Foreign",182,144,371,227,38,105,67,-24,441,465,29
"15","1502",2014,"female","Austrian",-7,-11,8,19,4,92,88,-6,213,219,9
"15","1502",2014,"female","Foreign",160,136,293,157,24,66,42,-43,305,348,18
"15","1502",2015,"male","Austrian",7,-3,18,21,10,83,73,-57,195,252,16
"15","1502",2015,"male","Foreign",204,128,365,237,76,151,75,-99,519,618,25
"15","1502",2015,"female","Austrian",13,-6,11,17,19,88,69,-83,165,248,13
"15","1502",2015,"female","Foreign",147,151,311,160,-4,31,35,-91,298,389,17
"15","1502",2016,"male","Austrian",9,3,24,21,6,93,87,-49,211,260,13
"15","1502",2016,"male","Foreign",164,114,325,211,50,140,90,-115,597,712,37
"15","1502",2016,"female","Austrian",-6,-8,7,15,2,72,70,-81,166,247,11
"15","1502",2016,"female","Foreign",103,94,270,176,9,41,32,-59,318,377,18
"15","1502",2017,"male","Austrian",-2,4,20,16,-6,79,85,-40,182,222,9
"15","1502",2017,"male","Foreign",120,91,307,216,29,97,68,-94,545,639,29
"15","1502",2017,"female","Austrian",2,-4,11,15,6,83,77,-29,164,193,14
"15","1502",2017,"female","Foreign",114,96,236,140,18,62,44,-80,319,399,13
"15","1502",2018,"male","Austrian",12,-7,10,17,19,100,81,-20,215,235,19
"15","1502",2018,"male","Foreign",71,74,289,215,-3,76,79,-140,506,646,45
"15","1502",2018,"female","Austrian",5,-5,9,14,10,86,76,-39,185,224,21
"15","1502",2018,"female","Foreign",57,70,211,141,-13,33,46,-128,282,410,23
"15","1502",2019,"male","Austrian",1,1,12,11,0,89,89,-90,191,281,16
"15","1502",2019,"male","Foreign",50,57,283,226,-7,51,58,-104,507,611,30
"15","1502",2019,"female","Austrian",-20,2,6,4,-22,72,94,-106,184,290,17
"15","1502",2019,"female","Foreign",99,108,242,134,-9,39,48,-106,322,428,17
"15","1502",2020,"male","Austrian",19,6,15,9,13,92,79,-29,176,205,9
"15","1502",2020,"male","Foreign",51,44,211,167,7,62,55,-106,388,494,27
"15","1502",2020,"female","Austrian",8,2,10,8,6,66,60,-43,171,214,15
"15","1502",2020,"female","Foreign",50,54,180,126,-4,24,28,-115,268,383,13
"15","1502",2021,"male","Austrian",-21,-6,8,14,-15,74,89,-21,192,213,24
"15","1502",2021,"male","Foreign",79,46,223,177,33,76,43,-188,317,505,19
"15","1502",2021,"female","Austrian",-7,0,7,7,-7,73,80,-71,155,226,16
"15","1502",2021,"female","Foreign",56,57,174,117,-1,28,29,-93,225,318,13
"15","1502",2022,"male","Austrian",21,1,15,14,20,84,64,-59,151,210,19
"15","1502",2022,"male","Foreign",113,80,265,185,33,81,48,-98,376,474,21
"15","1502",2022,"female","Austrian",-3,-6,3,9,3,69,66,-52,165,217,10
"15","1502",2022,"female","Foreign",159,163,294,131,-4,40,44,-116,267,383,21
"15","1502",2023,"male","Austrian",-26,-4,10,14,-22,68,90,-63,135,198,12
"15","1502",2023,"male","Foreign",136,103,262,159,33,93,60,-91,452,543,30
"15","1502",2023,"female","Austrian",-19,-8,5,13,-11,65,76,-6,182,188,12
"15","1502",2023,"female","Foreign",90,93,206,113,-3,40,43,-79,285,364,19
"15","1503",2007,"male","Austrian",6,-22,25,47,28,111,83,-65,230,295,30
"15","1503",2007,"male","Foreign",103,79,291,212,24,62,38,-13,438,451,37
"15","1503",2007,"female","Austrian",12,-13,14,27,25,99,74,-41,260,301,28
"15","1503",2007,"female","Foreign",96,84,227,143,12,38,26,-35,285,320,21
"15","1503",2008,"male","Austrian",-5,-16,31,47,11,85,74,-99,240,339,26
"15","1503",2008,"male","Foreign",74,60,289,229,14,79,65,-113,338,451,36
"15","1503",2008,"female","Austrian",16,-13,12,25,29,91,62,-74,235,309,19
"15","1503",2008,"female","Foreign",125,113,241,128,12,53,41,-77,249,326,32
"15","1503",2009,"male","Austrian",-3,-14,27,41,11,97,86,-33,280,313,29
"15","1503",2009,"male","Foreign",76,31,328,297,45,105,60,-37,390,427,30
"15","1503",2009,"female","Austrian",0,-26,14,40,26,106,80,-35,246,281,28
"15","1503",2009,"female","Foreign",85,67,256,189,18,58,40,-55,273,328,33
"15","1503",2010,"male","Austrian",25,12,38,26,13,109,96,-70,261,331,27
"15","1503",2010,"male","Foreign",58,28,370,342,30,80,50,-8,410,418,43
"15","1503",2010,"female","Austrian",17,-7,15,22,24,129,105,-43,236,279,27
"15","1503",2010,"female","Foreign",106,93,308,215,13,46,33,-10,319,329,38
"15","1503",2011,"male","Austrian",22,-12,21,33,34,114,80,-35,306,341,30
"15","1503",2011,"male","Foreign",155,124,480,356,31,89,58,-102,448,550,59
"15","1503",2011,"female","Austrian",27,-9,8,17,36,115,79,-2,307,309,28
"15","1503",2011,"female","Foreign",110,92,319,227,18,56,38,-50,337,387,48
"15","1503",2012,"male","Austrian",73,-2,30,32,75,155,80,75,343,268,28
"15","1503",2012,"male","Foreign",174,131,552,421,43,102,59,-43,508,551,50
"15","1503",2012,"female","Austrian",57,-20,5,25,77,152,75,55,354,299,33
"15","1503",2012,"female","Foreign",233,217,462,245,16,62,46,-76,352,428,39
"15","1503",2013,"male","Austrian",35,-7,25,32,42,117,75,-58,229,287,17
"15","1503",2013,"male","Foreign",147,127,519,392,20,97,77,-16,479,495,49
"15","1503",2013,"female","Austrian",22,-1,11,12,23,94,71,-127,176,303,10
"15","1503",2013,"female","Foreign",207,183,513,330,24,80,56,-105,327,432,51
"15","1503",2014,"male","Austrian",18,2,29,27,16,106,90,-76,259,335,21
"15","1503",2014,"male","Foreign",203,156,585,429,47,121,74,-81,486,567,44
"15","1503",2014,"female","Austrian",35,6,24,18,29,113,84,-47,256,303,25
"15","1503",2014,"female","Foreign",206,204,555,351,2,75,73,-102,387,489,40
"15","1503",2015,"male","Austrian",31,-4,26,30,35,118,83,-47,274,321,19
"15","1503",2015,"male","Foreign",392,321,713,392,71,195,124,-17,722,739,64
"15","1503",2015,"female","Austrian",7,-11,5,16,18,108,90,-84,237,321,22
"15","1503",2015,"female","Foreign",170,201,551,350,-31,31,62,-107,415,522,44
"15","1503",2016,"male","Austrian",24,-2,20,22,26,112,86,-103,214,317,17
"15","1503",2016,"male","Foreign",321,153,644,491,168,261,93,-273,801,1074,75
"15","1503",2016,"female","Austrian",-1,0,11,11,-1,85,86,-42,226,268,26
"15","1503",2016,"female","Foreign",180,128,502,374,52,105,53,-205,411,616,53
"15","1503",2017,"male","Austrian",-7,-5,27,32,-2,78,80,-39,268,307,26
"15","1503",2017,"male","Foreign",174,92,467,375,82,203,121,-151,897,1048,70
"15","1503",2017,"female","Austrian",17,1,19,18,16,105,89,-64,244,308,11
"15","1503",2017,"female","Foreign",213,175,487,312,38,92,54,-132,436,568,38
"15","1503",2018,"male","Austrian",-19,-13,17,30,-6,81,87,-50,300,350,12
"15","1503",2018,"male","Foreign",60,85,482,397,-25,111,136,-191,768,959,63
"15","1503",2018,"female","Austrian",-14,-9,18,27,-5,101,106,-26,288,314,15
"15","1503",2018,"female","Foreign",73,87,431,344,-14,67,81,-169,437,606,37
"15","1503",2019,"male","Austrian",16,-4,25,29,20,99,79,-41,278,319,26
"15","1503",2019,"male","Foreign",-1,13,434,421,-14,112,126,-133,679,812,48
"15","1503",2019,"female","Austrian",17,-15,13,28,32,101,69,-120,216,336,20
"15","1503",2019,"female","Foreign",32,42,399,357,-10,54,64,-160,422,582,29
"15","1503",2020,"male","Austrian",25,17,35,18,8,91,83,-112,327,439,24
"15","1503",2020,"male","Foreign",98,63,355,292,35,115,80,-101,612,713,37
"15","1503",2020,"female","Austrian",11,2,14,12,9,100,91,-75,229,304,30
"15","1503",2020,"female","Foreign",74,76,323,247,-2,59,61,-132,358,490,22
"15","1503",2021,"male","Austrian",14,-4,28,32,18,101,83,-82,317,399,18
"15","1503",2021,"male","Foreign",97,22,358,336,75,175,100,-125,658,783,41
"15","1503",2021,"female","Austrian",-24,-11,13,24,-13,84,97,-122,184,306,13
"15","1503",2021,"female","Foreign",102,112,329,217,-10,46,56,-103,340,443,38
"15","1503",2022,"male","Austrian",1,-8,27,35,9,98,89,-57,318,375,21
"15","1503",2022,"male","Foreign",245,170,480,310,75,181,106,-123,664,787,36
"15","1503",2022,"female","Austrian",-11,-10,17,27,-1,96,97,-19,233,252,25
"15","1503",2022,"female","Foreign",245,211,499,288,34,93,59,-133,317,450,18
"15","1503",2023,"male","Austrian",8,4,26,22,4,88,84,-73,273,346,15
"15","1503",2023,"male","Foreign",229,128,447,319,101,210,109,-165,771,936,38
"15","1503",2023,"female","Austrian",-13,-2,15,17,-11,79,90,-56,233,289,15
"15","1503",2023,"female","Foreign",170,154,444,290,16,68,52,-138,364,502,18
"15","1504",2007,"male","Austrian",8,-2,21,23,10,57,47,-57,153,210,14
"15","1504",2007,"male","Foreign",74,47,138,91,27,47,20,-56,221,277,31
"15","1504",2007,"female","Austrian",-8,-2,8,10,-6,51,57,-76,121,197,6
"15","1504",2007,"female","Foreign",76,62,121,59,14,29,15,-43,159,202,21
"15","1504",2008,"male","Austrian",25,-13,17,30,38,72,34,28,224,196,42
"15","1504",2008,"male","Foreign",82,59,155,96,23,34,11,3,271,268,21
"15","1504",2008,"female","Austrian",19,1,9,8,18,66,48,38,216,178,24
"15","1504",2008,"female","Foreign",73,61,139,78,12,24,12,-8,191,199,17
"15","1504",2009,"male","Austrian",6,2,25,23,4,58,54,5,179,174,17
"15","1504",2009,"male","Foreign",87,66,231,165,21,43,22,-62,224,286,15
"15","1504",2009,"female","Austrian",8,-5,9,14,13,57,44,-14,144,158,12
"15","1504",2009,"female","Foreign",96,83,184,101,13,33,20,-60,161,221,23
"15","1504",2010,"male","Austrian",42,8,39,31,34,64,30,7,225,218,16
"15","1504",2010,"male","Foreign",123,112,277,165,11,27,16,-44,229,273,24
"15","1504",2010,"female","Austrian",21,4,22,18,17,56,39,-35,156,191,13
"15","1504",2010,"female","Foreign",89,77,224,147,12,23,11,-69,142,211,12
"15","1504",2011,"male","Austrian",19,3,22,19,16,57,41,-37,161,198,14
"15","1504",2011,"male","Foreign",43,21,254,233,22,37,15,-33,298,331,15
"15","1504",2011,"female","Austrian",21,3,8,5,18,49,31,-61,133,194,11
"15","1504",2011,"female","Foreign",32,17,203,186,15,32,17,-69,190,259,13
"15","1504",2012,"male","Austrian",30,9,29,20,21,71,50,-7,218,225,9
"15","1504",2012,"male","Foreign",104,78,306,228,26,47,21,-91,259,350,18
"15","1504",2012,"female","Austrian",29,-1,10,11,30,74,44,2,170,168,5
"15","1504",2012,"female","Foreign",164,145,274,129,19,30,11,-85,192,277,16
"15","1504",2013,"male","Austrian",16,-3,28,31,19,72,53,15,195,180,6
"15","1504",2013,"male","Foreign",154,141,333,192,13,41,28,-43,314,357,31
"15","1504",2013,"female","Austrian",-6,-8,5,13,2,48,46,-40,148,188,7
"15","1504",2013,"female","Foreign",123,111,296,185,12,34,22,-45,233,278,13
"15","1504",2014,"male","Austrian",-2,-4,22,26,2,42,40,-42,172,214,14
"15","1504",2014,"male","Foreign",184,157,428,271,27,74,47,-41,345,386,26
"15","1504",2014,"female","Austrian",0,-8,7,15,8,46,38,-40,131,171,15
"15","1504",2014,"female","Foreign",165,157,364,207,8,32,24,-105,199,304,17
"15","1504",2015,"male","Austrian",23,3,23,20,20,67,47,-8,201,209,15
"15","1504",2015,"male","Foreign",357,301,539,238,56,95,39,28,513,485,20
"15","1504",2015,"female","Austrian",24,1,11,10,23,62,39,-49,134,183,8
"15","1504",2015,"female","Foreign",329,304,501,197,25,51,26,-8,322,330,23
"15","1504",2016,"male","Austrian",15,-8,13,21,23,75,52,-21,170,191,18
"15","1504",2016,"male","Foreign",174,140,410,270,34,101,67,-54,538,592,37
"15","1504",2016,"female","Austrian",33,-7,6,13,40,80,40,-36,151,187,7
"15","1504",2016,"female","Foreign",107,103,360,257,4,43,39,-73,307,380,26
"15","1504",2017,"male","Austrian",1,-5,19,24,6,65,59,-17,158,175,17
"15","1504",2017,"male","Foreign",100,81,357,276,19,74,55,-323,480,803,37
"15","1504",2017,"female","Austrian",-8,-6,9,15,-2,53,55,-63,131,194,7
"15","1504",2017,"female","Foreign",110,92,323,231,18,46,28,-176,288,464,16
"15","1504",2018,"male","Austrian",-7,-8,14,22,1,57,56,-57,175,232,11
"15","1504",2018,"male","Foreign",9,3,269,266,6,59,53,-92,467,559,22
"15","1504",2018,"female","Austrian",21,-5,10,15,26,68,42,-23,144,167,7
"15","1504",2018,"female","Foreign",87,83,291,208,4,36,32,-124,237,361,7
"15","1504",2019,"male","Austrian",-10,-15,14,29,5,68,63,26,246,220,18
"15","1504",2019,"male","Foreign",88,82,311,229,6,61,55,-49,464,513,26
"15","1504",2019,"female","Austrian",33,1,13,12,32,81,49,-23,188,211,12
"15","1504",2019,"female","Foreign",62,45,271,226,17,52,35,-83,295,378,23
"15","1504",2020,"male","Austrian",20,3,23,20,17,74,57,56,283,227,11
"15","1504",2020,"male","Foreign",90,80,266,186,10,64,54,-65,380,445,21
"15","1504",2020,"female","Austrian",28,0,7,7,28,105,77,17,196,179,12
"15","1504",2020,"female","Foreign",106,105,276,171,1,34,33,-34,273,307,22
"15","1504",2021,"male","Austrian",7,-3,21,24,10,81,71,-38,184,222,14
"15","1504",2021,"male","Foreign",138,75,261,186,63,119,56,-52,433,485,34
"15","1504",2021,"female","Austrian",5,5,10,5,0,74,74,-22,166,188,7
"15","1504",2021,"female","Foreign",23,27,222,195,-4,32,36,-81,251,332,21
"15","1504",2022,"male","Austrian",-7,-15,9,24,8,65,57,-67,182,249,8
"15","1504",2022,"male","Foreign",252,191,378,187,61,133,72,-101,428,529,14
"15","1504",2022,"female","Austrian",3,-7,5,12,10,68,58,-57,159,216,8
"15","1504",2022,"female","Foreign",236,213,381,168,23,49,26,-58,283,341,6
"15","1504",2023,"male","Austrian",-3,0,12,12,-3,53,56,-38,166,204,17
"15","1504",2023,"male","Foreign",197,77,309,232,120,205,85,-40,625,665,40
"15","1504",2023,"female","Austrian",-7,-4,8,12,-3,66,69,-58,137,195,8
"15","1504",2023,"female","Foreign",116,108,282,174,8,53,45,-110,298,408,24
"15","1505",2007,"male","Austrian",7,-7,17,24,14,73,59,-42,226,268,39
"15","1505",2007,"male","Foreign",60,61,178,117,-1,30,31,-48,274,322,18
"15","1505",2007,"female","Austrian",5,-3,11,14,8,72,64,-48,228,276,33
"15","1505",2007,"female","Foreign",68,62,132,70,6,18,12,-26,189,215,20
"15","1505",2008,"male","Austrian",-10,-7,18,25,-3,78,81,-30,243,273,18
"15","1505",2008,"male","Foreign",76,64,168,104,12,31,19,-38,223,261,9
"15","1505",2008,"female","Austrian",-4,-5,12,17,1,71,70,13,233,220,25
"15","1505",2008,"female","Foreign",92,87,143,56,5,20,15,-51,165,216,16
"15","1505",2009,"male","Austrian",2,-2,25,27,4,67,63,7,245,238,20
"15","1505",2009,"male","Foreign",25,10,154,144,15,39,24,55,289,234,19
"15","1505",2009,"female","Austrian",-11,-8,11,19,-3,82,85,14,241,227,24
"15","1505",2009,"female","Foreign",51,36,137,101,15,29,14,9,189,180,14
"15","1505",2010,"male","Austrian",-26,-25,21,46,-1,73,74,22,246,224,31
"15","1505",2010,"male","Foreign",34,31,214,183,3,38,35,7,281,274,19
"15","1505",2010,"female","Austrian",6,-6,13,19,12,88,76,16,245,229,41
"15","1505",2010,"female","Foreign",70,67,162,95,3,26,23,-26,204,230,16
"15","1505",2011,"male","Austrian",8,-10,20,30,18,87,69,-26,203,229,17
"15","1505",2011,"male","Foreign",21,6,205,199,15,43,28,-65,255,320,17
"15","1505",2011,"female","Austrian",-5,-15,8,23,10,79,69,-4,232,236,18
"15","1505",2011,"female","Foreign",74,65,191,126,9,29,20,-45,175,220,13
"15","1505",2012,"male","Austrian",26,-14,17,31,40,101,61,26,260,234,25
"15","1505",2012,"male","Foreign",77,66,200,134,11,32,21,-29,271,300,26
"15","1505",2012,"female","Austrian",23,-11,10,21,34,96,62,24,281,257,31
"15","1505",2012,"female","Foreign",100,88,182,94,12,36,24,1,233,232,15
"15","1505",2013,"male","Austrian",3,-6,23,29,9,81,72,-22,225,247,17
"15","1505",2013,"male","Foreign",81,88,216,128,-7,32,39,28,315,287,21
"15","1505",2013,"female","Austrian",-1,-6,9,15,5,89,84,-23,229,252,16
"15","1505",2013,"female","Foreign",81,80,178,98,1,29,28,5,214,209,9
"15","1505",2014,"male","Austrian",-7,-10,22,32,3,76,73,-21,218,239,25
"15","1505",2014,"male","Foreign",140,119,253,134,21,48,27,-27,286,313,13
"15","1505",2014,"female","Austrian",12,2,12,10,10,81,71,-26,213,239,27
"15","1505",2014,"female","Foreign",119,112,226,114,7,28,21,-16,232,248,18
"15","1505",2015,"male","Austrian",-5,-6,25,31,1,75,74,-6,228,234,14
"15","1505",2015,"male","Foreign",143,82,242,160,61,96,35,-18,379,397,27
"15","1505",2015,"female","Austrian",6,-1,14,15,7,77,70,-47,197,244,25
"15","1505",2015,"female","Foreign",122,123,222,99,-1,31,32,-15,272,287,9
"15","1505",2016,"male","Austrian",8,6,25,19,2,74,72,-32,181,213,15
"15","1505",2016,"male","Foreign",123,82,250,168,41,103,62,35,439,404,14
"15","1505",2016,"female","Austrian",-7,5,18,13,-12,67,79,-47,199,246,21
"15","1505",2016,"female","Foreign",95,91,214,123,4,42,38,-16,284,300,11
"15","1505",2017,"male","Austrian",-45,-19,10,29,-26,62,88,-60,200,260,20
"15","1505",2017,"male","Foreign",105,51,234,183,54,109,55,-40,435,475,15
"15","1505",2017,"female","Austrian",1,-13,10,23,14,83,69,-63,181,244,21
"15","1505",2017,"female","Foreign",70,37,170,133,33,68,35,-13,282,295,13
"15","1505",2018,"male","Austrian",-19,-11,10,21,-8,68,76,-19,237,256,18
"15","1505",2018,"male","Foreign",48,69,231,162,-21,43,64,-20,453,473,29
"15","1505",2018,"female","Austrian",-8,-11,4,15,3,85,82,19,233,214,18
"15","1505",2018,"female","Foreign",25,34,148,114,-9,25,34,-5,328,333,16
"15","1505",2019,"male","Austrian",0,4,24,20,-4,63,67,-54,211,265,11
"15","1505",2019,"male","Foreign",39,34,205,171,5,52,47,-37,393,430,27
"15","1505",2019,"female","Austrian",-2,-16,5,21,14,87,73,-32,214,246,17
"15","1505",2019,"female","Foreign",52,42,171,129,10,43,33,-57,274,331,20
"15","1505",2020,"male","Austrian",-6,-7,14,21,1,63,62,-20,216,236,11
"15","1505",2020,"male","Foreign",57,42,170,128,15,52,37,-66,320,386,13
"15","1505",2020,"female","Austrian",-11,0,12,12,-11,75,86,-16,221,237,13
"15","1505",2020,"female","Foreign",9,19,104,85,-10,29,39,-38,266,304,12
"15","1505",2021,"male","Austrian",-21,-3,16,19,-18,65,83,-14,218,232,16
"15","1505",2021,"male","Foreign",49,2,160,158,47,102,55,-51,358,409,26
"15","1505",2021,"female","Austrian",-37,-3,8,11,-34,55,89,-50,206,256,22
"15","1505",2021,"female","Foreign",9,17,114,97,-8,37,45,-18,268,286,16
"15","1505",2022,"male","Austrian",-9,-12,11,23,3,72,69,-40,182,222,16
"15","1505",2022,"male","Foreign",180,101,205,104,79,127,48,-126,398,524,20
"15","1505",2022,"female","Austrian",-28,-3,9,12,-25,65,90,-79,182,261,19
"15","1505",2022,"female","Foreign",146,145,237,92,1,36,35,-55,266,321,20
"15","1505",2023,"male","Austrian",-7,3,19,16,-10,55,65,-48,200,248,16
"15","1505",2023,"male","Foreign",166,95,226,131,71,132,61,-58,474,532,26
"15","1505",2023,"female","Austrian",-5,-1,15,16,-4,48,52,-41,208,249,18
"15","1505",2023,"female","Foreign",55,44,160,116,11,48,37,-53,251,304,22
"15","1506",2007,"male","Austrian",39,-6,29,35,45,155,110,14,363,349,51
"15","1506",2007,"male","Foreign",114,94,265,171,20,51,31,3,421,418,46
"15","1506",2007,"female","Austrian",34,6,18,12,28,136,108,-67,321,388,51
"15","1506",2007,"female","Foreign",124,125,227,102,-1,35,36,-51,294,345,54
"15","1506",2008,"male","Austrian",-28,-22,24,46,-6,93,99,-43,337,380,26
"15","1506",2008,"male","Foreign",90,85,264,179,5,37,32,-70,352,422,44
"15","1506",2008,"female","Austrian",-29,-11,10,21,-18,93,111,-36,294,330,23
"15","1506",2008,"female","Foreign",123,104,209,105,19,37,18,-55,272,327,32
"15","1506",2009,"male","Austrian",35,-1,40,41,36,127,91,-121,274,395,24
"15","1506",2009,"male","Foreign",102,68,292,224,34,64,30,-31,392,423,35
"15","1506",2009,"female","Austrian",-7,-14,14,28,7,89,82,-53,284,337,34
"15","1506",2009,"female","Foreign",157,118,253,135,39,57,18,-41,286,327,34
"15","1506",2010,"male","Austrian",9,-12,30,42,21,120,99,-71,307,378,29
"15","1506",2010,"male","Foreign",60,47,281,234,13,47,34,9,432,423,43
"15","1506",2010,"female","Austrian",-1,-3,17,20,2,113,111,-63,276,339,30
"15","1506",2010,"female","Foreign",126,123,277,154,3,34,31,-76,310,386,39
"15","1506",2011,"male","Austrian",-13,-18,21,39,5,110,105,-4,328,332,22
"15","1506",2011,"male","Foreign",112,110,344,234,2,45,43,-26,444,470,46
"15","1506",2011,"female","Austrian",25,3,18,15,22,134,112,-24,312,336,17
"15","1506",2011,"female","Foreign",65,50,230,180,15,50,35,-115,266,381,28
"15","1506",2012,"male","Austrian",47,-2,33,35,49,132,83,-53,288,341,18
"15","1506",2012,"male","Foreign",189,168,411,243,21,62,41,-69,411,480,38
"15","1506",2012,"female","Austrian",44,-1,16,17,45,151,106,-83,253,336,32
"15","1506",2012,"female","Foreign",179,165,308,143,14,49,35,-97,318,415,16
"15","1506",2013,"male","Austrian",-2,-9,26,35,7,118,111,-80,297,377,30
"15","1506",2013,"male","Foreign",231,225,450,225,6,60,54,-94,509,603,20
"15","1506",2013,"female","Austrian",5,-8,12,20,13,128,115,-76,260,336,27
"15","1506",2013,"female","Foreign",192,190,329,139,2,40,38,-115,319,434,13
"15","1506",2014,"male","Austrian",13,-13,26,39,26,107,81,-73,291,364,41
"15","1506",2014,"male","Foreign",245,216,473,257,29,87,58,-128,473,601,48
"15","1506",2014,"female","Austrian",-13,-10,19,29,-3,98,101,-81,260,341,31
"15","1506",2014,"female","Foreign",227,223,376,153,4,49,45,-80,365,445,42
"15","1506",2015,"male","Austrian",15,-8,29,37,23,122,99,-63,289,352,18
"15","1506",2015,"male","Foreign",207,135,431,296,72,131,59,-37,601,638,50
"15","1506",2015,"female","Austrian",70,-4,15,19,74,169,95,-56,298,354,25
"15","1506",2015,"female","Foreign",210,189,360,171,21,52,31,-92,406,498,33
"15","1506",2016,"male","Austrian",1,-12,20,32,13,118,105,-15,268,283,28
"15","1506",2016,"male","Foreign",200,109,396,287,91,175,84,-170,643,813,47
"15","1506",2016,"female","Austrian",-11,-6,13,19,-5,87,92,-50,280,330,27
"15","1506",2016,"female","Foreign",159,144,350,206,15,70,55,-83,431,514,26
"15","1506",2017,"male","Austrian",-13,-5,23,28,-8,96,104,13,307,294,21
"15","1506",2017,"male","Foreign",171,111,347,236,60,126,66,-66,661,727,49
"15","1506",2017,"female","Austrian",-2,-12,10,22,10,110,100,-10,331,341,22
"15","1506",2017,"female","Foreign",133,108,285,177,25,72,47,-99,405,504,42
"15","1506",2018,"male","Austrian",-6,-4,27,31,-2,86,88,-60,269,329,17
"15","1506",2018,"male","Foreign",1,7,297,290,-6,80,86,-170,648,818,50
"15","1506",2018,"female","Austrian",-11,0,13,13,-11,90,101,-49,298,347,14
"15","1506",2018,"female","Foreign",34,40,225,185,-6,56,62,-182,374,556,31
"15","1506",2019,"male","Austrian",0,-8,23,31,8,102,94,5,325,320,25
"15","1506",2019,"male","Foreign",85,118,356,238,-33,54,87,-110,567,677,38
"15","1506",2019,"female","Austrian",-7,-8,13,21,1,107,106,57,392,335,34
"15","1506",2019,"female","Foreign",37,39,206,167,-2,50,52,-81,404,485,24
"15","1506",2020,"male","Austrian",-11,-8,12,20,-3,85,88,-75,258,333,25
"15","1506",2020,"male","Foreign",90,86,287,201,4,73,69,-143,483,626,22
"15","1506",2020,"female","Austrian",-15,-14,5,19,-1,89,90,-30,255,285,17
"15","1506",2020,"female","Foreign",65,77,205,128,-12,37,49,-111,370,481,34
"15","1506",2021,"male","Austrian",-5,-1,15,16,-4,95,99,-28,251,279,17
"15","1506",2021,"male","Foreign",149,48,288,240,101,160,59,-53,582,635,32
"15","1506",2021,"female","Austrian",-11,-9,10,19,-2,100,102,-28,272,300,18
"15","1506",2021,"female","Foreign",85,48,164,116,37,77,40,-83,361,444,20
"15","1506",2022,"male","Austrian",-39,-17,16,33,-22,90,112,-85,230,315,19
"15","1506",2022,"male","Foreign",280,164,373,209,116,190,74,-167,618,785,49
"15","1506",2022,"female","Austrian",-5,-16,7,23,11,106,95,-31,279,310,26
"15","1506",2022,"female","Foreign",193,171,308,137,22,71,49,-126,335,461,26
"15","1506",2023,"male","Austrian",-13,-3,23,26,-10,68,78,-26,232,258,16
"15","1506",2023,"male","Foreign",275,131,347,216,144,240,96,-166,682,848,37
"15","1506",2023,"female","Austrian",-20,-5,16,21,-15,62,77,0,254,254,17
"15","1506",2023,"female","Foreign",157,148,286,138,9,53,44,-55,382,437,24
"15","1507",2007,"male","Austrian",-17,-13,8,21,-4,39,43,-22,210,232,27
"15","1507",2007,"male","Foreign",52,48,90,42,4,14,10,12,137,125,5
"15","1507",2007,"female","Austrian",-12,4,14,10,-16,39,55,1,205,204,9
"15","1507",2007,"female","Foreign",40,44,70,26,-4,4,8,-8,86,94,7
"15","1507",2008,"male","Austrian",-19,-9,9,18,-10,44,54,-29,181,210,29
"15","1507",2008,"male","Foreign",12,12,66,54,0,11,11,1,122,121,4
"15","1507",2008,"female","Austrian",15,0,8,8,15,57,42,-36,187,223,38
"15","1507",2008,"female","Foreign",31,30,63,33,1,10,9,-2,111,113,2
"15","1507",2009,"male","Austrian",-18,4,26,22,-22,37,59,20,210,190,32
"15","1507",2009,"male","Foreign",19,26,73,47,-7,4,11,11,132,121,5
"15","1507",2009,"female","Austrian",-25,-2,9,11,-23,40,63,32,199,167,32
"15","1507",2009,"female","Foreign",20,24,57,33,-4,9,13,-2,110,112,6
"15","1507",2010,"male","Austrian",-3,-11,17,28,8,56,48,-13,184,197,34
"15","1507",2010,"male","Foreign",10,10,78,68,0,11,11,19,160,141,7
"15","1507",2010,"female","Austrian",1,-3,11,14,4,57,53,-33,174,207,25
"15","1507",2010,"female","Foreign",48,46,82,36,2,13,11,4,128,124,5
"15","1507",2011,"male","Austrian",-15,-11,10,21,-4,42,46,-27,184,211,20
"15","1507",2011,"male","Foreign",39,36,88,52,3,16,13,-4,128,132,7
"15","1507",2011,"female","Austrian",-4,-1,10,11,-3,39,42,4,208,204,25
"15","1507",2011,"female","Foreign",45,40,97,57,5,14,9,0,125,125,8
"15","1507",2012,"male","Austrian",24,-2,19,21,26,69,43,-21,177,198,22
"15","1507",2012,"male","Foreign",39,37,104,67,2,13,11,20,151,131,8
"15","1507",2012,"female","Austrian",21,4,8,4,17,57,40,-19,210,229,35
"15","1507",2012,"female","Foreign",44,37,83,46,7,12,5,0,141,141,9
"15","1507",2013,"male","Austrian",6,-8,19,27,14,64,50,5,200,195,27
"15","1507",2013,"male","Foreign",75,71,146,75,4,16,12,15,192,177,18
"15","1507",2013,"female","Austrian",-8,-11,11,22,3,64,61,12,232,220,30
"15","1507",2013,"female","Foreign",66,61,117,56,5,10,5,21,201,180,17
"15","1507",2014,"male","Austrian",0,4,17,13,-4,56,60,15,190,175,14
"15","1507",2014,"male","Foreign",78,75,150,75,3,22,19,58,207,149,12
"15","1507",2014,"female","Austrian",-14,2,13,11,-16,54,70,-27,193,220,33
"15","1507",2014,"female","Foreign",83,80,153,73,3,12,9,34,155,121,8
"15","1507",2015,"male","Austrian",-10,-1,14,15,-9,43,52,-25,161,186,25
"15","1507",2015,"male","Foreign",81,72,158,86,9,29,20,-4,230,234,9
"15","1507",2015,"female","Austrian",18,0,9,9,18,68,50,-17,184,201,19
"15","1507",2015,"female","Foreign",78,79,150,71,-1,18,19,-22,187,209,7
"15","1507",2016,"male","Austrian",-14,-7,13,20,-7,51,58,-21,165,186,16
"15","1507",2016,"male","Foreign",53,48,148,100,5,32,27,-17,224,241,13
"15","1507",2016,"female","Austrian",-33,-2,8,10,-31,45,76,-46,163,209,20
"15","1507",2016,"female","Foreign",50,45,122,77,5,21,16,-7,205,212,8
"15","1507",2017,"male","Austrian",10,-2,9,11,12,54,42,-37,157,194,10
"15","1507",2017,"male","Foreign",25,13,130,117,12,38,26,10,236,226,10
"15","1507",2017,"female","Austrian",-3,0,11,11,-3,47,50,15,194,179,9
"15","1507",2017,"female","Foreign",22,22,119,97,0,20,20,-1,199,200,16
"15","1507",2018,"male","Austrian",-31,-4,17,21,-27,30,57,-41,179,220,22
"15","1507",2018,"male","Foreign",26,32,121,89,-6,19,25,-49,175,224,7
"15","1507",2018,"female","Austrian",-19,-3,5,8,-16,41,57,-50,185,235,24
"15","1507",2018,"female","Foreign",34,30,114,84,4,20,16,-68,174,242,5
"15","1507",2019,"male","Austrian",-15,-2,13,15,-13,44,57,-41,174,215,10
"15","1507",2019,"male","Foreign",21,21,116,95,0,20,20,-28,213,241,12
"15","1507",2019,"female","Austrian",-19,-12,8,20,-7,49,56,-188,172,360,17
"15","1507",2019,"female","Foreign",27,30,104,74,-3,18,21,-36,209,245,16
"15","1507",2020,"male","Austrian",-2,3,14,11,-5,45,50,-55,124,179,15
"15","1507",2020,"male","Foreign",69,73,141,68,-4,11,15,-37,167,204,3
"15","1507",2020,"female","Austrian",-1,-1,13,14,0,52,52,-40,149,189,14
"15","1507",2020,"female","Foreign",10,14,78,64,-4,11,15,-3,148,151,13
"15","1507",2021,"male","Austrian",-12,0,8,8,-12,40,52,-18,183,201,16
"15","1507",2021,"male","Foreign",41,30,128,98,11,34,23,32,195,163,9
"15","1507",2021,"female","Austrian",-22,-4,9,13,-18,36,54,118,294,176,28
"15","1507",2021,"female","Foreign",25,30,80,50,-5,18,23,20,185,165,6
"15","1507",2022,"male","Austrian",-12,-1,11,12,-11,35,46,-20,170,190,14
"15","1507",2022,"male","Foreign",85,80,166,86,5,27,22,-20,218,238,8
"15","1507",2022,"female","Austrian",-10,0,9,9,-10,46,56,4,219,215,17
"15","1507",2022,"female","Foreign",83,73,138,65,10,21,11,-54,178,232,3
"15","1507",2023,"male","Austrian",-13,-1,12,13,-12,39,51,9,175,166,20
"15","1507",2023,"male","Foreign",25,11,122,111,14,37,23,61,301,240,10
"15","1507",2023,"female","Austrian",-22,2,10,8,-24,27,51,24,199,175,19
"15","1507",2023,"female","Foreign",58,65,135,70,-7,14,21,3,188,185,7
"15","1599",2007,"male","Austrian",-16,-8,0,8,-8,3,11,-68,1,69,1
"15","1599",2007,"male","Foreign",-20,-17,0,17,-3,0,3,-33,2,35,0
"15","1599",2007,"female","Austrian",-22,-3,0,3,-19,2,21,-58,3,61,0
"15","1599",2007,"female","Foreign",-8,-7,0,7,-1,1,2,-26,0,26,0
"15","1599",2008,"male","Austrian",-2,-1,0,1,-1,1,2,-13,0,13,0
"15","1599",2008,"male","Foreign",-7,-6,1,7,-1,0,1,-11,2,13,0
"15","1599",2008,"female","Austrian",-1,0,0,0,-1,0,1,-11,2,13,0
"15","1599",2008,"female","Foreign",-2,-1,2,3,-1,0,1,-10,0,10,0
"15","1599",2009,"male","Austrian",0,0,0,0,0,1,1,-15,0,15,0
"15","1599",2009,"male","Foreign",-3,-3,1,4,0,0,0,-7,0,7,0
"15","1599",2009,"female","Austrian",2,-1,0,1,3,3,0,-9,1,10,0
"15","1599",2009,"female","Foreign",0,0,1,1,0,0,0,-16,0,16,0
"15","1599",2010,"male","Austrian",-4,-2,0,2,-2,0,2,-6,3,9,0
"15","1599",2010,"male","Foreign",-1,-1,0,1,0,0,0,-4,2,6,0
"15","1599",2010,"female","Austrian",-3,-2,0,2,-1,0,1,-1,0,1,0
"15","1599",2010,"female","Foreign",-1,-1,0,1,0,0,0,-4,0,4,0
"15","1599",2011,"male","Austrian",-1,-1,0,1,0,0,0,-8,2,10,0
"15","1599",2011,"male","Foreign",-2,-2,0,2,0,0,0,-5,0,5,0
"15","1599",2011,"female","Austrian",0,0,0,0,0,0,0,-5,0,5,0
"15","1599",2011,"female","Foreign",1,1,1,0,0,0,0,-6,1,7,0
"15","1599",2012,"male","Austrian",-1,-1,0,1,0,0,0,-2,1,3,0
"15","1599",2012,"male","Foreign",2,2,2,0,0,0,0,-4,0,4,0
"15","1599",2012,"female","Austrian",1,0,0,0,1,1,0,-1,3,4,0
"15","1599",2012,"female","Foreign",0,0,0,0,0,0,0,-2,0,2,0
"15","1599",2013,"male","Austrian",0,0,2,2,0,1,1,-10,3,13,1
"15","1599",2013,"male","Foreign",-6,-5,1,6,-1,0,1,-12,4,16,0
"15","1599",2013,"female","Austrian",-3,-2,0,2,-1,2,3,-10,0,10,0
"15","1599",2013,"female","Foreign",-2,0,2,2,-2,0,2,-12,2,14,0
"15","1599",2014,"male","Austrian",-1,-1,0,1,0,0,0,-3,8,11,0
"15","1599",2014,"male","Foreign",6,3,3,0,3,3,0,1,11,10,0
"15","1599",2014,"female","Austrian",0,0,1,1,0,1,1,-3,11,14,0
"15","1599",2014,"female","Foreign",4,2,3,1,2,2,0,2,9,7,0
"15","1599",2015,"male","Austrian",0,1,1,0,-1,0,1,-2,0,2,0
"15","1599",2015,"male","Foreign",-1,-1,0,1,0,0,0,-3,0,3,0
"15","1599",2015,"female","Austrian",-1,0,0,0,-1,0,1,-2,1,3,0
"15","1599",2015,"female","Foreign",0,0,1,1,0,0,0,-1,1,2,0
"15","1599",2016,"male","Austrian",0,0,0,0,0,0,0,-3,1,4,0
"15","1599",2016,"male","Foreign",1,1,3,2,0,0,0,-1,3,4,0
"15","1599",2016,"female","Austrian",0,0,0,0,0,0,0,-2,2,4,0
"15","1599",2016,"female","Foreign",2,2,3,1,0,0,0,-2,0,2,0
"15","1599",2017,"male","Austrian",-3,-2,0,2,-1,0,1,-6,0,6,0
"15","1599",2017,"male","Foreign",-1,1,1,0,-2,0,2,-5,0,5,0
"15","1599",2017,"female","Austrian",-2,-1,0,1,-1,1,2,-2,1,3,0
"15","1599",2017,"female","Foreign",0,1,2,1,-1,0,1,1,1,0,0
"15","1599",2018,"male","Austrian",-2,0,0,0,-2,1,3,-2,1,3,0
"15","1599",2018,"male","Foreign",0,0,0,0,0,0,0,0,0,0,0
"15","1599",2018,"female","Austrian",-6,-1,0,1,-5,0,5,-1,0,1,0
"15","1599",2018,"female","Foreign",0,0,0,0,0,0,0,-4,0,4,0
"15","1599",2019,"male","Austrian",0,0,0,0,0,0,0,3,3,0,0
"15","1599",2019,"male","Foreign",1,1,1,0,0,0,0,0,0,0,0
"15","1599",2019,"female","Austrian",0,0,0,0,0,0,0,2,2,0,0
"15","1599",2019,"female","Foreign",0,0,0,0,0,0,0,0,0,0,0
"15","1599",2020,"male","Austrian",0,0,0,0,0,0,0,3,3,0,0
"15","1599",2020,"male","Foreign",1,1,1,0,0,0,0,1,1,0,0
"15","1599",2020,"female","Austrian",0,0,0,0,0,0,0,1,1,0,0
"15","1599",2020,"female","Foreign",2,2,2,0,0,0,0,0,0,0,0
"15","1599",2021,"male","Austrian",0,0,0,0,0,0,0,0,0,0,0
"15","1599",2021,"male","Foreign",3,3,3,0,0,0,0,0,0,0,0
"15","1599",2021,"female","Austrian",0,0,0,0,0,0,0,0,0,0,0
"15","1599",2021,"female","Foreign",0,0,0,0,0,0,0,0,0,0,0
"15","1599",2022,"male","Austrian",0,0,0,0,0,0,0,0,1,1,0
"15","1599",2022,"male","Foreign",2,2,2,0,0,0,0,-1,1,2,0
"15","1599",2022,"female","Austrian",0,0,0,0,0,0,0,0,0,0,0
"15","1599",2022,"female","Foreign",0,0,0,0,0,0,0,0,0,0,0
"15","1599",2023,"male","Austrian",0,0,0,0,0,0,0,-1,0,1,0
"15","1599",2023,"male","Foreign",0,0,0,0,0,0,0,0,0,0,0
"15","1599",2023,"female","Austrian",0,0,0,0,0,0,0,0,0,0,0
"15","1599",2023,"female","Foreign",0,0,0,0,0,0,0,0,1,1,0
"16","1601",2007,"male","Austrian",42,3,32,29,39,109,70,-112,277,389,34
"16","1601",2007,"male","Foreign",88,89,281,192,-1,35,36,-52,428,480,53
"16","1601",2007,"female","Austrian",6,-15,11,26,21,121,100,-125,286,411,31
"16","1601",2007,"female","Foreign",140,123,243,120,17,28,11,-32,302,334,32
"16","1601",2008,"male","Austrian",-14,-13,25,38,-1,92,93,-51,299,350,25
"16","1601",2008,"male","Foreign",78,58,275,217,20,48,28,-16,374,390,30
"16","1601",2008,"female","Austrian",25,1,19,18,24,115,91,-67,270,337,27
"16","1601",2008,"female","Foreign",119,102,223,121,17,38,21,-88,250,338,28
"16","1601",2009,"male","Austrian",37,7,39,32,30,111,81,18,353,335,42
"16","1601",2009,"male","Foreign",93,54,286,232,39,71,32,44,446,402,31
"16","1601",2009,"female","Austrian",45,-8,12,20,53,121,68,-59,323,382,27
"16","1601",2009,"female","Foreign",150,125,257,132,25,61,36,-14,308,322,31
"16","1601",2010,"male","Austrian",56,-5,35,40,61,125,64,-136,253,389,38
"16","1601",2010,"male","Foreign",75,53,278,225,22,40,18,-94,362,456,24
"16","1601",2010,"female","Austrian",25,-25,18,43,50,125,75,-114,273,387,35
"16","1601",2010,"female","Foreign",86,80,202,122,6,37,31,-64,283,347,24
"16","1601",2011,"male","Austrian",32,-19,26,45,51,135,84,-42,300,342,27
"16","1601",2011,"male","Foreign",41,27,283,256,14,57,43,5,423,418,36
"16","1601",2011,"female","Austrian",33,-3,22,25,36,140,104,-85,276,361,43
"16","1601",2011,"female","Foreign",63,67,236,169,-4,35,39,-62,295,357,39
"16","1601",2012,"male","Austrian",77,8,31,23,69,172,103,-81,303,384,24
"16","1601",2012,"male","Foreign",132,110,332,222,22,55,33,-71,409,480,47
"16","1601",2012,"female","Austrian",47,-3,17,20,50,163,113,-66,307,373,33
"16","1601",2012,"female","Foreign",175,179,311,132,-4,35,39,-80,322,402,23
"16","1601",2013,"male","Austrian",47,-7,31,38,54,146,92,-111,284,395,18
"16","1601",2013,"male","Foreign",206,176,412,236,30,67,37,-103,450,553,44
"16","1601",2013,"female","Austrian",43,3,25,22,40,135,95,-61,274,335,22
"16","1601",2013,"female","Foreign",172,171,358,187,1,46,45,-83,338,421,37
"16","1601",2014,"male","Austrian",2,-19,21,40,21,99,78,-82,287,369,28
"16","1601",2014,"male","Foreign",251,182,461,279,69,118,49,-69,514,583,37
"16","1601",2014,"female","Austrian",33,-6,21,27,39,131,92,-74,272,346,30
"16","1601",2014,"female","Foreign",195,193,394,201,2,46,44,-66,339,405,25
"16","1601",2015,"male","Austrian",4,3,33,30,1,105,104,-35,320,355,28
"16","1601",2015,"male","Foreign",321,234,439,205,87,148,61,-101,610,711,33
"16","1601",2015,"female","Austrian",-6,-10,19,29,4,111,107,-88,272,360,26
"16","1601",2015,"female","Foreign",244,232,410,178,12,54,42,-114,382,496,28
"16","1601",2016,"male","Austrian",-5,-15,26,41,10,107,97,-66,295,361,28
"16","1601",2016,"male","Foreign",244,126,412,286,118,226,108,-54,758,812,43
"16","1601",2016,"female","Austrian",1,-10,19,29,11,120,109,-113,286,399,33
"16","1601",2016,"female","Foreign",162,135,364,229,27,76,49,-88,441,529,38
"16","1601",2017,"male","Austrian",10,-10,22,32,20,113,93,-79,263,342,22
"16","1601",2017,"male","Foreign",144,42,338,296,102,177,75,-167,709,876,54
"16","1601",2017,"female","Austrian",-19,-11,14,25,-8,103,111,-110,269,379,30
"16","1601",2017,"female","Foreign",192,127,312,185,65,115,50,-134,431,565,25
"16","1601",2018,"male","Austrian",-27,-5,25,30,-22,80,102,-90,252,342,30
"16","1601",2018,"male","Foreign",122,89,337,248,33,121,88,-153,697,850,50
"16","1601",2018,"female","Austrian",-25,-5,17,22,-20,106,126,-32,273,305,23
"16","1601",2018,"female","Foreign",24,40,252,212,-16,55,71,-127,454,581,36
"16","1601",2019,"male","Austrian",-17,-1,29,30,-16,95,111,-31,315,346,27
"16","1601",2019,"male","Foreign",133,117,331,214,16,94,78,-144,617,761,59
"16","1601",2019,"female","Austrian",-18,2,21,19,-20,97,117,-89,294,383,25
"16","1601",2019,"female","Foreign",116,97,268,171,19,55,36,-175,352,527,26
"16","1601",2020,"male","Austrian",35,-4,17,21,39,119,80,-77,268,345,16
"16","1601",2020,"male","Foreign",111,90,306,216,21,86,65,-179,586,765,41
"16","1601",2020,"female","Austrian",54,1,18,17,53,144,91,-37,284,321,18
"16","1601",2020,"female","Foreign",125,94,220,126,31,63,32,-124,365,489,39
"16","1601",2021,"male","Austrian",-50,-9,16,25,-41,77,118,-60,265,325,22
"16","1601",2021,"male","Foreign",176,102,339,237,74,140,66,-180,552,732,54
"16","1601",2021,"female","Austrian",0,-6,8,14,6,116,110,-66,302,368,30
"16","1601",2021,"female","Foreign",110,91,241,150,19,57,38,-122,363,485,41
"16","1601",2022,"male","Austrian",-31,-6,22,28,-25,93,118,-85,226,311,25
"16","1601",2022,"male","Foreign",301,150,415,265,151,221,70,-82,693,775,56
"16","1601",2022,"female","Austrian",-35,-16,12,28,-19,90,109,-76,262,338,22
"16","1601",2022,"female","Foreign",297,261,435,174,36,84,48,-130,398,528,43
"16","1601",2023,"male","Austrian",9,-4,16,20,13,100,87,-43,246,289,36
"16","1601",2023,"male","Foreign",215,86,352,266,129,237,108,-203,711,914,73
"16","1601",2023,"female","Austrian",-17,-14,11,25,-3,100,103,-68,272,340,40
"16","1601",2023,"female","Foreign",188,151,336,185,37,80,43,-218,376,594,41
"16","1602",2007,"male","Austrian",21,2,22,20,19,66,47,-44,191,235,11
"16","1602",2007,"male","Foreign",79,71,205,134,8,32,24,-47,288,335,20
"16","1602",2007,"female","Austrian",7,5,18,13,2,49,47,-59,182,241,12
"16","1602",2007,"female","Foreign",79,87,181,94,-8,23,31,-77,185,262,10
"16","1602",2008,"male","Austrian",22,-13,25,38,35,69,34,-54,197,251,23
"16","1602",2008,"male","Foreign",72,54,210,156,18,30,12,4,309,305,16
"16","1602",2008,"female","Austrian",-2,-6,18,24,4,49,45,-77,134,211,15
"16","1602",2008,"female","Foreign",102,85,182,97,17,29,12,-31,208,239,18
"16","1602",2009,"male","Austrian",20,1,29,28,19,66,47,-114,148,262,12
"16","1602",2009,"male","Foreign",57,45,223,178,12,33,21,-41,287,328,24
"16","1602",2009,"female","Austrian",4,-13,8,21,17,74,57,-84,140,224,10
"16","1602",2009,"female","Foreign",93,89,203,114,4,23,19,38,299,261,29
"16","1602",2010,"male","Austrian",24,-2,26,28,26,64,38,-42,172,214,17
"16","1602",2010,"male","Foreign",61,51,266,215,10,29,19,-39,257,296,26
"16","1602",2010,"female","Austrian",18,-7,6,13,25,66,41,-59,137,196,4
"16","1602",2010,"female","Foreign",77,61,219,158,16,30,14,-43,242,285,26
"16","1602",2011,"male","Austrian",25,11,29,18,14,73,59,-85,168,253,17
"16","1602",2011,"male","Foreign",61,34,237,203,27,44,17,-81,259,340,31
"16","1602",2011,"female","Austrian",27,-3,11,14,30,84,54,-62,142,204,12
"16","1602",2011,"female","Foreign",78,76,216,140,2,26,24,-52,205,257,40
"16","1602",2012,"male","Austrian",24,9,28,19,15,63,48,-34,183,217,14
"16","1602",2012,"male","Foreign",135,138,308,170,-3,31,34,8,356,348,23
"16","1602",2012,"female","Austrian",14,-5,7,12,19,68,49,-42,172,214,11
"16","1602",2012,"female","Foreign",126,126,236,110,0,23,23,-46,258,304,15
"16","1602",2013,"male","Austrian",33,9,31,22,24,89,65,-43,201,244,16
"16","1602",2013,"male","Foreign",146,134,343,209,12,52,40,-91,328,419,27
"16","1602",2013,"female","Austrian",18,-2,16,18,20,68,48,-40,165,205,10
"16","1602",2013,"female","Foreign",134,132,256,124,2,31,29,-90,236,326,17
"16","1602",2014,"male","Austrian",22,-3,24,27,25,72,47,-71,176,247,14
"16","1602",2014,"male","Foreign",152,119,312,193,33,59,26,-26,341,367,33
"16","1602",2014,"female","Austrian",9,-2,11,13,11,55,44,-80,147,227,14
"16","1602",2014,"female","Foreign",126,128,257,129,-2,20,22,-74,236,310,24
"16","1602",2015,"male","Austrian",7,5,26,21,2,56,54,-24,196,220,12
"16","1602",2015,"male","Foreign",137,100,301,201,37,82,45,-108,410,518,27
"16","1602",2015,"female","Austrian",-13,1,8,7,-14,45,59,-30,171,201,6
"16","1602",2015,"female","Foreign",52,54,224,170,-2,38,40,-102,276,378,23
"16","1602",2016,"male","Austrian",22,0,24,24,22,66,44,-76,138,214,18
"16","1602",2016,"male","Foreign",109,65,241,176,44,99,55,-29,514,543,33
"16","1602",2016,"female","Austrian",15,1,11,10,14,51,37,-25,164,189,5
"16","1602",2016,"female","Foreign",82,82,203,121,0,28,28,-73,294,367,14
"16","1602",2017,"male","Austrian",1,-9,9,18,10,52,42,-41,186,227,8
"16","1602",2017,"male","Foreign",122,89,248,159,33,69,36,-97,523,620,18
"16","1602",2017,"female","Austrian",-9,-2,7,9,-7,41,48,-93,107,200,4
"16","1602",2017,"female","Foreign",72,60,187,127,12,32,20,-73,309,382,17
"16","1602",2018,"male","Austrian",5,0,23,23,5,53,48,-17,197,214,8
"16","1602",2018,"male","Foreign",20,24,212,188,-4,49,53,-21,491,512,20
"16","1602",2018,"female","Austrian",-1,-4,7,11,3,52,49,-36,147,183,5
"16","1602",2018,"female","Foreign",95,86,182,96,9,35,26,-56,306,362,14
"16","1602",2019,"male","Austrian",1,-4,17,21,5,49,44,-84,168,252,9
"16","1602",2019,"male","Foreign",69,60,233,173,9,51,42,-92,476,568,44
"16","1602",2019,"female","Austrian",-10,-15,9,24,5,45,40,-30,140,170,7
"16","1602",2019,"female","Foreign",60,66,180,114,-6,22,28,-110,272,382,28
"16","1602",2020,"male","Austrian",18,5,13,8,13,54,41,-50,140,190,11
"16","1602",2020,"male","Foreign",44,26,170,144,18,74,56,-82,416,498,14
"16","1602",2020,"female","Austrian",6,1,8,7,5,59,54,-16,138,154,4
"16","1602",2020,"female","Foreign",19,27,138,111,-8,28,36,-105,226,331,17
"16","1602",2021,"male","Austrian",-5,5,14,9,-10,51,61,-59,149,208,10
"16","1602",2021,"male","Foreign",145,45,202,157,100,154,54,-99,475,574,20
"16","1602",2021,"female","Austrian",-32,-8,5,13,-24,34,58,-54,123,177,11
"16","1602",2021,"female","Foreign",86,64,163,99,22,45,23,-107,222,329,4
"16","1602",2022,"male","Austrian",0,7,18,11,-7,36,43,-40,136,176,7
"16","1602",2022,"male","Foreign",193,63,253,190,130,206,76,-45,591,636,28
"16","1602",2022,"female","Austrian",-1,-9,7,16,8,54,46,-39,104,143,7
"16","1602",2022,"female","Foreign",84,80,206,126,4,40,36,-86,203,289,6
"16","1602",2023,"male","Austrian",0,1,12,11,-1,50,51,-35,143,178,11
"16","1602",2023,"male","Foreign",219,62,254,192,157,232,75,-171,579,750,28
"16","1602",2023,"female","Austrian",-3,-4,4,8,1,43,42,-30,124,154,6
"16","1602",2023,"female","Foreign",104,80,191,111,24,48,24,-61,258,319,8
"16","1603",2007,"male","Austrian",-40,-5,17,22,-35,62,97,-20,283,303,26
"16","1603",2007,"male","Foreign",39,40,104,64,-1,11,12,86,260,174,8
"16","1603",2007,"female","Austrian",-43,-1,10,11,-42,50,92,-27,309,336,35
"16","1603",2007,"female","Foreign",34,33,97,64,1,13,12,32,145,113,6
"16","1603",2008,"male","Austrian",-10,-8,22,30,-2,74,76,-37,281,318,27
"16","1603",2008,"male","Foreign",32,35,127,92,-3,17,20,43,229,186,5
"16","1603",2008,"female","Austrian",-15,-8,5,13,-7,78,85,-68,300,368,20
"16","1603",2008,"female","Foreign",35,34,113,79,1,16,15,112,254,142,5
"16","1603",2009,"male","Austrian",-12,-14,20,34,2,74,72,8,288,280,21
"16","1603",2009,"male","Foreign",28,36,120,84,-8,9,17,14,191,177,9
"16","1603",2009,"female","Austrian",-23,-3,9,12,-20,73,93,-61,259,320,21
"16","1603",2009,"female","Foreign",13,20,86,66,-7,15,22,-55,194,249,13
"16","1603",2010,"male","Austrian",1,-8,21,29,9,70,61,3,296,293,32
"16","1603",2010,"male","Foreign",45,42,151,109,3,20,17,45,227,182,18
"16","1603",2010,"female","Austrian",-7,-12,10,22,5,70,65,-19,289,308,30
"16","1603",2010,"female","Foreign",28,13,86,73,15,20,5,65,205,140,13
"16","1603",2011,"male","Austrian",18,8,29,21,10,94,84,0,284,284,29
"16","1603",2011,"male","Foreign",56,47,160,113,9,26,17,13,264,251,7
"16","1603",2011,"female","Austrian",0,-12,8,20,12,95,83,-41,274,315,29
"16","1603",2011,"female","Foreign",41,25,89,64,16,24,8,24,193,169,6
"16","1603",2012,"male","Austrian",5,-5,15,20,10,100,90,24,298,274,27
"16","1603",2012,"male","Foreign",94,73,192,119,21,39,18,8,261,253,16
"16","1603",2012,"female","Austrian",4,-6,11,17,10,99,89,4,316,312,27
"16","1603",2012,"female","Foreign",74,64,130,66,10,24,14,30,197,167,11
"16","1603",2013,"male","Austrian",-23,-14,15,29,-9,76,85,-33,253,286,34
"16","1603",2013,"male","Foreign",74,71,184,113,3,25,22,39,271,232,13
"16","1603",2013,"female","Austrian",-12,-3,8,11,-9,86,95,-31,265,296,24
"16","1603",2013,"female","Foreign",61,60,144,84,1,21,20,15,188,173,16
"16","1603",2014,"male","Austrian",-14,-9,18,27,-5,84,89,44,313,269,27
"16","1603",2014,"male","Foreign",107,93,226,133,14,46,32,28,339,311,6
"16","1603",2014,"female","Austrian",0,2,10,8,-2,95,97,-45,278,323,27
"16","1603",2014,"female","Foreign",102,94,161,67,8,25,17,65,289,224,10
"16","1603",2015,"male","Austrian",-7,-8,22,30,1,89,88,46,355,309,26
"16","1603",2015,"male","Foreign",104,63,190,127,41,67,26,-11,324,335,12
"16","1603",2015,"female","Austrian",12,-3,16,19,15,108,93,-28,325,353,28
"16","1603",2015,"female","Foreign",76,66,136,70,10,35,25,25,288,263,14
"16","1603",2016,"male","Austrian",2,-2,17,19,4,77,73,-95,233,328,18
"16","1603",2016,"male","Foreign",105,35,128,93,70,105,35,-33,286,319,15
"16","1603",2016,"female","Austrian",-9,-3,9,12,-6,90,96,-56,250,306,19
"16","1603",2016,"female","Foreign",59,57,128,71,2,30,28,17,216,199,10
"16","1603",2017,"male","Austrian",-26,-2,19,21,-24,77,101,-27,285,312,27
"16","1603",2017,"male","Foreign",45,29,148,119,16,59,43,17,403,386,14
"16","1603",2017,"female","Austrian",-35,-11,10,21,-24,73,97,-76,238,314,20
"16","1603",2017,"female","Foreign",64,47,128,81,17,39,22,-3,255,258,11
"16","1603",2018,"male","Austrian",-42,-3,17,20,-39,67,106,-33,278,311,42
"16","1603",2018,"male","Foreign",40,17,125,108,23,61,38,6,396,390,10
"16","1603",2018,"female","Austrian",-39,-1,10,11,-38,84,122,-70,256,326,28
"16","1603",2018,"female","Foreign",37,35,104,69,2,26,24,17,305,288,15
"16","1603",2019,"male","Austrian",-15,-9,17,26,-6,78,84,-50,267,317,18
"16","1603",2019,"male","Foreign",51,42,140,98,9,50,41,-10,401,411,24
"16","1603",2019,"female","Austrian",2,-4,12,16,6,92,86,-47,271,318,26
"16","1603",2019,"female","Foreign",67,37,120,83,30,51,21,10,294,284,5
"16","1603",2020,"male","Austrian",-47,4,19,15,-51,70,121,-89,209,298,14
"16","1603",2020,"male","Foreign",52,43,114,71,9,44,35,-23,304,327,4
"16","1603",2020,"female","Austrian",-43,-10,5,15,-33,74,107,-76,224,300,14
"16","1603",2020,"female","Foreign",35,32,79,47,3,32,29,-14,221,235,8
"16","1603",2021,"male","Austrian",-31,1,13,12,-32,54,86,-70,218,288,29
"16","1603",2021,"male","Foreign",85,40,129,89,45,72,27,6,365,359,16
"16","1603",2021,"female","Austrian",-45,-3,5,8,-42,58,100,-94,225,319,35
"16","1603",2021,"female","Foreign",16,23,91,68,-7,23,30,46,313,267,17
"16","1603",2022,"male","Austrian",-61,-10,12,22,-51,57,108,-59,212,271,21
"16","1603",2022,"male","Foreign",121,60,169,109,61,95,34,27,417,390,21
"16","1603",2022,"female","Austrian",-58,-5,12,17,-53,57,110,-69,216,285,19
"16","1603",2022,"female","Foreign",124,113,179,66,11,37,26,72,353,281,15
"16","1603",2023,"male","Austrian",-59,2,12,10,-61,51,112,-31,221,252,29
"16","1603",2023,"male","Foreign",64,37,157,120,27,75,48,115,434,319,22
"16","1603",2023,"female","Austrian",-30,-9,4,13,-21,72,93,-52,219,271,29
"16","1603",2023,"female","Foreign",49,44,140,96,5,29,24,45,309,264,16
"16","1604",2007,"male","Austrian",-4,-4,15,19,0,44,44,-51,176,227,19
"16","1604",2007,"male","Foreign",42,39,107,68,3,16,13,4,178,174,9
"16","1604",2007,"female","Austrian",13,-2,7,9,15,58,43,-32,181,213,18
"16","1604",2007,"female","Foreign",80,71,114,43,9,22,13,-43,119,162,6
"16","1604",2008,"male","Austrian",-28,-14,11,25,-14,57,71,-28,193,221,20
"16","1604",2008,"male","Foreign",14,9,89,80,5,15,10,8,147,139,9
"16","1604",2008,"female","Austrian",-35,-13,3,16,-22,52,74,-11,228,239,16
"16","1604",2008,"female","Foreign",36,33,76,43,3,11,8,-12,120,132,6
"16","1604",2009,"male","Austrian",-6,-14,11,25,8,52,44,-12,184,196,9
"16","1604",2009,"male","Foreign",32,28,97,69,4,12,8,3,149,146,5
"16","1604",2009,"female","Austrian",-4,-3,8,11,-1,56,57,-6,174,180,8
"16","1604",2009,"female","Foreign",29,24,75,51,5,17,12,-11,111,122,6
"16","1604",2010,"male","Austrian",15,3,21,18,12,59,47,-32,154,186,20
"16","1604",2010,"male","Foreign",32,28,77,49,4,15,11,3,143,140,4
"16","1604",2010,"female","Austrian",27,1,10,9,26,62,36,-26,183,209,15
"16","1604",2010,"female","Foreign",30,35,85,50,-5,7,12,3,131,128,3
"16","1604",2011,"male","Austrian",3,-5,17,22,8,65,57,-51,153,204,16
"16","1604",2011,"male","Foreign",20,9,93,84,11,24,13,11,157,146,4
"16","1604",2011,"female","Austrian",13,-3,8,11,16,56,40,-78,159,237,13
"16","1604",2011,"female","Foreign",39,23,81,58,16,22,6,-15,111,126,4
"16","1604",2012,"male","Austrian",3,-6,11,17,9,56,47,-36,184,220,7
"16","1604",2012,"male","Foreign",76,67,144,77,9,19,10,-38,160,198,6
"16","1604",2012,"female","Austrian",6,-5,2,7,11,69,58,9,193,184,9
"16","1604",2012,"female","Foreign",70,67,107,40,3,21,18,-1,138,139,3
"16","1604",2013,"male","Austrian",-9,-10,11,21,1,58,57,4,168,164,15
"16","1604",2013,"male","Foreign",47,42,123,81,5,19,14,-33,167,200,4
"16","1604",2013,"female","Austrian",-9,-9,6,15,0,50,50,-18,159,177,5
"16","1604",2013,"female","Foreign",56,54,101,47,2,18,16,-17,147,164,3
"16","1604",2014,"male","Austrian",-2,-5,16,21,3,42,39,9,174,165,7
"16","1604",2014,"male","Foreign",111,85,163,78,26,44,18,13,207,194,7
"16","1604",2014,"female","Austrian",-11,-3,6,9,-8,36,44,-21,173,194,3
"16","1604",2014,"female","Foreign",94,90,141,51,4,18,14,21,170,149,5
"16","1604",2015,"male","Austrian",-16,1,19,18,-17,38,55,-31,163,194,10
"16","1604",2015,"male","Foreign",85,65,145,80,20,42,22,-14,226,240,14
"16","1604",2015,"female","Austrian",-20,5,13,8,-25,41,66,20,202,182,15
"16","1604",2015,"female","Foreign",59,51,101,50,8,27,19,7,195,188,11
"16","1604",2016,"male","Austrian",-16,2,15,13,-18,47,65,-20,170,190,10
"16","1604",2016,"male","Foreign",47,38,116,78,9,42,33,40,305,265,7
"16","1604",2016,"female","Austrian",-7,-7,4,11,0,53,53,-53,152,205,17
"16","1604",2016,"female","Foreign",67,67,121,54,0,15,15,-16,189,205,7
"16","1604",2017,"male","Austrian",-15,-3,18,21,-12,46,58,-16,164,180,5
"16","1604",2017,"male","Foreign",60,47,122,75,13,47,34,-44,258,302,9
"16","1604",2017,"female","Austrian",-8,-5,4,9,-3,54,57,-29,157,186,11
"16","1604",2017,"female","Foreign",69,62,117,55,7,33,26,-3,198,201,8
"16","1604",2018,"male","Austrian",-24,4,13,9,-28,43,71,-14,157,171,7
"16","1604",2018,"male","Foreign",6,2,87,85,4,30,26,13,262,249,7
"16","1604",2018,"female","Austrian",-25,-9,4,13,-16,42,58,-72,132,204,8
"16","1604",2018,"female","Foreign",17,6,73,67,11,28,17,-10,193,203,9
"16","1604",2019,"male","Austrian",-14,1,13,12,-15,45,60,-42,135,177,9
"16","1604",2019,"male","Foreign",31,30,115,85,1,30,29,-33,273,306,8
"16","1604",2019,"female","Austrian",-45,2,13,11,-47,34,81,-43,148,191,17
"16","1604",2019,"female","Foreign",42,41,97,56,1,21,20,-79,176,255,6
"16","1604",2020,"male","Austrian",-39,-7,11,18,-32,44,76,19,165,146,8
"16","1604",2020,"male","Foreign",2,-3,85,88,5,32,27,-51,223,274,10
"16","1604",2020,"female","Austrian",-20,-8,5,13,-12,44,56,-33,149,182,6
"16","1604",2020,"female","Foreign",19,22,83,61,-3,21,24,-37,178,215,10
"16","1604",2021,"male","Austrian",0,-2,8,10,2,47,45,-49,118,167,10
"16","1604",2021,"male","Foreign",36,17,89,72,19,55,36,-21,229,250,9
"16","1604",2021,"female","Austrian",-23,-2,5,7,-21,29,50,-45,142,187,9
"16","1604",2021,"female","Foreign",28,22,72,50,6,27,21,-7,160,167,8
"16","1604",2022,"male","Austrian",-15,-6,10,16,-9,36,45,-28,141,169,5
"16","1604",2022,"male","Foreign",100,84,159,75,16,49,33,-9,261,270,14
"16","1604",2022,"female","Austrian",-17,-8,7,15,-9,47,56,-50,141,191,9
"16","1604",2022,"female","Foreign",131,118,184,66,13,29,16,-54,180,234,12
"16","1604",2023,"male","Austrian",-21,-12,3,15,-9,41,50,-51,115,166,9
"16","1604",2023,"male","Foreign",61,27,118,91,34,64,30,-16,269,285,8
"16","1604",2023,"female","Austrian",-16,-1,4,5,-15,41,56,-44,118,162,7
"16","1604",2023,"female","Foreign",29,27,105,78,2,24,22,3,193,190,2
"16","1605",2007,"male","Austrian",-23,-19,35,54,-4,99,103,55,403,348,36
"16","1605",2007,"male","Foreign",54,51,219,168,3,34,31,17,332,315,36
"16","1605",2007,"female","Austrian",4,-3,13,16,7,104,97,42,402,360,39
"16","1605",2007,"female","Foreign",98,104,182,78,-6,21,27,-46,240,286,26
"16","1605",2008,"male","Austrian",-24,-19,32,51,-5,94,99,3,405,402,36
"16","1605",2008,"male","Foreign",120,98,265,167,22,57,35,-51,293,344,33
"16","1605",2008,"female","Austrian",-43,-14,13,27,-29,93,122,11,431,420,50
"16","1605",2008,"female","Foreign",106,94,182,88,12,32,20,-66,239,305,26
"16","1605",2009,"male","Austrian",-15,-26,47,73,11,94,83,-46,352,398,33
"16","1605",2009,"male","Foreign",54,59,285,226,-5,37,42,-51,322,373,32
"16","1605",2009,"female","Austrian",-31,-16,18,34,-15,99,114,-11,322,333,31
"16","1605",2009,"female","Foreign",91,68,183,115,23,35,12,-71,251,322,25
"16","1605",2010,"male","Austrian",2,-15,43,58,17,100,83,-16,341,357,25
"16","1605",2010,"male","Foreign",28,24,283,259,4,35,31,-37,329,366,19
"16","1605",2010,"female","Austrian",-20,-15,13,28,-5,109,114,-17,338,355,36
"16","1605",2010,"female","Foreign",58,53,188,135,5,23,18,-22,257,279,14
"16","1605",2011,"male","Austrian",-18,-6,46,52,-12,87,99,-38,316,354,19
"16","1605",2011,"male","Foreign",150,147,380,233,3,43,40,-27,378,405,28
"16","1605",2011,"female","Austrian",-38,-10,22,32,-28,81,109,-32,334,366,27
"16","1605",2011,"female","Foreign",82,81,211,130,1,29,28,-46,253,299,22
"16","1605",2012,"male","Austrian",26,-11,44,55,37,137,100,34,377,343,42
"16","1605",2012,"male","Foreign",118,100,379,279,18,56,38,-5,394,399,27
"16","1605",2012,"female","Austrian",24,-20,21,41,44,145,101,38,379,341,47
"16","1605",2012,"female","Foreign",108,111,251,140,-3,28,31,1,279,278,26
"16","1605",2013,"male","Austrian",-11,-20,31,51,9,104,95,31,386,355,21
"16","1605",2013,"male","Foreign",153,145,368,223,8,45,37,10,401,391,35
"16","1605",2013,"female","Austrian",-6,-7,16,23,1,128,127,1,336,335,26
"16","1605",2013,"female","Foreign",160,158,291,133,2,30,28,23,334,311,21
"16","1605",2014,"male","Austrian",-29,-25,23,48,-4,93,97,-65,308,373,32
"16","1605",2014,"male","Foreign",278,237,467,230,41,90,49,-111,440,551,32
"16","1605",2014,"female","Austrian",-18,-9,5,14,-9,82,91,-51,318,369,36
"16","1605",2014,"female","Foreign",193,175,333,158,18,47,29,-104,318,422,19
"16","1605",2015,"male","Austrian",-29,-12,24,36,-17,92,109,-37,315,352,23
"16","1605",2015,"male","Foreign",195,148,419,271,47,99,52,-125,501,626,45
"16","1605",2015,"female","Austrian",-14,-4,15,19,-10,95,105,10,317,307,34
"16","1605",2015,"female","Foreign",166,168,319,151,-2,35,37,-77,368,445,38
"16","1605",2016,"male","Austrian",-13,-2,28,30,-11,85,96,-51,313,364,24
"16","1605",2016,"male","Foreign",86,54,293,239,32,89,57,-60,518,578,44
"16","1605",2016,"female","Austrian",-39,-19,14,33,-20,92,112,-9,310,319,22
"16","1605",2016,"female","Foreign",146,138,287,149,8,57,49,-102,357,459,38
"16","1605",2017,"male","Austrian",-45,-8,24,32,-37,62,99,17,346,329,33
"16","1605",2017,"male","Foreign",178,164,388,224,14,93,79,-18,628,646,38
"16","1605",2017,"female","Austrian",-46,-6,8,14,-40,86,126,14,366,352,37
"16","1605",2017,"female","Foreign",122,117,275,158,5,60,55,-20,449,469,44
"16","1605",2018,"male","Austrian",-36,-1,26,27,-35,81,116,-28,315,343,30
"16","1605",2018,"male","Foreign",92,121,397,276,-29,59,88,-107,592,699,27
"16","1605",2018,"female","Austrian",-55,6,18,12,-61,72,133,-49,322,371,30
"16","1605",2018,"female","Foreign",55,66,219,153,-11,42,53,-68,400,468,23
"16","1605",2019,"male","Austrian",-31,-16,28,44,-15,81,96,27,390,363,28
"16","1605",2019,"male","Foreign",98,83,381,298,15,88,73,-26,600,626,43
"16","1605",2019,"female","Austrian",-25,-8,11,19,-17,79,96,-11,398,409,31
"16","1605",2019,"female","Foreign",100,82,238,156,18,65,47,-110,408,518,35
"16","1605",2020,"male","Austrian",-47,-18,17,35,-29,74,103,-5,356,361,35
"16","1605",2020,"male","Foreign",106,96,329,233,10,74,64,-54,530,584,47
"16","1605",2020,"female","Austrian",-25,-3,14,17,-22,80,102,-23,359,382,40
"16","1605",2020,"female","Foreign",68,64,188,124,4,61,57,-101,353,454,22
"16","1605",2021,"male","Austrian",-29,1,27,26,-30,72,102,-7,321,328,24
"16","1605",2021,"male","Foreign",106,85,344,259,21,97,76,-99,504,603,39
"16","1605",2021,"female","Austrian",-51,-4,11,15,-47,69,116,-3,333,336,38
"16","1605",2021,"female","Foreign",73,69,206,137,4,48,44,-96,323,419,20
"16","1605",2022,"male","Austrian",-49,-2,21,23,-47,74,121,-91,305,396,30
"16","1605",2022,"male","Foreign",130,76,358,282,54,134,80,-124,562,686,44
"16","1605",2022,"female","Austrian",-39,-9,13,22,-30,94,124,-2,360,362,23
"16","1605",2022,"female","Foreign",191,171,314,143,20,64,44,-37,388,425,30
"16","1605",2023,"male","Austrian",-27,-13,12,25,-14,88,102,-20,290,310,23
"16","1605",2023,"male","Foreign",159,90,348,258,69,141,72,-132,659,791,46
"16","1605",2023,"female","Austrian",1,-6,11,17,7,101,94,-12,309,321,30
"16","1605",2023,"female","Foreign",179,139,270,131,40,87,47,-78,371,449,23
"16","1606",2007,"male","Austrian",-12,-9,21,30,-3,48,51,11,241,230,19
"16","1606",2007,"male","Foreign",40,39,94,55,1,10,9,-4,135,139,8
"16","1606",2007,"female","Austrian",-30,-5,9,14,-25,41,66,-10,224,234,22
"16","1606",2007,"female","Foreign",34,32,60,28,2,10,8,14,111,97,5
"16","1606",2008,"male","Austrian",-33,-3,20,23,-30,44,74,49,295,246,33
"16","1606",2008,"male","Foreign",9,8,72,64,1,11,10,6,124,118,5
"16","1606",2008,"female","Austrian",-33,-9,5,14,-24,44,68,81,313,232,33
"16","1606",2008,"female","Foreign",23,35,69,34,-12,4,16,10,111,101,9
"16","1606",2009,"male","Austrian",-30,-6,17,23,-24,30,54,-3,224,227,27
"16","1606",2009,"male","Foreign",27,22,70,48,5,11,6,30,150,120,8
"16","1606",2009,"female","Austrian",-20,-6,9,15,-14,35,49,-43,212,255,21
"16","1606",2009,"female","Foreign",40,33,65,32,7,14,7,57,143,86,7
"16","1606",2010,"male","Austrian",-22,-9,18,27,-13,35,48,3,221,218,17
"16","1606",2010,"male","Foreign",21,18,81,63,3,15,12,39,173,134,8
"16","1606",2010,"female","Austrian",-14,-18,4,22,4,62,58,-5,189,194,20
"16","1606",2010,"female","Foreign",18,7,51,44,11,18,7,11,128,117,3
"16","1606",2011,"male","Austrian",-29,-10,17,27,-19,36,55,-14,218,232,21
"16","1606",2011,"male","Foreign",31,32,98,66,-1,10,11,5,143,138,15
"16","1606",2011,"female","Austrian",-26,-9,5,14,-17,52,69,-22,195,217,24
"16","1606",2011,"female","Foreign",33,32,77,45,1,12,11,38,138,100,4
"16","1606",2012,"male","Austrian",-3,-19,12,31,16,57,41,-28,229,257,28
"16","1606",2012,"male","Foreign",59,49,119,70,10,22,12,-24,135,159,9
"16","1606",2012,"female","Austrian",3,-6,10,16,9,60,51,-59,190,249,24
"16","1606",2012,"female","Foreign",49,45,98,53,4,8,4,9,117,108,8
"16","1606",2013,"male","Austrian",-6,-9,15,24,3,62,59,23,220,197,16
"16","1606",2013,"male","Foreign",46,39,124,85,7,19,12,32,208,176,10
"16","1606",2013,"female","Austrian",1,2,19,17,-1,49,50,-6,214,220,18
"16","1606",2013,"female","Foreign",57,65,106,41,-8,8,16,37,178,141,11
"16","1606",2014,"male","Austrian",-30,-8,15,23,-22,35,57,-27,204,231,17
"16","1606",2014,"male","Foreign",63,35,119,84,28,43,15,2,193,191,8
"16","1606",2014,"female","Austrian",-22,4,11,7,-26,46,72,-45,197,242,9
"16","1606",2014,"female","Foreign",36,31,102,71,5,13,8,-10,147,157,11
"16","1606",2015,"male","Austrian",-2,-7,17,24,5,59,54,-3,209,212,13
"16","1606",2015,"male","Foreign",107,95,162,67,12,36,24,26,234,208,9
"16","1606",2015,"female","Austrian",-19,-11,12,23,-8,56,64,-40,183,223,8
"16","1606",2015,"female","Foreign",86,78,125,47,8,23,15,46,201,155,7
"16","1606",2016,"male","Austrian",-31,0,20,20,-31,30,61,-10,197,207,14
"16","1606",2016,"male","Foreign",43,30,109,79,13,30,17,-24,193,217,8
"16","1606",2016,"female","Austrian",-21,2,18,16,-23,44,67,-53,184,237,16
"16","1606",2016,"female","Foreign",60,51,119,68,9,29,20,-16,157,173,6
"16","1606",2017,"male","Austrian",-24,-1,20,21,-23,25,48,-21,184,205,19
"16","1606",2017,"male","Foreign",47,14,105,91,33,60,27,23,245,222,9
"16","1606",2017,"female","Austrian",-3,-6,17,23,3,45,42,-31,168,199,19
"16","1606",2017,"female","Foreign",40,34,95,61,6,26,20,6,178,172,10
"16","1606",2018,"male","Austrian",-12,-7,14,21,-5,38,43,-1,215,216,27
"16","1606",2018,"male","Foreign",36,25,97,72,11,35,24,-15,262,277,12
"16","1606",2018,"female","Austrian",-16,-2,13,15,-14,30,44,-13,194,207,21
"16","1606",2018,"female","Foreign",45,51,99,48,-6,17,23,-5,201,206,7
"16","1606",2019,"male","Austrian",-20,-1,22,23,-19,39,58,-3,210,213,15
"16","1606",2019,"male","Foreign",-15,-4,82,86,-11,17,28,23,243,220,9
"16","1606",2019,"female","Austrian",-46,-17,3,20,-29,33,62,4,202,198,19
"16","1606",2019,"female","Foreign",13,12,77,65,1,19,18,2,185,183,9
"16","1606",2020,"male","Austrian",-31,-3,12,15,-28,29,57,-19,171,190,11
"16","1606",2020,"male","Foreign",40,23,62,39,17,33,16,32,203,171,8
"16","1606",2020,"female","Austrian",-50,-9,5,14,-41,28,69,-38,159,197,14
"16","1606",2020,"female","Foreign",23,29,68,39,-6,15,21,23,162,139,10
"16","1606",2021,"male","Austrian",-46,-2,7,9,-44,21,65,-14,171,185,26
"16","1606",2021,"male","Foreign",26,13,68,55,13,37,24,42,245,203,9
"16","1606",2021,"female","Austrian",-31,-3,5,8,-28,37,65,-47,154,201,20
"16","1606",2021,"female","Foreign",21,22,63,41,-1,17,18,18,165,147,10
"16","1606",2022,"male","Austrian",-34,-9,14,23,-25,34,59,-38,164,202,24
"16","1606",2022,"male","Foreign",46,32,115,83,14,41,27,18,264,246,10
"16","1606",2022,"female","Austrian",-47,-8,11,19,-39,25,64,-70,156,226,21
"16","1606",2022,"female","Foreign",97,90,149,59,7,18,11,24,209,185,4
"16","1606",2023,"male","Austrian",-31,-11,13,24,-20,33,53,-24,164,188,22
"16","1606",2023,"male","Foreign",85,30,109,79,55,85,30,18,322,304,4
"16","1606",2023,"female","Austrian",-23,-3,6,9,-20,33,53,-40,165,205,12
"16","1606",2023,"female","Foreign",48,42,96,54,6,30,24,-15,199,214,6
"16","1607",2007,"male","Austrian",-33,-10,14,24,-23,45,68,-58,196,254,14
"16","1607",2007,"male","Foreign",24,25,96,71,-1,9,10,34,170,136,5
"16","1607",2007,"female","Austrian",-17,3,11,8,-20,52,72,-54,189,243,10
"16","1607",2007,"female","Foreign",71,74,117,43,-3,6,9,-9,119,128,4
"16","1607",2008,"male","Austrian",-4,6,23,17,-10,41,51,-47,177,224,20
"16","1607",2008,"male","Foreign",37,35,117,82,2,18,16,12,168,156,6
"16","1607",2008,"female","Austrian",-16,-3,5,8,-13,48,61,-57,158,215,7
"16","1607",2008,"female","Foreign",69,66,119,53,3,22,19,-19,132,151,10
"16","1607",2009,"male","Austrian",-18,-14,14,28,-4,58,62,-10,253,263,28
"16","1607",2009,"male","Foreign",9,2,79,77,7,18,11,-19,157,176,5
"16","1607",2009,"female","Austrian",-10,-3,13,16,-7,46,53,4,253,249,33
"16","1607",2009,"female","Foreign",18,23,84,61,-5,13,18,-39,126,165,10
"16","1607",2010,"male","Austrian",3,-5,15,20,8,56,48,-26,230,256,30
"16","1607",2010,"male","Foreign",25,20,96,76,5,13,8,-21,137,158,15
"16","1607",2010,"female","Austrian",6,-5,13,18,11,59,48,-2,217,219,21
"16","1607",2010,"female","Foreign",34,28,78,50,6,10,4,-24,113,137,11
"16","1607",2011,"male","Austrian",0,-1,18,19,1,63,62,124,354,230,44
"16","1607",2011,"male","Foreign",34,34,95,61,0,18,18,59,166,107,12
"16","1607",2011,"female","Austrian",-36,-6,11,17,-30,55,85,163,382,219,47
"16","1607",2011,"female","Foreign",61,53,92,39,8,17,9,42,144,102,8
"16","1607",2012,"male","Austrian",-4,1,23,22,-5,57,62,47,242,195,32
"16","1607",2012,"male","Foreign",66,62,150,88,4,18,14,37,197,160,11
"16","1607",2012,"female","Austrian",23,-1,15,16,24,87,63,26,220,194,18
"16","1607",2012,"female","Foreign",80,75,125,50,5,15,10,35,162,127,10
"16","1607",2013,"male","Austrian",7,-4,17,21,11,59,48,14,258,244,25
"16","1607",2013,"male","Foreign",91,62,141,79,29,38,9,-1,207,208,6
"16","1607",2013,"female","Austrian",0,-12,5,17,12,83,71,38,237,199,22
"16","1607",2013,"female","Foreign",78,65,139,74,13,24,11,0,189,189,6
"16","1607",2014,"male","Austrian",-12,-4,13,17,-8,58,66,11,212,201,17
"16","1607",2014,"male","Foreign",84,60,138,78,24,46,22,11,200,189,11
"16","1607",2014,"female","Austrian",-14,5,18,13,-19,65,84,-33,207,240,23
"16","1607",2014,"female","Foreign",93,93,155,62,0,21,21,7,164,157,14
"16","1607",2015,"male","Austrian",-28,-6,15,21,-22,43,65,11,216,205,16
"16","1607",2015,"male","Foreign",137,90,173,83,47,80,33,11,308,297,13
"16","1607",2015,"female","Austrian",-7,-11,9,20,4,60,56,-19,206,225,12
"16","1607",2015,"female","Foreign",102,96,161,65,6,24,18,-16,175,191,7
"16","1607",2016,"male","Austrian",-6,-4,18,22,-2,74,76,126,345,219,31
"16","1607",2016,"male","Foreign",211,90,181,91,121,162,41,110,447,337,35
"16","1607",2016,"female","Austrian",7,1,11,10,6,82,76,184,416,232,40
"16","1607",2016,"female","Foreign",87,71,154,83,16,43,27,108,326,218,26
"16","1607",2017,"male","Austrian",-16,-1,14,15,-15,61,76,-26,199,225,24
"16","1607",2017,"male","Foreign",93,45,136,91,48,84,36,-70,405,475,27
"16","1607",2017,"female","Austrian",-42,-11,13,24,-31,53,84,-6,226,232,17
"16","1607",2017,"female","Foreign",102,82,151,69,20,37,17,-49,216,265,9
"16","1607",2018,"male","Austrian",-10,2,17,15,-12,44,56,-10,257,267,29
"16","1607",2018,"male","Foreign",7,27,123,96,-20,29,49,-78,316,394,24
"16","1607",2018,"female","Austrian",-40,-6,7,13,-34,43,77,-20,263,283,21
"16","1607",2018,"female","Foreign",33,40,112,72,-7,14,21,-49,204,253,22
"16","1607",2019,"male","Austrian",-40,-7,12,19,-33,59,92,-40,230,270,22
"16","1607",2019,"male","Foreign",35,25,127,102,10,48,38,22,371,349,18
"16","1607",2019,"female","Austrian",-26,-5,10,15,-21,68,89,-60,235,295,32
"16","1607",2019,"female","Foreign",58,49,117,68,9,31,22,19,275,256,16
"16","1607",2020,"male","Austrian",-33,-3,7,10,-30,50,80,25,247,222,23
"16","1607",2020,"male","Foreign",69,26,104,78,43,91,48,0,355,355,19
"16","1607",2020,"female","Austrian",5,1,13,12,4,73,69,-18,237,255,33
"16","1607",2020,"female","Foreign",66,52,105,53,14,37,23,-6,233,239,19
"16","1607",2021,"male","Austrian",-35,-9,9,18,-26,50,76,-8,245,253,19
"16","1607",2021,"male","Foreign",77,12,116,104,65,110,45,29,395,366,23
"16","1607",2021,"female","Austrian",-23,3,12,9,-26,59,85,-50,231,281,19
"16","1607",2021,"female","Foreign",55,34,95,61,21,49,28,-27,223,250,17
"16","1607",2022,"male","Austrian",-14,-1,19,20,-13,69,82,-58,240,298,25
"16","1607",2022,"male","Foreign",148,64,149,85,84,146,62,52,435,383,18
"16","1607",2022,"female","Austrian",-40,-12,7,19,-28,56,84,-48,254,302,27
"16","1607",2022,"female","Foreign",119,92,169,77,27,59,32,27,283,256,17
"16","1607",2023,"male","Austrian",-37,-7,14,21,-30,49,79,-42,228,270,27
"16","1607",2023,"male","Foreign",83,9,124,115,74,140,66,-2,509,511,27
"16","1607",2023,"female","Austrian",-18,0,15,15,-18,67,85,-27,258,285,28
"16","1607",2023,"female","Foreign",54,43,133,90,11,35,24,6,281,275,18
"16","1608",2007,"male","Austrian",-7,-3,2,5,-4,8,12,33,102,69,7
"16","1608",2007,"male","Foreign",9,11,17,6,-2,0,2,7,13,6,1
"16","1608",2007,"female","Austrian",-5,-3,0,3,-2,26,28,52,123,71,5
"16","1608",2007,"female","Foreign",8,10,13,3,-2,0,2,1,16,15,0
"16","1608",2008,"male","Austrian",7,2,4,2,5,22,17,10,81,71,9
"16","1608",2008,"male","Foreign",-3,-2,7,9,-1,1,2,0,16,16,0
"16","1608",2008,"female","Austrian",7,-4,2,6,11,46,35,-19,81,100,6
"16","1608",2008,"female","Foreign",0,0,10,10,0,3,3,4,26,22,1
"16","1608",2009,"male","Austrian",-7,-3,1,4,-4,16,20,30,89,59,9
"16","1608",2009,"male","Foreign",-3,-2,8,10,-1,0,1,6,19,13,0
"16","1608",2009,"female","Austrian",-8,-1,2,3,-7,29,36,8,96,88,10
"16","1608",2009,"female","Foreign",6,6,13,7,0,3,3,-7,21,28,0
"16","1608",2010,"male","Austrian",-1,1,4,3,-2,21,23,-3,93,96,8
"16","1608",2010,"male","Foreign",3,3,9,6,0,2,2,-4,19,23,1
"16","1608",2010,"female","Austrian",15,-1,4,5,16,44,28,0,99,99,5
"16","1608",2010,"female","Foreign",-1,-1,9,10,0,1,1,-8,16,24,1
"16","1608",2011,"male","Austrian",2,-3,2,5,5,29,24,30,96,66,7
"16","1608",2011,"male","Foreign",3,4,12,8,-1,1,2,7,23,16,0
"16","1608",2011,"female","Austrian",-2,0,2,2,-2,28,30,77,176,99,11
"16","1608",2011,"female","Foreign",6,2,7,5,4,4,0,1,22,21,0
"16","1608",2012,"male","Austrian",-3,-4,2,6,1,22,21,37,112,75,5
"16","1608",2012,"male","Foreign",0,4,9,5,-4,0,4,17,38,21,1
"16","1608",2012,"female","Austrian",2,-5,1,6,7,30,23,51,145,94,13
"16","1608",2012,"female","Foreign",-8,-6,11,17,-2,1,3,7,24,17,1
"16","1608",2013,"male","Austrian",-5,-1,2,3,-4,24,28,26,94,68,13
"16","1608",2013,"male","Foreign",3,1,12,11,2,3,1,3,25,22,0
"16","1608",2013,"female","Austrian",8,3,7,4,5,39,34,36,121,85,4
"16","1608",2013,"female","Foreign",13,10,17,7,3,5,2,8,23,15,1
"16","1608",2014,"male","Austrian",5,3,4,1,2,20,18,-25,91,116,4
"16","1608",2014,"male","Foreign",6,6,13,7,0,0,0,11,26,15,0
"16","1608",2014,"female","Austrian",19,-5,1,6,24,60,36,-143,104,247,3
"16","1608",2014,"female","Foreign",6,9,14,5,-3,1,4,-3,18,21,1
"16","1608",2015,"male","Austrian",8,0,4,4,8,20,12,-8,88,96,14
"16","1608",2015,"male","Foreign",115,98,102,4,17,19,2,17,40,23,2
"16","1608",2015,"female","Austrian",7,3,5,2,4,40,36,10,107,97,13
"16","1608",2015,"female","Foreign",132,122,127,5,10,11,1,17,41,24,1
"16","1608",2016,"male","Austrian",-3,2,5,3,-5,16,21,17,86,69,7
"16","1608",2016,"male","Foreign",25,13,33,20,12,21,9,6,82,76,0
"16","1608",2016,"female","Austrian",7,2,4,2,5,38,33,-32,86,118,5
"16","1608",2016,"female","Foreign",43,31,47,16,12,19,7,-12,83,95,1
"16","1608",2017,"male","Austrian",-13,-6,2,8,-7,19,26,2,84,82,7
"16","1608",2017,"male","Foreign",15,12,24,12,3,7,4,56,146,90,0
"16","1608",2017,"female","Austrian",-1,-1,3,4,0,39,39,-24,70,94,7
"16","1608",2017,"female","Foreign",14,14,20,6,0,10,10,29,143,114,0
"16","1608",2018,"male","Austrian",-5,0,4,4,-5,20,25,34,95,61,5
"16","1608",2018,"male","Foreign",6,0,24,24,6,8,2,-13,112,125,2
"16","1608",2018,"female","Austrian",0,-1,3,4,1,31,30,-18,78,96,12
"16","1608",2018,"female","Foreign",18,6,21,15,12,17,5,-47,93,140,1
"16","1608",2019,"male","Austrian",-2,0,4,4,-2,30,32,8,88,80,7
"16","1608",2019,"male","Foreign",11,9,27,18,2,7,5,-24,75,99,6
"16","1608",2019,"female","Austrian",4,2,4,2,2,34,32,-4,83,87,11
"16","1608",2019,"female","Foreign",18,18,29,11,0,7,7,-32,73,105,3
"16","1608",2020,"male","Austrian",-9,1,5,4,-10,14,24,32,101,69,9
"16","1608",2020,"male","Foreign",-2,-3,22,25,1,9,8,-11,85,96,1
"16","1608",2020,"female","Austrian",1,-1,4,5,2,32,30,-12,85,97,7
"16","1608",2020,"female","Foreign",33,19,28,9,14,21,7,-7,82,89,0
"16","1608",2021,"male","Austrian",-7,3,7,4,-10,9,19,9,80,71,5
"16","1608",2021,"male","Foreign",35,6,23,17,29,33,4,-9,110,119,0
"16","1608",2021,"female","Austrian",-5,0,3,3,-5,27,32,-33,61,94,5
"16","1608",2021,"female","Foreign",38,14,29,15,24,33,9,-50,63,113,0
"16","1608",2022,"male","Austrian",-8,-2,2,4,-6,16,22,7,73,66,8
"16","1608",2022,"male","Foreign",64,49,79,30,15,23,8,-33,85,118,2
"16","1608",2022,"female","Austrian",-15,-6,1,7,-9,19,28,-2,70,72,5
"16","1608",2022,"female","Foreign",108,97,115,18,11,20,9,-35,73,108,4
"16","1608",2023,"male","Austrian",8,2,7,5,6,16,10,27,120,93,4
"16","1608",2023,"male","Foreign",37,15,45,30,22,32,10,-38,77,115,2
"16","1608",2023,"female","Austrian",10,0,2,2,10,24,14,24,109,85,8
"16","1608",2023,"female","Foreign",49,11,44,33,38,45,7,-1,106,107,2
"16","1609",2007,"male","Austrian",-14,-2,8,10,-12,12,24,53,114,61,21
"16","1609",2007,"male","Foreign",0,1,8,7,-1,0,1,3,12,9,1
"16","1609",2007,"female","Austrian",-2,-3,4,7,1,20,19,56,125,69,24
"16","1609",2007,"female","Foreign",20,19,22,3,1,1,0,9,20,11,2
"16","1609",2008,"male","Austrian",-7,-2,5,7,-5,15,20,17,109,92,29
"16","1609",2008,"male","Foreign",2,1,14,13,1,2,1,3,13,10,2
"16","1609",2008,"female","Austrian",-3,0,5,5,-3,33,36,18,119,101,17
"16","1609",2008,"female","Foreign",7,4,24,20,3,4,1,-5,16,21,6
"16","1609",2009,"male","Austrian",-14,-4,5,9,-10,13,23,0,89,89,15
"16","1609",2009,"male","Foreign",-3,-2,12,14,-1,2,3,1,11,10,0
"16","1609",2009,"female","Austrian",-11,-12,1,13,1,24,23,4,104,100,15
"16","1609",2009,"female","Foreign",6,7,21,14,-1,2,3,-2,19,21,0
"16","1609",2010,"male","Austrian",-14,-2,5,7,-12,23,35,31,90,59,15
"16","1609",2010,"male","Foreign",6,5,14,9,1,1,0,-4,13,17,0
"16","1609",2010,"female","Austrian",-5,-3,3,6,-2,30,32,38,109,71,14
"16","1609",2010,"female","Foreign",5,7,15,8,-2,3,5,-4,14,18,0
"16","1609",2011,"male","Austrian",-11,3,5,2,-14,18,32,38,139,101,20
"16","1609",2011,"male","Foreign",-3,-2,11,13,-1,2,3,0,15,15,2
"16","1609",2011,"female","Austrian",-12,-4,2,6,-8,25,33,-33,127,160,21
"16","1609",2011,"female","Foreign",7,10,25,15,-3,1,4,0,25,25,3
"16","1609",2012,"male","Austrian",14,-3,4,7,17,35,18,37,122,85,26
"16","1609",2012,"male","Foreign",3,1,13,12,2,4,2,17,27,10,2
"16","1609",2012,"female","Austrian",5,-1,3,4,6,37,31,25,118,93,27
"16","1609",2012,"female","Foreign",8,6,14,8,2,4,2,3,20,17,4
"16","1609",2013,"male","Austrian",6,-3,4,7,9,31,22,29,116,87,15
"16","1609",2013,"male","Foreign",12,12,22,10,0,2,2,13,26,13,4
"16","1609",2013,"female","Austrian",-4,6,10,4,-10,24,34,39,126,87,14
"16","1609",2013,"female","Foreign",10,8,16,8,2,6,4,6,20,14,5
"16","1609",2014,"male","Austrian",-3,1,5,4,-4,23,27,43,130,87,11
"16","1609",2014,"male","Foreign",13,14,22,8,-1,2,3,2,21,19,1
"16","1609",2014,"female","Austrian",-9,1,4,3,-10,21,31,194,277,83,16
"16","1609",2014,"female","Foreign",16,18,29,11,-2,3,5,14,32,18,1
"16","1609",2015,"male","Austrian",-17,-8,3,11,-9,23,32,19,102,83,22
"16","1609",2015,"male","Foreign",20,16,30,14,4,9,5,8,29,21,2
"16","1609",2015,"female","Austrian",-5,0,6,6,-5,25,30,86,163,77,28
"16","1609",2015,"female","Foreign",17,15,24,9,2,9,7,22,36,14,3
"16","1609",2016,"male","Austrian",-10,-6,5,11,-4,27,31,45,122,77,15
"16","1609",2016,"male","Foreign",17,10,22,12,7,10,3,5,41,36,5
"16","1609",2016,"female","Austrian",3,-1,8,9,4,29,25,52,146,94,19
"16","1609",2016,"female","Foreign",2,2,22,20,0,4,4,-4,36,40,3
"16","1609",2017,"male","Austrian",-28,-5,3,8,-23,9,32,31,108,77,10
"16","1609",2017,"male","Foreign",3,0,21,21,3,10,7,17,55,38,5
"16","1609",2017,"female","Austrian",-26,-4,3,7,-22,13,35,54,139,85,21
"16","1609",2017,"female","Foreign",-2,-1,13,14,-1,9,10,5,33,28,1
"16","1609",2018,"male","Austrian",-2,-2,10,12,0,30,30,31,121,90,15
"16","1609",2018,"male","Foreign",-7,-1,14,15,-6,1,7,12,36,24,1
"16","1609",2018,"female","Austrian",-19,-1,7,8,-18,19,37,52,147,95,24
"16","1609",2018,"female","Foreign",2,2,13,11,0,4,4,4,28,24,2
"16","1609",2019,"male","Austrian",-20,-5,5,10,-15,19,34,3,102,99,17
"16","1609",2019,"male","Foreign",15,9,19,10,6,11,5,-2,36,38,1
"16","1609",2019,"female","Austrian",-8,1,3,2,-9,21,30,54,163,109,16
"16","1609",2019,"female","Foreign",13,10,22,12,3,8,5,-3,34,37,3
"16","1609",2020,"male","Austrian",-16,3,7,4,-19,18,37,30,123,93,19
"16","1609",2020,"male","Foreign",0,-1,11,12,1,7,6,-6,25,31,3
"16","1609",2020,"female","Austrian",-19,-2,3,5,-17,19,36,16,136,120,12
"16","1609",2020,"female","Foreign",-2,1,12,11,-3,5,8,14,34,20,1
"16","1609",2021,"male","Austrian",-21,0,6,6,-21,13,34,16,116,100,24
"16","1609",2021,"male","Foreign",-3,-2,8,10,-1,8,9,13,32,19,6
"16","1609",2021,"female","Austrian",-20,-8,1,9,-12,21,33,58,154,96,22
"16","1609",2021,"female","Foreign",7,5,15,10,2,7,5,9,35,26,4
"16","1609",2022,"male","Austrian",-10,-4,8,12,-6,18,24,31,120,89,17
"16","1609",2022,"male","Foreign",25,22,30,8,3,8,5,-5,37,42,2
"16","1609",2022,"female","Austrian",-25,-4,4,8,-21,19,40,38,130,92,14
"16","1609",2022,"female","Foreign",43,40,55,15,3,10,7,-1,38,39,6
"16","1609",2023,"male","Austrian",-17,-1,4,5,-16,18,34,37,107,70,33
"16","1609",2023,"male","Foreign",14,10,19,9,4,6,2,10,35,25,7
"16","1609",2023,"female","Austrian",-21,-4,3,7,-17,21,38,54,140,86,27
"16","1609",2023,"female","Foreign",10,13,19,6,-3,10,13,17,40,23,5
"16","1610",2007,"male","Austrian",-37,-10,17,27,-27,48,75,-53,248,301,19
"16","1610",2007,"male","Foreign",106,95,293,198,11,42,31,-3,445,448,46
"16","1610",2007,"female","Austrian",6,-7,9,16,13,64,51,-137,194,331,16
"16","1610",2007,"female","Foreign",137,132,239,107,5,28,23,28,328,300,31
"16","1610",2008,"male","Austrian",10,-18,25,43,28,72,44,-77,219,296,12
"16","1610",2008,"male","Foreign",91,73,271,198,18,49,31,-107,343,450,35
"16","1610",2008,"female","Austrian",7,-6,14,20,13,70,57,-69,191,260,12
"16","1610",2008,"female","Foreign",71,56,184,128,15,32,17,-86,246,332,29
"16","1610",2009,"male","Austrian",-3,-17,22,39,14,61,47,-42,227,269,15
"16","1610",2009,"male","Foreign",25,1,277,276,24,52,28,-23,357,380,38
"16","1610",2009,"female","Austrian",4,-12,8,20,16,78,62,-57,202,259,17
"16","1610",2009,"female","Foreign",46,33,184,151,13,37,24,-19,250,269,26
"16","1610",2010,"male","Austrian",19,2,29,27,17,64,47,-46,223,269,11
"16","1610",2010,"male","Foreign",30,20,262,242,10,52,42,-75,381,456,27
"16","1610",2010,"female","Austrian",-11,-6,10,16,-5,52,57,-96,162,258,11
"16","1610",2010,"female","Foreign",82,80,197,117,2,25,23,-81,268,349,35
"16","1610",2011,"male","Austrian",13,-15,17,32,28,86,58,-22,216,238,12
"16","1610",2011,"male","Foreign",32,0,278,278,32,60,28,-40,352,392,29
"16","1610",2011,"female","Austrian",-17,-5,11,16,-12,52,64,-16,201,217,10
"16","1610",2011,"female","Foreign",52,20,202,182,32,49,17,-70,253,323,24
"16","1610",2012,"male","Austrian",10,-10,21,31,20,71,51,-68,197,265,16
"16","1610",2012,"male","Foreign",151,136,326,190,15,58,43,1,397,396,40
"16","1610",2012,"female","Austrian",20,-5,6,11,25,69,44,-101,174,275,4
"16","1610",2012,"female","Foreign",125,126,266,140,-1,37,38,-56,274,330,22
"16","1610",2013,"male","Austrian",-14,-7,14,21,-7,60,67,-96,195,291,13
"16","1610",2013,"male","Foreign",162,141,366,225,21,60,39,-23,451,474,37
"16","1610",2013,"female","Austrian",18,-3,12,15,21,80,59,-42,203,245,13
"16","1610",2013,"female","Foreign",172,171,296,125,1,40,39,-100,279,379,16
"16","1610",2014,"male","Austrian",-4,-4,23,27,0,66,66,-66,182,248,16
"16","1610",2014,"male","Foreign",232,174,413,239,58,110,52,-25,515,540,48
"16","1610",2014,"female","Austrian",-12,-5,12,17,-7,44,51,-62,160,222,11
"16","1610",2014,"female","Foreign",197,177,328,151,20,47,27,-91,301,392,38
"16","1610",2015,"male","Austrian",5,-13,18,31,18,79,61,-96,182,278,14
"16","1610",2015,"male","Foreign",197,140,386,246,57,131,74,-71,554,625,55
"16","1610",2015,"female","Austrian",16,-10,9,19,26,87,61,-52,168,220,10
"16","1610",2015,"female","Foreign",195,184,338,154,11,57,46,-106,322,428,37
"16","1610",2016,"male","Austrian",-1,-9,11,20,8,63,55,-34,175,209,5
"16","1610",2016,"male","Foreign",197,88,382,294,109,174,65,-60,681,741,51
"16","1610",2016,"female","Austrian",-5,-9,7,16,4,66,62,-32,180,212,7
"16","1610",2016,"female","Foreign",197,152,316,164,45,73,28,-32,412,444,30
"16","1610",2017,"male","Austrian",-11,-12,11,23,1,55,54,-44,182,226,14
"16","1610",2017,"male","Foreign",146,80,352,272,66,141,75,-150,652,802,45
"16","1610",2017,"female","Austrian",-17,-18,7,25,1,58,57,-54,161,215,10
"16","1610",2017,"female","Foreign",89,73,260,187,16,68,52,-149,289,438,29
"16","1610",2018,"male","Austrian",-4,9,24,15,-13,45,58,-50,180,230,8
"16","1610",2018,"male","Foreign",16,27,288,261,-11,63,74,-139,612,751,46
"16","1610",2018,"female","Austrian",-24,-6,7,13,-18,48,66,-68,154,222,7
"16","1610",2018,"female","Foreign",34,39,208,169,-5,49,54,-142,337,479,31
"16","1610",2019,"male","Austrian",3,5,25,20,-2,66,68,-54,174,228,3
"16","1610",2019,"male","Foreign",18,43,280,237,-25,44,69,-161,555,716,45
"16","1610",2019,"female","Austrian",-18,-4,6,10,-14,46,60,-63,153,216,4
"16","1610",2019,"female","Foreign",89,84,222,138,5,41,36,-196,314,510,22
"16","1610",2020,"male","Austrian",-10,-5,15,20,-5,53,58,-57,145,202,10
"16","1610",2020,"male","Foreign",117,89,274,185,28,95,67,-120,482,602,34
"16","1610",2020,"female","Austrian",-9,-5,7,12,-4,45,49,-36,165,201,9
"16","1610",2020,"female","Foreign",78,66,184,118,12,55,43,-165,248,413,19
"16","1610",2021,"male","Austrian",-26,-7,14,21,-19,41,60,-50,141,191,7
"16","1610",2021,"male","Foreign",95,5,210,205,90,156,66,-150,507,657,26
"16","1610",2021,"female","Austrian",-11,-9,7,16,-2,67,69,-83,137,220,7
"16","1610",2021,"female","Foreign",71,58,183,125,13,44,31,-172,261,433,17
"16","1610",2022,"male","Austrian",-38,-14,13,27,-24,40,64,-37,154,191,6
"16","1610",2022,"male","Foreign",248,133,334,201,115,180,65,-164,557,721,27
"16","1610",2022,"female","Austrian",-11,-5,18,23,-6,60,66,-64,146,210,5
"16","1610",2022,"female","Foreign",187,137,280,143,50,76,26,-105,300,405,15
"16","1610",2023,"male","Austrian",-8,-5,14,19,-3,47,50,-26,148,174,5
"16","1610",2023,"male","Foreign",107,3,275,272,104,190,86,-99,632,731,58
"16","1610",2023,"female","Austrian",-14,-9,8,17,-5,46,51,-50,128,178,2
"16","1610",2023,"female","Foreign",125,94,228,134,31,65,34,-52,337,389,34
"16","1699",2007,"male","Austrian",-30,-9,0,9,-21,2,23,-55,35,90,0
"16","1699",2007,"male","Foreign",-18,-16,2,18,-2,1,3,-38,4,42,0
"16","1699",2007,"female","Austrian",-14,-2,0,2,-12,4,16,-54,29,83,0
"16","1699",2007,"female","Foreign",-25,-23,1,24,-2,1,3,-38,2,40,1
"16","1699",2008,"male","Austrian",2,0,0,0,2,4,2,-2,19,21,0
"16","1699",2008,"male","Foreign",4,4,4,0,0,0,0,0,4,4,0
"16","1699",2008,"female","Austrian",3,0,0,0,3,4,1,3,20,17,1
"16","1699",2008,"female","Foreign",-2,-2,2,4,0,0,0,0,5,5,0
"16","1699",2009,"male","Austrian",-3,-1,1,2,-2,0,2,-6,7,13,0
"16","1699",2009,"male","Foreign",2,2,8,6,0,0,0,-4,5,9,0
"16","1699",2009,"female","Austrian",4,1,1,0,3,5,2,7,19,12,0
"16","1699",2009,"female","Foreign",3,3,4,1,0,0,0,3,9,6,0
"16","1699",2010,"male","Austrian",-1,-1,0,1,0,0,0,-10,7,17,0
"16","1699",2010,"male","Foreign",-4,-4,2,6,0,0,0,-2,5,7,0
"16","1699",2010,"female","Austrian",-2,-2,0,2,0,1,1,-3,7,10,0
"16","1699",2010,"female","Foreign",-2,-2,2,4,0,0,0,-7,2,9,0
"16","1699",2011,"male","Austrian",-2,-1,0,1,-1,0,1,-3,2,5,0
"16","1699",2011,"male","Foreign",-2,-2,2,4,0,0,0,-3,1,4,0
"16","1699",2011,"female","Austrian",-3,-1,0,1,-2,0,2,-14,0,14,0
"16","1699",2011,"female","Foreign",-4,-3,0,3,-1,0,1,-6,0,6,0
"16","1699",2012,"male","Austrian",0,0,0,0,0,0,0,-1,5,6,0
"16","1699",2012,"male","Foreign",-1,-1,1,2,0,0,0,-4,0,4,0
"16","1699",2012,"female","Austrian",-2,0,0,0,-2,0,2,-1,6,7,0
"16","1699",2012,"female","Foreign",0,0,0,0,0,0,0,-3,1,4,0
"16","1699",2013,"male","Austrian",-8,-4,1,5,-4,1,5,-31,18,49,1
"16","1699",2013,"male","Foreign",-6,-1,3,4,-5,0,5,-16,4,20,0
"16","1699",2013,"female","Austrian",-13,-4,0,4,-9,4,13,-27,15,42,1
"16","1699",2013,"female","Foreign",-13,-9,3,12,-4,0,4,-20,4,24,0
"16","1699",2014,"male","Austrian",0,1,1,0,-1,0,1,-4,5,9,0
"16","1699",2014,"male","Foreign",0,0,0,0,0,0,0,-1,2,3,0
"16","1699",2014,"female","Austrian",-1,0,0,0,-1,0,1,-5,1,6,0
"16","1699",2014,"female","Foreign",1,1,3,2,0,0,0,-3,1,4,0
"16","1699",2015,"male","Austrian",-2,-1,0,1,-1,1,2,-5,0,5,0
"16","1699",2015,"male","Foreign",0,0,0,0,0,0,0,-1,0,1,0
"16","1699",2015,"female","Austrian",-4,-1,0,1,-3,0,3,-1,0,1,0
"16","1699",2015,"female","Foreign",-3,-2,0,2,-1,0,1,-1,0,1,0
"16","1699",2016,"male","Austrian",-1,-1,0,1,0,0,0,-10,0,10,0
"16","1699",2016,"male","Foreign",0,0,0,0,0,0,0,-5,0,5,0
"16","1699",2016,"female","Austrian",-1,-1,0,1,0,0,0,-5,1,6,0
"16","1699",2016,"female","Foreign",0,0,0,0,0,0,0,-5,0,5,0
"16","1699",2017,"male","Austrian",-2,0,0,0,-2,0,2,-3,1,4,0
"16","1699",2017,"male","Foreign",0,0,0,0,0,0,0,-3,0,3,0
"16","1699",2017,"female","Austrian",0,0,0,0,0,0,0,-6,1,7,0
"16","1699",2017,"female","Foreign",0,0,0,0,0,0,0,1,1,0,0
"16","1699",2018,"male","Austrian",-2,0,0,0,-2,0,2,-6,0,6,0
"16","1699",2018,"male","Foreign",-1,-1,0,1,0,0,0,0,2,2,0
"16","1699",2018,"female","Austrian",-3,0,0,0,-3,1,4,-3,0,3,0
"16","1699",2018,"female","Foreign",1,1,1,0,0,0,0,0,1,1,0
"16","1699",2019,"male","Austrian",0,0,0,0,0,0,0,0,0,0,0
"16","1699",2019,"male","Foreign",0,0,0,0,0,0,0,0,0,0,0
"16","1699",2019,"female","Austrian",0,0,0,0,0,0,0,1,1,0,0
"16","1699",2019,"female","Foreign",0,0,0,0,0,0,0,0,0,0,0
"16","1699",2020,"male","Austrian",1,0,0,0,1,1,0,3,3,0,0
"16","1699",2020,"male","Foreign",1,0,0,0,1,1,0,0,0,0,0
"16","1699",2020,"female","Austrian",2,0,0,0,2,2,0,4,4,0,0
"16","1699",2020,"female","Foreign",0,0,0,0,0,0,0,1,1,0,0
"16","1699",2021,"male","Austrian",0,0,0,0,0,0,0,1,1,0,0
"16","1699",2021,"male","Foreign",2,2,2,0,0,0,0,0,1,1,0
"16","1699",2021,"female","Austrian",0,0,0,0,0,0,0,3,3,0,0
"16","1699",2021,"female","Foreign",1,1,1,0,0,0,0,1,1,0,0
"16","1699",2022,"male","Austrian",0,0,0,0,0,0,0,0,1,1,0
"16","1699",2022,"male","Foreign",0,0,0,0,0,0,0,0,0,0,0
"16","1699",2022,"female","Austrian",0,0,0,0,0,0,0,0,1,1,0
"16","1699",2022,"female","Foreign",2,2,2,0,0,0,0,0,0,0,0
"16","1699",2023,"male","Austrian",0,0,0,0,0,0,0,1,2,1,0
"16","1699",2023,"male","Foreign",0,0,0,0,0,0,0,0,1,1,0
"16","1699",2023,"female","Austrian",0,0,0,0,0,0,0,0,1,1,0
"16","1699",2023,"female","Foreign",0,0,0,0,0,0,0,2,2,0,0
"17","1701",2007,"male","Austrian",2,-13,20,33,15,95,80,-59,206,265,15
"17","1701",2007,"male","Foreign",69,53,205,152,16,39,23,-7,282,289,36
"17","1701",2007,"female","Austrian",1,-7,11,18,8,76,68,-56,232,288,22
"17","1701",2007,"female","Foreign",51,41,141,100,10,31,21,-72,185,257,17
"17","1701",2008,"male","Austrian",-30,-4,24,28,-26,76,102,-78,226,304,21
"17","1701",2008,"male","Foreign",42,46,194,148,-4,25,29,-23,256,279,30
"17","1701",2008,"female","Austrian",-17,-13,12,25,-4,102,106,-59,238,297,19
"17","1701",2008,"female","Foreign",60,59,144,85,1,18,17,-28,206,234,32
"17","1701",2009,"male","Austrian",0,-6,18,24,6,89,83,-7,246,253,7
"17","1701",2009,"male","Foreign",49,29,241,212,20,42,22,-39,248,287,26
"17","1701",2009,"female","Austrian",26,-5,12,17,31,96,65,10,246,236,16
"17","1701",2009,"female","Foreign",79,63,216,153,16,34,18,-24,200,224,15
"17","1701",2010,"male","Austrian",3,-11,18,29,14,83,69,-80,209,289,22
"17","1701",2010,"male","Foreign",35,29,204,175,6,34,28,-78,245,323,23
"17","1701",2010,"female","Austrian",-31,-11,8,19,-20,66,86,-60,216,276,16
"17","1701",2010,"female","Foreign",67,69,197,128,-2,23,25,-82,202,284,15
"17","1701",2011,"male","Austrian",-22,-17,15,32,-5,88,93,-32,217,249,19
"17","1701",2011,"male","Foreign",39,33,258,225,6,31,25,-32,236,268,17
"17","1701",2011,"female","Austrian",18,-10,11,21,28,106,78,1,249,248,25
"17","1701",2011,"female","Foreign",67,66,210,144,1,24,23,-56,210,266,20
"17","1701",2012,"male","Austrian",14,-9,13,22,23,107,84,-33,228,261,23
"17","1701",2012,"male","Foreign",105,73,246,173,32,54,22,-63,263,326,17
"17","1701",2012,"female","Austrian",25,-1,13,14,26,126,100,-44,230,274,22
"17","1701",2012,"female","Foreign",123,96,227,131,27,45,18,-76,204,280,11
"17","1701",2013,"male","Austrian",-7,-5,19,24,-2,76,78,34,282,248,26
"17","1701",2013,"male","Foreign",131,132,302,170,-1,38,39,-11,341,352,14
"17","1701",2013,"female","Austrian",-9,-11,9,20,2,103,101,0,286,286,23
"17","1701",2013,"female","Foreign",83,89,209,120,-6,25,31,-17,281,298,14
"17","1701",2014,"male","Austrian",1,-2,15,17,3,79,76,-32,236,268,27
"17","1701",2014,"male","Foreign",188,151,303,152,37,64,27,-47,331,378,23
"17","1701",2014,"female","Austrian",39,1,14,13,38,118,80,-53,238,291,28
"17","1701",2014,"female","Foreign",127,112,224,112,15,31,16,-50,254,304,28
"17","1701",2015,"male","Austrian",12,-7,21,28,19,84,65,-31,220,251,12
"17","1701",2015,"male","Foreign",159,116,333,217,43,90,47,-60,368,428,24
"17","1701",2015,"female","Austrian",22,3,16,13,19,101,82,-58,229,287,13
"17","1701",2015,"female","Foreign",129,121,257,136,8,23,15,-61,252,313,21
"17","1701",2016,"male","Austrian",-10,-5,24,29,-5,85,90,8,239,231,19
"17","1701",2016,"male","Foreign",206,119,333,214,87,125,38,-68,395,463,24
"17","1701",2016,"female","Austrian",-2,-8,11,19,6,96,90,9,265,256,20
"17","1701",2016,"female","Foreign",65,73,238,165,-8,21,29,-54,262,316,17
"17","1701",2017,"male","Austrian",-19,-13,16,29,-6,87,93,-38,229,267,18
"17","1701",2017,"male","Foreign",84,17,252,235,67,139,72,-5,529,534,17
"17","1701",2017,"female","Austrian",-10,-2,14,16,-8,109,117,2,257,255,23
"17","1701",2017,"female","Foreign",73,77,227,150,-4,31,35,-20,291,311,18
"17","1701",2018,"male","Austrian",-30,2,17,15,-32,52,84,-35,223,258,24
"17","1701",2018,"male","Foreign",67,67,260,193,0,57,57,-92,499,591,22
"17","1701",2018,"female","Austrian",-19,-10,5,15,-9,89,98,-51,239,290,14
"17","1701",2018,"female","Foreign",48,38,176,138,10,43,33,-38,310,348,22
"17","1701",2019,"male","Austrian",16,8,18,10,8,77,69,-43,219,262,15
"17","1701",2019,"male","Foreign",101,101,288,187,0,68,68,-110,436,546,30
"17","1701",2019,"female","Austrian",-27,-5,17,22,-22,65,87,-79,222,301,22
"17","1701",2019,"female","Foreign",83,80,201,121,3,38,35,-51,294,345,22
"17","1701",2020,"male","Austrian",-36,-3,5,8,-33,56,89,-87,175,262,15
"17","1701",2020,"male","Foreign",12,15,208,193,-3,51,54,-159,325,484,27
"17","1701",2020,"female","Austrian",-36,-14,6,20,-22,74,96,-68,189,257,13
"17","1701",2020,"female","Foreign",55,47,178,131,8,39,31,-113,229,342,28
"17","1701",2021,"male","Austrian",-34,1,12,11,-35,67,102,23,239,216,13
"17","1701",2021,"male","Foreign",35,-1,177,178,36,84,48,-57,356,413,19
"17","1701",2021,"female","Austrian",-36,-1,12,13,-35,82,117,6,239,233,17
"17","1701",2021,"female","Foreign",32,22,146,124,10,44,34,-80,250,330,11
"17","1701",2022,"male","Austrian",-5,-6,11,17,1,81,80,-43,185,228,19
"17","1701",2022,"male","Foreign",100,57,229,172,43,97,54,-54,397,451,19
"17","1701",2022,"female","Austrian",-15,-13,7,20,-2,89,91,-109,168,277,21
"17","1701",2022,"female","Foreign",156,133,271,138,23,45,22,-57,278,335,17
"17","1701",2023,"male","Austrian",-31,-6,13,19,-25,50,75,-55,177,232,17
"17","1701",2023,"male","Foreign",194,84,246,162,110,162,52,-78,474,552,35
"17","1701",2023,"female","Austrian",-43,-5,9,14,-38,64,102,-72,190,262,16
"17","1701",2023,"female","Foreign",105,91,201,110,14,43,29,-95,274,369,22
"17","1702",2007,"male","Austrian",24,-11,27,38,35,112,77,-85,303,388,32
"17","1702",2007,"male","Foreign",111,83,281,198,28,67,39,-78,376,454,20
"17","1702",2007,"female","Austrian",35,-7,16,23,42,137,95,-147,265,412,27
"17","1702",2007,"female","Foreign",107,98,196,98,9,39,30,-14,282,296,17
"17","1702",2008,"male","Austrian",-33,-27,26,53,-6,91,97,-76,281,357,29
"17","1702",2008,"male","Foreign",98,72,270,198,26,61,35,-64,357,421,20
"17","1702",2008,"female","Austrian",8,-16,12,28,24,141,117,-177,242,419,28
"17","1702",2008,"female","Foreign",86,93,206,113,-7,30,37,-91,240,331,18
"17","1702",2009,"male","Austrian",10,-7,31,38,17,118,101,-82,304,386,29
"17","1702",2009,"male","Foreign",8,-42,279,321,50,79,29,-66,403,469,26
"17","1702",2009,"female","Austrian",-4,-21,8,29,17,112,95,-79,288,367,40
"17","1702",2009,"female","Foreign",77,48,194,146,29,49,20,-36,313,349,22
"17","1702",2010,"male","Austrian",34,-4,33,37,38,134,96,-59,312,371,22
"17","1702",2010,"male","Foreign",49,24,277,253,25,56,31,-14,387,401,39
"17","1702",2010,"female","Austrian",26,-7,17,24,33,157,124,-62,318,380,28
"17","1702",2010,"female","Foreign",83,71,219,148,12,41,29,-63,284,347,30
"17","1702",2011,"male","Austrian",9,-17,36,53,26,122,96,-73,294,367,23
"17","1702",2011,"male","Foreign",93,75,304,229,18,61,43,-42,393,435,33
"17","1702",2011,"female","Austrian",-2,-18,10,28,16,130,114,-52,311,363,9
"17","1702",2011,"female","Foreign",114,100,257,157,14,52,38,3,324,321,26
"17","1702",2012,"male","Austrian",76,-7,39,46,83,161,78,-60,324,384,31
"17","1702",2012,"male","Foreign",162,119,373,254,43,75,32,2,417,415,20
"17","1702",2012,"female","Austrian",29,-27,12,39,56,155,99,-107,322,429,33
"17","1702",2012,"female","Foreign",158,119,304,185,39,64,25,-26,305,331,31
"17","1702",2013,"male","Austrian",32,-8,35,43,40,143,103,-46,315,361,26
"17","1702",2013,"male","Foreign",163,147,395,248,16,68,52,-4,459,463,30
"17","1702",2013,"female","Austrian",-6,-8,16,24,2,136,134,-27,349,376,25
"17","1702",2013,"female","Foreign",174,163,338,175,11,59,48,-16,368,384,29
"17","1702",2014,"male","Austrian",5,-13,35,48,18,136,118,-32,320,352,29
"17","1702",2014,"male","Foreign",265,196,461,265,69,109,40,-58,491,549,37
"17","1702",2014,"female","Austrian",26,-8,18,26,34,142,108,-74,310,384,31
"17","1702",2014,"female","Foreign",213,198,373,175,15,52,37,-51,375,426,34
"17","1702",2015,"male","Austrian",-8,-27,28,55,19,125,106,-103,314,417,24
"17","1702",2015,"male","Foreign",298,186,463,277,112,186,74,-23,670,693,38
"17","1702",2015,"female","Austrian",12,-12,12,24,24,162,138,-100,279,379,24
"17","1702",2015,"female","Foreign",237,216,432,216,21,67,46,-102,406,508,30
"17","1702",2016,"male","Austrian",7,-9,25,34,16,113,97,-78,279,357,17
"17","1702",2016,"male","Foreign",224,149,416,267,75,162,87,-95,689,784,29
"17","1702",2016,"female","Austrian",7,-6,14,20,13,129,116,-99,277,376,19
"17","1702",2016,"female","Foreign",212,187,409,222,25,76,51,-24,478,502,31
"17","1702",2017,"male","Austrian",-25,-7,21,28,-18,98,116,-79,255,334,28
"17","1702",2017,"male","Foreign",112,79,361,282,33,109,76,-4,720,724,38
"17","1702",2017,"female","Austrian",-13,-2,26,28,-11,102,113,-90,277,367,24
"17","1702",2017,"female","Foreign",152,141,372,231,11,64,53,-26,504,530,22
"17","1702",2018,"male","Austrian",6,-2,31,33,8,93,85,-101,280,381,31
"17","1702",2018,"male","Foreign",40,59,368,309,-19,71,90,-88,718,806,50
"17","1702",2018,"female","Austrian",-8,-11,15,26,3,116,113,-85,291,376,33
"17","1702",2018,"female","Foreign",55,66,340,274,-11,47,58,-63,486,549,39
"17","1702",2019,"male","Austrian",-33,-13,17,30,-20,71,91,-43,282,325,29
"17","1702",2019,"male","Foreign",74,71,355,284,3,74,71,-114,638,752,47
"17","1702",2019,"female","Austrian",-17,-8,16,24,-9,112,121,-30,311,341,27
"17","1702",2019,"female","Foreign",80,69,315,246,11,48,37,-101,495,596,38
"17","1702",2020,"male","Austrian",3,-7,23,30,10,98,88,-32,272,304,12
"17","1702",2020,"male","Foreign",84,61,304,243,23,96,73,-135,571,706,40
"17","1702",2020,"female","Austrian",4,-1,16,17,5,105,100,-35,324,359,23
"17","1702",2020,"female","Foreign",118,89,281,192,29,81,52,-160,413,573,37
"17","1702",2021,"male","Austrian",-27,-7,22,29,-20,83,103,-88,235,323,22
"17","1702",2021,"male","Foreign",143,72,298,226,71,139,68,-159,594,753,36
"17","1702",2021,"female","Austrian",-24,-8,15,23,-16,103,119,-96,263,359,15
"17","1702",2021,"female","Foreign",71,44,248,204,27,73,46,-191,372,563,29
"17","1702",2022,"male","Austrian",-19,-9,20,29,-10,80,90,-70,263,333,30
"17","1702",2022,"male","Foreign",245,157,412,255,88,153,65,-125,651,776,56
"17","1702",2022,"female","Austrian",16,0,21,21,16,118,102,-121,249,370,17
"17","1702",2022,"female","Foreign",285,264,444,180,21,71,50,-183,389,572,33
"17","1702",2023,"male","Austrian",-16,0,19,19,-16,77,93,-52,236,288,18
"17","1702",2023,"male","Foreign",255,102,368,266,153,248,95,-126,736,862,60
"17","1702",2023,"female","Austrian",-36,-11,11,22,-25,85,110,-48,297,345,16
"17","1702",2023,"female","Foreign",182,155,352,197,27,88,61,-87,424,511,55
"17","1703",2007,"male","Austrian",-49,-33,65,98,-16,96,112,-49,454,503,57
"17","1703",2007,"male","Foreign",92,94,327,233,-2,32,34,-55,344,399,40
"17","1703",2007,"female","Austrian",-3,-5,16,21,2,119,117,-83,341,424,33
"17","1703",2007,"female","Foreign",130,120,236,116,10,32,22,-10,279,289,26
"17","1703",2008,"male","Austrian",-17,-22,70,92,5,116,111,-37,458,495,59
"17","1703",2008,"male","Foreign",23,16,270,254,7,37,30,-43,326,369,26
"17","1703",2008,"female","Austrian",-53,-14,18,32,-39,99,138,-43,356,399,51
"17","1703",2008,"female","Foreign",84,77,203,126,7,24,17,-56,253,309,14
"17","1703",2009,"male","Austrian",-8,-13,70,83,5,126,121,-19,471,490,63
"17","1703",2009,"male","Foreign",-31,-23,267,290,-8,22,30,-60,327,387,28
"17","1703",2009,"female","Austrian",-33,-19,14,33,-14,106,120,-89,336,425,45
"17","1703",2009,"female","Foreign",74,78,230,152,-4,30,34,-37,258,295,29
"17","1703",2010,"male","Austrian",-10,-14,74,88,4,107,103,-47,454,501,65
"17","1703",2010,"male","Foreign",110,105,329,224,5,32,27,-13,351,364,27
"17","1703",2010,"female","Austrian",-37,-6,23,29,-31,95,126,-28,348,376,46
"17","1703",2010,"female","Foreign",109,111,281,170,-2,27,29,-52,251,303,24
"17","1703",2011,"male","Austrian",-24,-13,81,94,-11,119,130,-35,493,528,51
"17","1703",2011,"male","Foreign",89,87,415,328,2,31,29,-52,401,453,32
"17","1703",2011,"female","Austrian",2,-4,20,24,6,119,113,-73,344,417,36
"17","1703",2011,"female","Foreign",83,79,283,204,4,24,20,-45,277,322,25
"17","1703",2012,"male","Austrian",36,-4,91,95,40,147,107,-36,557,593,53
"17","1703",2012,"male","Foreign",142,151,448,297,-9,32,41,-20,471,491,32
"17","1703",2012,"female","Austrian",44,-13,17,30,57,172,115,-26,379,405,33
"17","1703",2012,"female","Foreign",153,161,326,165,-8,30,38,-39,304,343,21
"17","1703",2013,"male","Austrian",-39,-26,75,101,-13,111,124,-43,506,549,54
"17","1703",2013,"male","Foreign",214,228,484,256,-14,28,42,-27,492,519,34
"17","1703",2013,"female","Austrian",-28,-22,13,35,-6,115,121,-54,344,398,37
"17","1703",2013,"female","Foreign",148,156,334,178,-8,37,45,-76,302,378,14
"17","1703",2014,"male","Austrian",-13,-10,77,87,-3,116,119,12,548,536,79
"17","1703",2014,"male","Foreign",169,157,517,360,12,58,46,-50,557,607,42
"17","1703",2014,"female","Austrian",7,-13,15,28,20,137,117,6,395,389,58
"17","1703",2014,"female","Foreign",190,195,378,183,-5,38,43,-60,351,411,27
"17","1703",2015,"male","Austrian",53,29,85,56,24,129,105,-110,457,567,58
"17","1703",2015,"male","Foreign",259,208,481,273,51,102,51,-63,593,656,31
"17","1703",2015,"female","Austrian",-5,-10,21,31,5,124,119,-106,320,426,37
"17","1703",2015,"female","Foreign",162,156,325,169,6,38,32,-33,341,374,18
"17","1703",2016,"male","Austrian",-8,3,65,62,-11,104,115,-90,423,513,50
"17","1703",2016,"male","Foreign",220,193,440,247,27,91,64,-15,657,672,38
"17","1703",2016,"female","Austrian",-54,-17,9,26,-37,101,138,-94,301,395,34
"17","1703",2016,"female","Foreign",142,144,304,160,-2,39,41,20,401,381,21
"17","1703",2017,"male","Austrian",-74,-36,25,61,-38,102,140,-107,373,480,51
"17","1703",2017,"male","Foreign",163,154,400,246,9,78,69,-63,604,667,45
"17","1703",2017,"female","Austrian",-63,-2,22,24,-61,79,140,-30,311,341,48
"17","1703",2017,"female","Foreign",31,27,211,184,4,53,49,1,443,442,27
"17","1703",2018,"male","Austrian",-42,-4,30,34,-38,79,117,-65,370,435,42
"17","1703",2018,"male","Foreign",99,111,381,270,-12,66,78,-85,665,750,30
"17","1703",2018,"female","Austrian",-31,-4,18,22,-27,107,134,-78,314,392,26
"17","1703",2018,"female","Foreign",64,69,231,162,-5,39,44,-32,458,490,21
"17","1703",2019,"male","Austrian",-43,-16,21,37,-27,95,122,-112,343,455,32
"17","1703",2019,"male","Foreign",136,138,377,239,-2,56,58,-146,622,768,52
"17","1703",2019,"female","Austrian",-6,-12,15,27,6,104,98,-99,328,427,36
"17","1703",2019,"female","Foreign",64,68,236,168,-4,34,38,-66,424,490,30
"17","1703",2020,"male","Austrian",-8,6,32,26,-14,102,116,-6,399,405,49
"17","1703",2020,"male","Foreign",77,43,268,225,34,86,52,-73,555,628,52
"17","1703",2020,"female","Austrian",-43,2,21,19,-45,84,129,-57,387,444,46
"17","1703",2020,"female","Foreign",62,58,173,115,4,48,44,-52,398,450,39
"17","1703",2021,"male","Austrian",-29,6,37,31,-35,80,115,-103,375,478,34
"17","1703",2021,"male","Foreign",96,22,246,224,74,127,53,-118,561,679,47
"17","1703",2021,"female","Austrian",-43,0,27,27,-43,89,132,-78,320,398,35
"17","1703",2021,"female","Foreign",79,59,175,116,20,53,33,-46,415,461,35
"17","1703",2022,"male","Austrian",-39,-2,34,36,-37,78,115,-111,312,423,24
"17","1703",2022,"male","Foreign",127,95,346,251,32,106,74,-86,565,651,41
"17","1703",2022,"female","Austrian",-32,-19,7,26,-13,92,105,-91,301,392,22
"17","1703",2022,"female","Foreign",113,116,285,169,-3,52,55,-76,404,480,31
"17","1703",2023,"male","Austrian",-34,2,32,30,-36,74,110,1,363,362,33
"17","1703",2023,"male","Foreign",228,128,353,225,100,168,68,48,744,696,56
"17","1703",2023,"female","Austrian",-55,-24,12,36,-31,89,120,-42,317,359,37
"17","1703",2023,"female","Foreign",151,138,273,135,13,61,48,-18,451,469,37
"17","1704",2007,"male","Austrian",-20,-8,3,11,-12,8,20,31,90,59,8
"17","1704",2007,"male","Foreign",2,5,10,5,-3,2,5,-1,16,17,1
"17","1704",2007,"female","Austrian",-18,-8,1,9,-10,11,21,89,142,53,15
"17","1704",2007,"female","Foreign",7,9,20,11,-2,2,4,5,26,21,0
"17","1704",2008,"male","Austrian",0,1,5,4,-1,15,16,14,82,68,8
"17","1704",2008,"male","Foreign",4,8,10,2,-4,0,4,-3,8,11,0
"17","1704",2008,"female","Austrian",-13,0,2,2,-13,15,28,60,127,67,11
"17","1704",2008,"female","Foreign",7,10,21,11,-3,3,6,10,23,13,0
"17","1704",2009,"male","Austrian",-5,-3,4,7,-2,13,15,51,98,47,3
"17","1704",2009,"male","Foreign",4,7,17,10,-3,3,6,17,31,14,2
"17","1704",2009,"female","Austrian",-3,-1,2,3,-2,15,17,78,134,56,9
"17","1704",2009,"female","Foreign",3,3,16,13,0,7,7,0,24,24,3
"17","1704",2010,"male","Austrian",-10,1,6,5,-11,14,25,13,73,60,7
"17","1704",2010,"male","Foreign",1,3,13,10,-2,1,3,-3,16,19,1
"17","1704",2010,"female","Austrian",-9,-4,1,5,-5,14,19,63,122,59,10
"17","1704",2010,"female","Foreign",-10,-9,9,18,-1,2,3,4,32,28,0
"17","1704",2011,"male","Austrian",-7,-2,4,6,-5,15,20,29,88,59,7
"17","1704",2011,"male","Foreign",1,1,15,14,0,1,1,4,31,27,2
"17","1704",2011,"female","Austrian",-12,-3,2,5,-9,15,24,21,84,63,11
"17","1704",2011,"female","Foreign",8,10,24,14,-2,1,3,5,32,27,2
"17","1704",2012,"male","Austrian",6,-2,4,6,8,17,9,13,83,70,3
"17","1704",2012,"male","Foreign",17,17,23,6,0,1,1,5,25,20,0
"17","1704",2012,"female","Austrian",8,3,5,2,5,25,20,25,89,64,9
"17","1704",2012,"female","Foreign",14,12,24,12,2,5,3,11,31,20,0
"17","1704",2013,"male","Austrian",-13,-1,6,7,-12,4,16,25,98,73,6
"17","1704",2013,"male","Foreign",12,11,23,12,1,1,0,-2,26,28,0
"17","1704",2013,"female","Austrian",-1,-3,5,8,2,17,15,26,118,92,4
"17","1704",2013,"female","Foreign",8,8,26,18,0,1,1,-2,22,24,0
"17","1704",2014,"male","Austrian",1,0,5,5,1,13,12,19,92,73,3
"17","1704",2014,"male","Foreign",5,3,14,11,2,5,3,21,35,14,0
"17","1704",2014,"female","Austrian",-15,-5,2,7,-10,18,28,78,135,57,6
"17","1704",2014,"female","Foreign",4,1,25,24,3,6,3,8,34,26,0
"17","1704",2015,"male","Austrian",-3,-3,3,6,0,16,16,9,79,70,6
"17","1704",2015,"male","Foreign",4,4,19,15,0,5,5,-13,23,36,0
"17","1704",2015,"female","Austrian",-4,0,3,3,-4,12,16,25,94,69,6
"17","1704",2015,"female","Foreign",15,17,26,9,-2,11,13,1,31,30,1
"17","1704",2016,"male","Austrian",-18,-6,5,11,-12,11,23,34,85,51,9
"17","1704",2016,"male","Foreign",0,-2,12,14,2,6,4,14,33,19,1
"17","1704",2016,"female","Austrian",-16,-7,1,8,-9,13,22,26,95,69,3
"17","1704",2016,"female","Foreign",7,5,28,23,2,4,2,15,35,20,1
"17","1704",2017,"male","Austrian",-7,3,4,1,-10,10,20,20,82,62,3
"17","1704",2017,"male","Foreign",3,-3,15,18,6,8,2,12,37,25,5
"17","1704",2017,"female","Austrian",-2,0,2,2,-2,14,16,33,100,67,11
"17","1704",2017,"female","Foreign",-4,-2,12,14,-2,3,5,6,40,34,4
"17","1704",2018,"male","Austrian",0,-2,2,4,2,17,15,30,97,67,8
"17","1704",2018,"male","Foreign",2,4,22,18,-2,3,5,-4,37,41,1
"17","1704",2018,"female","Austrian",-11,0,4,4,-11,10,21,35,106,71,9
"17","1704",2018,"female","Foreign",2,9,23,14,-7,1,8,19,50,31,0
"17","1704",2019,"male","Austrian",-14,-6,0,6,-8,15,23,20,92,72,10
"17","1704",2019,"male","Foreign",5,6,18,12,-1,2,3,15,40,25,0
"17","1704",2019,"female","Austrian",-14,1,5,4,-15,8,23,43,110,67,13
"17","1704",2019,"female","Foreign",5,7,23,16,-2,1,3,4,34,30,2
"17","1704",2020,"male","Austrian",-6,3,5,2,-9,12,21,18,102,84,5
"17","1704",2020,"male","Foreign",2,5,14,9,-3,7,10,12,34,22,0
"17","1704",2020,"female","Austrian",-18,-1,3,4,-17,7,24,16,98,82,10
"17","1704",2020,"female","Foreign",-3,3,20,17,-6,0,6,-7,25,32,1
"17","1704",2021,"male","Austrian",-28,0,4,4,-28,9,37,61,133,72,8
"17","1704",2021,"male","Foreign",5,8,20,12,-3,3,6,16,43,27,0
"17","1704",2021,"female","Austrian",-21,-2,2,4,-19,5,24,71,145,74,11
"17","1704",2021,"female","Foreign",6,6,21,15,0,4,4,18,41,23,0
"17","1704",2022,"male","Austrian",-9,0,2,2,-9,9,18,30,89,59,12
"17","1704",2022,"male","Foreign",2,5,22,17,-3,5,8,17,46,29,4
"17","1704",2022,"female","Austrian",-11,-5,4,9,-6,17,23,54,122,68,18
"17","1704",2022,"female","Foreign",27,33,63,30,-6,3,9,-13,36,49,4
"17","1704",2023,"male","Austrian",-15,-1,3,4,-14,8,22,90,153,63,19
"17","1704",2023,"male","Foreign",7,6,14,8,1,7,6,10,52,42,1
"17","1704",2023,"female","Austrian",0,2,3,1,-2,14,16,137,198,61,16
"17","1704",2023,"female","Foreign",-1,0,19,19,-1,3,4,17,51,34,1
"17","1705",2007,"male","Austrian",-11,1,7,6,-12,19,31,34,116,82,12
"17","1705",2007,"male","Foreign",7,3,19,16,4,7,3,5,39,34,1
"17","1705",2007,"female","Austrian",-14,-7,2,9,-7,25,32,14,135,121,16
"17","1705",2007,"female","Foreign",7,7,23,16,0,6,6,6,37,31,2
"17","1705",2008,"male","Austrian",-6,1,11,10,-7,24,31,17,130,113,9
"17","1705",2008,"male","Foreign",15,19,30,11,-4,2,6,25,45,20,1
"17","1705",2008,"female","Austrian",4,1,7,6,3,30,27,15,128,113,11
"17","1705",2008,"female","Foreign",17,19,37,18,-2,4,6,15,50,35,0
"17","1705",2009,"male","Austrian",12,9,13,4,3,24,21,21,116,95,16
"17","1705",2009,"male","Foreign",-4,-2,16,18,-2,1,3,13,36,23,3
"17","1705",2009,"female","Austrian",-1,3,7,4,-4,20,24,8,125,117,19
"17","1705",2009,"female","Foreign",1,-3,21,24,4,5,1,8,39,31,1
"17","1705",2010,"male","Austrian",-18,-4,4,8,-14,23,37,8,116,108,16
"17","1705",2010,"male","Foreign",12,15,34,19,-3,1,4,2,33,31,0
"17","1705",2010,"female","Austrian",-3,-1,5,6,-2,24,26,8,112,104,19
"17","1705",2010,"female","Foreign",6,10,30,20,-4,3,7,2,41,39,1
"17","1705",2011,"male","Austrian",-14,-2,7,9,-12,20,32,64,159,95,25
"17","1705",2011,"male","Foreign",3,6,23,17,-3,4,7,22,50,28,0
"17","1705",2011,"female","Austrian",-27,-6,6,12,-21,18,39,29,142,113,27
"17","1705",2011,"female","Foreign",20,22,35,13,-2,2,4,16,43,27,2
"17","1705",2012,"male","Austrian",2,-8,6,14,10,31,21,39,148,109,22
"17","1705",2012,"male","Foreign",6,6,28,22,0,4,4,20,65,45,3
"17","1705",2012,"female","Austrian",-10,-6,5,11,-4,34,38,16,132,116,24
"17","1705",2012,"female","Foreign",1,1,34,33,0,2,2,26,62,36,0
"17","1705",2013,"male","Austrian",7,-7,5,12,14,40,26,46,138,92,17
"17","1705",2013,"male","Foreign",8,13,31,18,-5,3,8,32,64,32,2
"17","1705",2013,"female","Austrian",-2,-4,4,8,2,30,28,1,142,141,21
"17","1705",2013,"female","Foreign",22,24,44,20,-2,6,8,26,69,43,0
"17","1705",2014,"male","Austrian",-13,-8,8,16,-5,24,29,12,134,122,15
"17","1705",2014,"male","Foreign",15,14,44,30,1,4,3,29,72,43,2
"17","1705",2014,"female","Austrian",-11,-7,5,12,-4,25,29,32,136,104,16
"17","1705",2014,"female","Foreign",30,26,47,21,4,8,4,27,69,42,4
"17","1705",2015,"male","Austrian",-19,-5,10,15,-14,18,32,0,129,129,8
"17","1705",2015,"male","Foreign",12,12,47,35,0,6,6,11,63,52,1
"17","1705",2015,"female","Austrian",-19,-1,11,12,-18,26,44,-18,115,133,19
"17","1705",2015,"female","Foreign",14,15,49,34,-1,7,8,14,58,44,4
"17","1705",2016,"male","Austrian",1,2,11,9,-1,34,35,7,118,111,33
"17","1705",2016,"male","Foreign",18,9,27,18,9,17,8,4,62,58,2
"17","1705",2016,"female","Austrian",2,0,8,8,2,31,29,-3,124,127,22
"17","1705",2016,"female","Foreign",18,21,47,26,-3,18,21,-3,50,53,4
"17","1705",2017,"male","Austrian",-9,4,11,7,-13,22,35,29,126,97,23
"17","1705",2017,"male","Foreign",13,6,29,23,7,10,3,31,88,57,4
"17","1705",2017,"female","Austrian",-32,-12,7,19,-20,19,39,-1,116,117,19
"17","1705",2017,"female","Foreign",3,3,30,27,0,4,4,27,77,50,6
"17","1705",2018,"male","Austrian",-9,-4,10,14,-5,19,24,-26,97,123,9
"17","1705",2018,"male","Foreign",-4,5,28,23,-9,2,11,32,86,54,3
"17","1705",2018,"female","Austrian",-11,1,10,9,-12,20,32,-5,119,124,11
"17","1705",2018,"female","Foreign",-2,8,30,22,-10,5,15,22,80,58,9
"17","1705",2019,"male","Austrian",-9,2,8,6,-11,24,35,6,106,100,16
"17","1705",2019,"male","Foreign",5,3,31,28,2,7,5,25,78,53,6
"17","1705",2019,"female","Austrian",-7,6,10,4,-13,20,33,21,129,108,27
"17","1705",2019,"female","Foreign",12,13,33,20,-1,8,9,17,73,56,6
"17","1705",2020,"male","Austrian",-9,2,7,5,-11,19,30,1,117,116,19
"17","1705",2020,"male","Foreign",-3,7,28,21,-10,3,13,2,59,57,3
"17","1705",2020,"female","Austrian",-4,0,11,11,-4,28,32,-8,136,144,22
"17","1705",2020,"female","Foreign",-11,-5,19,24,-6,2,8,18,69,51,2
"17","1705",2021,"male","Austrian",-25,-6,3,9,-19,21,40,21,133,112,25
"17","1705",2021,"male","Foreign",-21,-18,15,33,-3,5,8,24,64,40,3
"17","1705",2021,"female","Austrian",-23,-8,4,12,-15,30,45,8,119,111,26
"17","1705",2021,"female","Foreign",1,4,24,20,-3,4,7,18,61,43,6
"17","1705",2022,"male","Austrian",-35,-7,7,14,-28,16,44,-10,102,112,15
"17","1705",2022,"male","Foreign",51,46,71,25,5,12,7,17,81,64,7
"17","1705",2022,"female","Austrian",-27,-10,6,16,-17,19,36,21,121,100,19
"17","1705",2022,"female","Foreign",42,39,72,33,3,12,9,32,94,62,7
"17","1705",2023,"male","Austrian",-18,-1,12,13,-17,11,28,35,143,108,22
"17","1705",2023,"male","Foreign",-5,-11,27,38,6,10,4,2,72,70,2
"17","1705",2023,"female","Austrian",-22,-4,9,13,-18,16,34,50,146,96,33
"17","1705",2023,"female","Foreign",20,13,33,20,7,9,2,-11,59,70,3
"17","1706",2007,"male","Austrian",-5,-1,5,6,-4,14,18,22,68,46,4
"17","1706",2007,"male","Foreign",5,4,16,12,1,1,0,-2,16,18,1
"17","1706",2007,"female","Austrian",7,-1,2,3,8,17,9,30,78,48,3
"17","1706",2007,"female","Foreign",12,9,22,13,3,5,2,-3,13,16,0
"17","1706",2008,"male","Austrian",-9,-1,4,5,-8,8,16,31,64,33,3
"17","1706",2008,"male","Foreign",1,2,11,9,-1,2,3,-2,13,15,1
"17","1706",2008,"female","Austrian",-8,-2,1,3,-6,8,14,17,64,47,8
"17","1706",2008,"female","Foreign",9,11,25,14,-2,0,2,-7,10,17,0
"17","1706",2009,"male","Austrian",-7,-8,2,10,1,12,11,15,69,54,4
"17","1706",2009,"male","Foreign",-4,-2,10,12,-2,0,2,-3,8,11,0
"17","1706",2009,"female","Austrian",-15,-5,1,6,-10,2,12,23,70,47,4
"17","1706",2009,"female","Foreign",5,6,20,14,-1,2,3,7,19,12,0
"17","1706",2010,"male","Austrian",-10,-5,4,9,-5,11,16,5,57,52,8
"17","1706",2010,"male","Foreign",-1,0,11,11,-1,0,1,8,20,12,1
"17","1706",2010,"female","Austrian",-14,0,2,2,-14,9,23,22,72,50,12
"17","1706",2010,"female","Foreign",9,12,26,14,-3,2,5,8,24,16,1
"17","1706",2011,"male","Austrian",-13,-1,4,5,-12,7,19,16,57,41,5
"17","1706",2011,"male","Foreign",8,10,20,10,-2,2,4,10,22,12,1
"17","1706",2011,"female","Austrian",-2,2,5,3,-4,14,18,-6,51,57,5
"17","1706",2011,"female","Foreign",14,14,35,21,0,2,2,4,23,19,3
"17","1706",2012,"male","Austrian",1,-4,3,7,5,13,8,-3,61,64,4
"17","1706",2012,"male","Foreign",3,3,9,6,0,3,3,13,39,26,4
"17","1706",2012,"female","Austrian",0,2,4,2,-2,12,14,5,64,59,2
"17","1706",2012,"female","Foreign",6,3,23,20,3,3,0,-15,23,38,4
"17","1706",2013,"male","Austrian",4,-1,2,3,5,21,16,20,65,45,4
"17","1706",2013,"male","Foreign",-1,-1,15,16,0,1,1,13,31,18,2
"17","1706",2013,"female","Austrian",4,2,6,4,2,13,11,25,69,44,3
"17","1706",2013,"female","Foreign",5,6,25,19,-1,1,2,16,35,19,0
"17","1706",2014,"male","Austrian",-4,-2,2,4,-2,10,12,9,50,41,2
"17","1706",2014,"male","Foreign",12,14,17,3,-2,0,2,15,29,14,0
"17","1706",2014,"female","Austrian",-8,0,4,4,-8,6,14,-5,45,50,1
"17","1706",2014,"female","Foreign",10,8,20,12,2,2,0,14,26,12,0
"17","1706",2015,"male","Austrian",-6,-4,4,8,-2,14,16,-8,51,59,4
"17","1706",2015,"male","Foreign",-6,-5,13,18,-1,1,2,6,25,19,0
"17","1706",2015,"female","Austrian",-4,-2,2,4,-2,13,15,-20,54,74,6
"17","1706",2015,"female","Foreign",5,6,22,16,-1,3,4,11,28,17,2
"17","1706",2016,"male","Austrian",1,1,4,3,0,16,16,21,55,34,6
"17","1706",2016,"male","Foreign",11,6,21,15,5,6,1,7,25,18,1
"17","1706",2016,"female","Austrian",-13,-2,1,3,-11,8,19,15,65,50,4
"17","1706",2016,"female","Foreign",21,11,24,13,10,12,2,6,34,28,1
"17","1706",2017,"male","Austrian",-5,-3,4,7,-2,14,16,9,64,55,5
"17","1706",2017,"male","Foreign",9,14,22,8,-5,2,7,-10,20,30,5
"17","1706",2017,"female","Austrian",-1,-1,1,2,0,17,17,8,54,46,4
"17","1706",2017,"female","Foreign",3,6,23,17,-3,4,7,4,23,19,8
"17","1706",2018,"male","Austrian",5,-3,1,4,8,20,12,2,51,49,6
"17","1706",2018,"male","Foreign",-3,4,20,16,-7,3,10,11,41,30,1
"17","1706",2018,"female","Austrian",-3,2,5,3,-5,10,15,7,46,39,5
"17","1706",2018,"female","Foreign",-5,0,13,13,-5,5,10,5,33,28,1
"17","1706",2019,"male","Austrian",-7,-8,2,10,1,16,15,-26,43,69,9
"17","1706",2019,"male","Foreign",6,9,25,16,-3,2,5,10,37,27,0
"17","1706",2019,"female","Austrian",-10,-2,3,5,-8,8,16,-21,38,59,8
"17","1706",2019,"female","Foreign",7,8,17,9,-1,4,5,-3,29,32,1
"17","1706",2020,"male","Austrian",-19,0,5,5,-19,9,28,0,51,51,2
"17","1706",2020,"male","Foreign",3,4,16,12,-1,3,4,10,29,19,1
"17","1706",2020,"female","Austrian",-6,6,6,0,-12,9,21,-6,50,56,4
"17","1706",2020,"female","Foreign",-2,4,10,6,-6,2,8,15,30,15,0
"17","1706",2021,"male","Austrian",-9,1,3,2,-10,6,16,-2,46,48,6
"17","1706",2021,"male","Foreign",-4,-3,6,9,-1,2,3,10,30,20,1
"17","1706",2021,"female","Austrian",-8,1,3,2,-9,8,17,3,51,48,8
"17","1706",2021,"female","Foreign",-7,-7,11,18,0,4,4,24,46,22,1
"17","1706",2022,"male","Austrian",-5,2,4,2,-7,8,15,-1,47,48,4
"17","1706",2022,"male","Foreign",11,13,25,12,-2,2,4,-19,21,40,5
"17","1706",2022,"female","Austrian",-17,-8,1,9,-9,8,17,21,54,33,2
"17","1706",2022,"female","Foreign",27,37,52,15,-10,3,13,-28,32,60,8
"17","1706",2023,"male","Austrian",-6,0,5,5,-6,6,12,5,56,51,4
"17","1706",2023,"male","Foreign",10,10,16,6,0,3,3,-12,18,30,0
"17","1706",2023,"female","Austrian",-5,2,5,3,-7,9,16,-2,53,55,3
"17","1706",2023,"female","Foreign",6,2,19,17,4,5,1,-7,24,31,1
"17","1799",2007,"male","Austrian",-15,-3,0,3,-12,0,12,-41,20,61,0
"17","1799",2007,"male","Foreign",-7,-4,0,4,-3,1,4,-42,2,44,0
"17","1799",2007,"female","Austrian",-16,-2,0,2,-14,1,15,-50,25,75,3
"17","1799",2007,"female","Foreign",-11,-11,0,11,0,0,0,-23,0,23,0
"17","1799",2008,"male","Austrian",-4,0,1,1,-4,0,4,-7,9,16,0
"17","1799",2008,"male","Foreign",-4,-4,2,6,0,0,0,-3,4,7,0
"17","1799",2008,"female","Austrian",-4,-2,0,2,-2,1,3,-5,4,9,0
"17","1799",2008,"female","Foreign",4,4,4,0,0,0,0,4,5,1,0
"17","1799",2009,"male","Austrian",-2,0,0,0,-2,1,3,-5,5,10,0
"17","1799",2009,"male","Foreign",-3,-2,1,3,-1,0,1,-3,2,5,0
"17","1799",2009,"female","Austrian",1,0,0,0,1,2,1,-14,6,20,0
"17","1799",2009,"female","Foreign",-2,-2,0,2,0,0,0,-3,1,4,0
"17","1799",2010,"male","Austrian",-9,-2,0,2,-7,0,7,-14,6,20,0
"17","1799",2010,"male","Foreign",-1,-1,0,1,0,0,0,-5,0,5,0
"17","1799",2010,"female","Austrian",-1,0,0,0,-1,0,1,-16,1,17,0
"17","1799",2010,"female","Foreign",1,1,1,0,0,0,0,-2,1,3,0
"17","1799",2011,"male","Austrian",0,0,0,0,0,0,0,-14,0,14,0
"17","1799",2011,"male","Foreign",-2,-2,0,2,0,0,0,-1,0,1,0
"17","1799",2011,"female","Austrian",-4,0,0,0,-4,0,4,-9,0,9,0
"17","1799",2011,"female","Foreign",1,0,0,0,1,1,0,-3,0,3,0
"17","1799",2012,"male","Austrian",-1,-1,0,1,0,0,0,-6,0,6,0
"17","1799",2012,"male","Foreign",0,0,0,0,0,0,0,-1,1,2,0
"17","1799",2012,"female","Austrian",-2,0,0,0,-2,0,2,-2,0,2,0
"17","1799",2012,"female","Foreign",1,0,0,0,1,1,0,-1,0,1,0
"17","1799",2013,"male","Austrian",-7,-2,0,2,-5,0,5,-37,5,42,0
"17","1799",2013,"male","Foreign",-6,-3,4,7,-3,0,3,-31,3,34,0
"17","1799",2013,"female","Austrian",-7,-5,1,6,-2,1,3,-26,5,31,0
"17","1799",2013,"female","Foreign",-9,-6,5,11,-3,0,3,-22,1,23,0
"17","1799",2014,"male","Austrian",-2,0,1,1,-2,0,2,-3,4,7,1
"17","1799",2014,"male","Foreign",-1,-1,0,1,0,0,0,0,3,3,0
"17","1799",2014,"female","Austrian",-5,0,0,0,-5,0,5,-1,7,8,0
"17","1799",2014,"female","Foreign",4,3,3,0,1,1,0,-7,4,11,0
"17","1799",2015,"male","Austrian",0,0,0,0,0,0,0,-4,0,4,0
"17","1799",2015,"male","Foreign",0,0,0,0,0,0,0,0,1,1,0
"17","1799",2015,"female","Austrian",0,0,0,0,0,0,0,-3,1,4,0
"17","1799",2015,"female","Foreign",0,0,0,0,0,0,0,-1,0,1,0
"17","1799",2016,"male","Austrian",0,0,0,0,0,0,0,-6,1,7,0
"17","1799",2016,"male","Foreign",0,0,0,0,0,0,0,-1,0,1,0
"17","1799",2016,"female","Austrian",0,0,0,0,0,0,0,-2,2,4,0
"17","1799",2016,"female","Foreign",0,0,0,0,0,0,0,-2,0,2,0
"17","1799",2017,"male","Austrian",-1,0,0,0,-1,0,1,-2,2,4,0
"17","1799",2017,"male","Foreign",0,0,0,0,0,0,0,1,1,0,0
"17","1799",2017,"female","Austrian",0,0,0,0,0,0,0,-1,1,2,0
"17","1799",2017,"female","Foreign",0,0,0,0,0,0,0,2,2,0,0
"17","1799",2018,"male","Austrian",0,0,0,0,0,0,0,-4,0,4,0
"17","1799",2018,"male","Foreign",1,0,0,0,1,1,0,-1,0,1,0
"17","1799",2018,"female","Austrian",0,0,0,0,0,1,1,-4,0,4,0
"17","1799",2018,"female","Foreign",4,4,4,0,0,0,0,-3,0,3,0
"17","1799",2019,"male","Austrian",0,0,0,0,0,0,0,3,6,3,0
"17","1799",2019,"male","Foreign",0,0,0,0,0,0,0,0,0,0,0
"17","1799",2019,"female","Austrian",0,0,0,0,0,0,0,1,2,1,0
"17","1799",2019,"female","Foreign",0,0,0,0,0,0,0,0,1,1,0
"17","1799",2020,"male","Austrian",0,0,0,0,0,0,0,0,0,0,0
"17","1799",2020,"male","Foreign",0,0,0,0,0,0,0,1,1,0,0
"17","1799",2020,"female","Austrian",0,0,0,0,0,0,0,2,2,0,0
"17","1799",2020,"female","Foreign",0,0,0,0,0,0,0,0,0,0,0
"17","1799",2021,"male","Austrian",0,0,0,0,0,0,0,0,0,0,0
"17","1799",2021,"male","Foreign",0,0,0,0,0,0,0,0,0,0,0
"17","1799",2021,"female","Austrian",0,0,0,0,0,0,0,0,0,0,0
"17","1799",2021,"female","Foreign",2,2,2,0,0,0,0,0,0,0,0
"17","1799",2022,"male","Austrian",0,0,0,0,0,0,0,5,5,0,0
"17","1799",2022,"male","Foreign",1,2,2,0,-1,0,1,0,0,0,0
"17","1799",2022,"female","Austrian",0,0,0,0,0,0,0,2,2,0,0
"17","1799",2022,"female","Foreign",1,2,2,0,-1,0,1,0,1,1,0
"17","1799",2023,"male","Austrian",0,0,0,0,0,0,0,0,0,0,0
"17","1799",2023,"male","Foreign",1,1,1,0,0,0,0,4,4,0,0
"17","1799",2023,"female","Austrian",0,0,0,0,0,0,0,0,0,0,0
"17","1799",2023,"female","Foreign",2,1,1,0,1,1,0,0,0,0,0
"18","1801",2007,"male","Austrian",-7,-1,4,5,-6,9,15,3,40,37,1
"18","1801",2007,"male","Foreign",4,3,26,23,1,2,1,2,19,17,2
"18","1801",2007,"female","Austrian",0,2,4,2,-2,18,20,-3,41,44,1
"18","1801",2007,"female","Foreign",26,24,48,24,2,2,0,-4,27,31,3
"18","1801",2008,"male","Austrian",-11,-7,4,11,-4,12,16,-6,37,43,5
"18","1801",2008,"male","Foreign",1,-1,19,20,2,2,0,5,18,13,2
"18","1801",2008,"female","Austrian",-15,-3,3,6,-12,14,26,-8,56,64,4
"18","1801",2008,"female","Foreign",-7,-6,28,34,-1,1,2,-4,16,20,0
"18","1801",2009,"male","Austrian",-1,-1,4,5,0,14,14,-16,29,45,1
"18","1801",2009,"male","Foreign",-10,-11,9,20,1,2,1,-3,17,20,0
"18","1801",2009,"female","Austrian",11,1,5,4,10,24,14,-8,28,36,11
"18","1801",2009,"female","Foreign",5,6,23,17,-1,2,3,-8,17,25,2
"18","1801",2010,"male","Austrian",-8,-10,1,11,2,19,17,-2,44,46,1
"18","1801",2010,"male","Foreign",21,19,37,18,2,5,3,3,18,15,0
"18","1801",2010,"female","Austrian",-6,-7,1,8,1,24,23,-3,51,54,1
"18","1801",2010,"female","Foreign",25,23,40,17,2,4,2,-11,16,27,0
"18","1801",2011,"male","Austrian",-1,-7,2,9,6,16,10,8,46,38,0
"18","1801",2011,"male","Foreign",-10,-6,19,25,-4,3,7,-6,14,20,4
"18","1801",2011,"female","Austrian",-4,-5,1,6,1,15,14,-5,41,46,1
"18","1801",2011,"female","Foreign",9,4,32,28,5,7,2,-1,22,23,1
"18","1801",2012,"male","Austrian",4,-2,4,6,6,19,13,17,54,37,3
"18","1801",2012,"male","Foreign",-5,-5,14,19,0,1,1,5,21,16,2
"18","1801",2012,"female","Austrian",9,-6,4,10,15,29,14,-3,41,44,1
"18","1801",2012,"female","Foreign",9,10,33,23,-1,4,5,8,27,19,4
"18","1801",2013,"male","Austrian",-10,-4,4,8,-6,12,18,13,42,29,0
"18","1801",2013,"male","Foreign",14,11,19,8,3,4,1,5,24,19,1
"18","1801",2013,"female","Austrian",-1,5,7,2,-6,6,12,-3,47,50,1
"18","1801",2013,"female","Foreign",9,7,24,17,2,4,2,-6,24,30,2
"18","1801",2014,"male","Austrian",-2,2,7,5,-4,7,11,7,38,31,1
"18","1801",2014,"male","Foreign",7,10,24,14,-3,0,3,-3,16,19,4
"18","1801",2014,"female","Austrian",2,-6,1,7,8,15,7,7,52,45,8
"18","1801",2014,"female","Foreign",23,27,49,22,-4,0,4,10,30,20,2
"18","1801",2015,"male","Austrian",-3,-2,4,6,-1,11,12,-9,39,48,4
"18","1801",2015,"male","Foreign",11,12,32,20,-1,3,4,-1,30,31,0
"18","1801",2015,"female","Austrian",0,2,6,4,-2,11,13,-22,46,68,1
"18","1801",2015,"female","Foreign",17,15,40,25,2,5,3,-7,27,34,4
"18","1801",2016,"male","Austrian",5,1,6,5,4,17,13,18,59,41,1
"18","1801",2016,"male","Foreign",-2,-2,22,24,0,5,5,5,28,23,0
"18","1801",2016,"female","Austrian",2,-2,4,6,4,18,14,31,81,50,0
"18","1801",2016,"female","Foreign",1,1,39,38,0,5,5,2,28,26,2
"18","1801",2017,"male","Austrian",-3,-3,4,7,0,11,11,18,57,39,1
"18","1801",2017,"male","Foreign",8,6,23,17,2,4,2,2,30,28,4
"18","1801",2017,"female","Austrian",1,-1,3,4,2,9,7,8,46,38,8
"18","1801",2017,"female","Foreign",16,14,36,22,2,3,1,-12,25,37,5
"18","1801",2018,"male","Austrian",0,2,7,5,-2,10,12,10,55,45,7
"18","1801",2018,"male","Foreign",-2,-1,26,27,-1,2,3,3,28,25,2
"18","1801",2018,"female","Austrian",13,8,11,3,5,15,10,7,54,47,7
"18","1801",2018,"female","Foreign",12,15,47,32,-3,2,5,-4,30,34,3
"18","1801",2019,"male","Austrian",1,-6,1,7,7,18,11,5,40,35,3
"18","1801",2019,"male","Foreign",12,13,32,19,-1,3,4,2,30,28,0
"18","1801",2019,"female","Austrian",-2,-3,2,5,1,18,17,-4,53,57,4
"18","1801",2019,"female","Foreign",22,22,58,36,0,6,6,-14,29,43,0
"18","1801",2020,"male","Austrian",8,2,7,5,6,17,11,9,48,39,2
"18","1801",2020,"male","Foreign",6,-1,23,24,7,8,1,1,26,25,8
"18","1801",2020,"female","Austrian",11,2,5,3,9,22,13,-15,43,58,9
"18","1801",2020,"female","Foreign",10,7,39,32,3,5,2,4,32,28,4
"18","1801",2021,"male","Austrian",-9,-5,3,8,-4,10,14,5,44,39,6
"18","1801",2021,"male","Foreign",0,1,22,21,-1,3,4,-4,28,32,1
"18","1801",2021,"female","Austrian",-5,5,9,4,-10,12,22,-11,46,57,6
"18","1801",2021,"female","Foreign",-7,-6,29,35,-1,4,5,13,46,33,1
"18","1801",2022,"male","Austrian",-10,0,3,3,-10,4,14,2,58,56,7
"18","1801",2022,"male","Foreign",36,40,61,21,-4,2,6,3,38,35,2
"18","1801",2022,"female","Austrian",-3,-3,1,4,0,13,13,6,54,48,7
"18","1801",2022,"female","Foreign",53,58,90,32,-5,3,8,-2,34,36,6
"18","1801",2023,"male","Austrian",-6,-1,1,2,-5,10,15,-7,42,49,2
"18","1801",2023,"male","Foreign",19,17,38,21,2,2,0,2,29,27,2
"18","1801",2023,"female","Austrian",-4,-1,5,6,-3,13,16,-13,48,61,5
"18","1801",2023,"female","Foreign",14,14,53,39,0,5,5,-3,27,30,3
"18","1802",2007,"male","Austrian",48,1,31,30,47,134,87,-40,274,314,29
"18","1802",2007,"male","Foreign",97,90,183,93,7,28,21,-41,214,255,13
"18","1802",2007,"female","Austrian",44,-8,14,22,52,154,102,-42,312,354,35
"18","1802",2007,"female","Foreign",125,110,226,116,15,26,11,-23,204,227,17
"18","1802",2008,"male","Austrian",-26,-24,22,46,-2,97,99,-34,315,349,42
"18","1802",2008,"male","Foreign",67,62,187,125,5,24,19,-89,182,271,9
"18","1802",2008,"female","Austrian",3,-15,15,30,18,129,111,-59,350,409,51
"18","1802",2008,"female","Foreign",70,77,198,121,-7,19,26,-19,200,219,19
"18","1802",2009,"male","Austrian",15,-13,29,42,28,126,98,-73,279,352,38
"18","1802",2009,"male","Foreign",49,38,191,153,11,26,15,-23,218,241,26
"18","1802",2009,"female","Austrian",30,-7,14,21,37,155,118,-36,312,348,39
"18","1802",2009,"female","Foreign",31,31,182,151,0,15,15,-9,214,223,19
"18","1802",2010,"male","Austrian",37,-9,26,35,46,136,90,-73,292,365,37
"18","1802",2010,"male","Foreign",71,58,205,147,13,31,18,-36,225,261,9
"18","1802",2010,"female","Austrian",50,-4,20,24,54,161,107,-69,308,377,42
"18","1802",2010,"female","Foreign",69,70,235,165,-1,19,20,-42,189,231,13
"18","1802",2011,"male","Austrian",10,-15,16,31,25,134,109,-101,247,348,34
"18","1802",2011,"male","Foreign",-5,-5,170,175,0,26,26,-9,214,223,7
"18","1802",2011,"female","Austrian",32,-2,18,20,34,145,111,-105,289,394,35
"18","1802",2011,"female","Foreign",69,65,228,163,4,32,28,-57,192,249,20
"18","1802",2012,"male","Austrian",-8,-9,20,29,1,121,120,-11,298,309,27
"18","1802",2012,"male","Foreign",93,74,220,146,19,41,22,-48,208,256,18
"18","1802",2012,"female","Austrian",13,-12,13,25,25,164,139,-27,322,349,33
"18","1802",2012,"female","Foreign",163,152,288,136,11,31,20,-29,219,248,19
"18","1802",2013,"male","Austrian",-22,-5,28,33,-17,101,118,-17,289,306,43
"18","1802",2013,"male","Foreign",104,96,231,135,8,32,24,-43,182,225,5
"18","1802",2013,"female","Austrian",9,9,28,19,0,127,127,-37,334,371,37
"18","1802",2013,"female","Foreign",177,170,339,169,7,32,25,-70,205,275,19
"18","1802",2014,"male","Austrian",-1,-11,35,46,10,108,98,-36,290,326,35
"18","1802",2014,"male","Foreign",114,91,258,167,23,41,18,-22,237,259,14
"18","1802",2014,"female","Austrian",6,-5,18,23,11,126,115,-49,298,347,51
"18","1802",2014,"female","Foreign",160,148,312,164,12,37,25,-121,203,324,25
"18","1802",2015,"male","Austrian",-5,-20,23,43,15,105,90,-30,301,331,42
"18","1802",2015,"male","Foreign",139,100,251,151,39,57,18,-44,305,349,12
"18","1802",2015,"female","Austrian",11,-17,23,40,28,122,94,-57,299,356,43
"18","1802",2015,"female","Foreign",221,215,373,158,6,29,23,-58,258,316,25
"18","1802",2016,"male","Austrian",57,2,34,32,55,163,108,-1,333,334,39
"18","1802",2016,"male","Foreign",68,43,227,184,25,66,41,4,363,359,21
"18","1802",2016,"female","Austrian",19,-6,18,24,25,149,124,68,430,362,42
"18","1802",2016,"female","Foreign",67,57,290,233,10,44,34,-11,299,310,22
"18","1802",2017,"male","Austrian",1,-1,31,32,2,102,100,-36,307,343,27
"18","1802",2017,"male","Foreign",117,87,242,155,30,55,25,-27,319,346,18
"18","1802",2017,"female","Austrian",34,9,27,18,25,121,96,-33,313,346,27
"18","1802",2017,"female","Foreign",128,114,313,199,14,45,31,-65,294,359,16
"18","1802",2018,"male","Austrian",24,-12,23,35,36,115,79,-66,279,345,54
"18","1802",2018,"male","Foreign",43,50,215,165,-7,34,41,-47,296,343,20
"18","1802",2018,"female","Austrian",27,-8,17,25,35,136,101,-65,302,367,48
"18","1802",2018,"female","Foreign",77,83,263,180,-6,33,39,-84,269,353,20
"18","1802",2019,"male","Austrian",-28,-7,30,37,-21,103,124,-49,283,332,41
"18","1802",2019,"male","Foreign",38,19,183,164,19,49,30,-34,305,339,16
"18","1802",2019,"female","Austrian",24,0,28,28,24,135,111,-53,337,390,41
"18","1802",2019,"female","Foreign",67,55,242,187,12,37,25,-98,269,367,23
"18","1802",2020,"male","Austrian",17,12,32,20,5,100,95,-26,252,278,50
"18","1802",2020,"male","Foreign",43,21,162,141,22,64,42,-98,243,341,29
"18","1802",2020,"female","Austrian",6,0,20,20,6,133,127,-41,323,364,53
"18","1802",2020,"female","Foreign",69,56,201,145,13,56,43,-95,213,308,28
"18","1802",2021,"male","Austrian",14,-5,16,21,19,111,92,-69,243,312,47
"18","1802",2021,"male","Foreign",24,27,162,135,-3,31,34,-59,239,298,18
"18","1802",2021,"female","Austrian",-12,-13,21,34,1,120,119,-56,299,355,58
"18","1802",2021,"female","Foreign",28,29,182,153,-1,33,34,-90,237,327,22
"18","1802",2022,"male","Austrian",-9,-6,34,40,-3,101,104,-79,230,309,31
"18","1802",2022,"male","Foreign",99,87,234,147,12,50,38,-79,252,331,18
"18","1802",2022,"female","Austrian",-29,-14,23,37,-15,133,148,-75,272,347,50
"18","1802",2022,"female","Foreign",171,178,338,160,-7,33,40,-76,290,366,23
"18","1802",2023,"male","Austrian",-16,1,30,29,-17,84,101,-51,278,329,43
"18","1802",2023,"male","Foreign",64,54,196,142,10,46,36,-37,304,341,26
"18","1802",2023,"female","Austrian",-19,-15,18,33,-4,125,129,-98,267,365,39
"18","1802",2023,"female","Foreign",108,89,255,166,19,40,21,-23,294,317,27
"18","1803",2007,"male","Austrian",18,-14,34,48,32,157,125,-50,354,404,31
"18","1803",2007,"male","Foreign",108,112,286,174,-4,31,35,-63,292,355,33
"18","1803",2007,"female","Austrian",26,-12,15,27,38,176,138,-76,350,426,35
"18","1803",2007,"female","Foreign",120,106,224,118,14,41,27,-61,279,340,38
"18","1803",2008,"male","Austrian",28,-4,43,47,32,144,112,-65,344,409,22
"18","1803",2008,"male","Foreign",164,153,321,168,11,43,32,-52,313,365,30
"18","1803",2008,"female","Austrian",10,-21,19,40,31,165,134,-89,406,495,47
"18","1803",2008,"female","Foreign",111,109,204,95,2,33,31,-52,281,333,31
"18","1803",2009,"male","Austrian",11,-19,42,61,30,136,106,-56,325,381,27
"18","1803",2009,"male","Foreign",73,66,311,245,7,37,30,-110,295,405,26
"18","1803",2009,"female","Austrian",67,-13,21,34,80,180,100,-53,377,430,38
"18","1803",2009,"female","Foreign",65,57,205,148,8,41,33,-100,270,370,21
"18","1803",2010,"male","Austrian",44,-14,50,64,58,157,99,-137,341,478,46
"18","1803",2010,"male","Foreign",-55,-72,228,300,17,47,30,-56,298,354,37
"18","1803",2010,"female","Austrian",6,-17,25,42,23,172,149,-26,360,386,56
"18","1803",2010,"female","Foreign",60,50,215,165,10,35,25,-26,307,333,24
"18","1803",2011,"male","Austrian",18,-10,40,50,28,158,130,-79,326,405,36
"18","1803",2011,"male","Foreign",92,88,293,205,4,38,34,-87,311,398,20
"18","1803",2011,"female","Austrian",24,4,32,28,20,180,160,-135,330,465,46
"18","1803",2011,"female","Foreign",115,95,261,166,20,50,30,-37,326,363,26
"18","1803",2012,"male","Austrian",36,-14,21,35,50,162,112,-74,342,416,38
"18","1803",2012,"male","Foreign",161,143,365,222,18,59,41,-50,358,408,28
"18","1803",2012,"female","Austrian",31,-8,27,35,39,175,136,-85,366,451,51
"18","1803",2012,"female","Foreign",150,143,303,160,7,42,35,-46,314,360,23
"18","1803",2013,"male","Austrian",10,-9,33,42,19,150,131,-96,322,418,20
"18","1803",2013,"male","Foreign",123,113,308,195,10,55,45,-111,317,428,34
"18","1803",2013,"female","Austrian",33,0,33,33,33,188,155,-79,362,441,41
"18","1803",2013,"female","Foreign",153,137,312,175,16,54,38,-74,311,385,33
"18","1803",2014,"male","Austrian",10,-8,32,40,18,132,114,-86,298,384,36
"18","1803",2014,"male","Foreign",253,221,428,207,32,72,40,-37,396,433,28
"18","1803",2014,"female","Austrian",27,-10,20,30,37,180,143,-51,377,428,33
"18","1803",2014,"female","Foreign",206,201,376,175,5,39,34,-74,319,393,36
"18","1803",2015,"male","Austrian",21,-6,25,31,27,149,122,-16,338,354,41
"18","1803",2015,"male","Foreign",257,216,437,221,41,105,64,29,495,466,34
"18","1803",2015,"female","Austrian",15,-4,24,28,19,157,138,-60,382,442,41
"18","1803",2015,"female","Foreign",211,206,399,193,5,54,49,-16,378,394,39
"18","1803",2016,"male","Austrian",17,-12,29,41,29,162,133,-53,353,406,34
"18","1803",2016,"male","Foreign",122,66,327,261,56,116,60,-89,546,635,27
"18","1803",2016,"female","Austrian",-9,-27,17,44,18,178,160,-64,398,462,35
"18","1803",2016,"female","Foreign",99,109,307,198,-10,49,59,-16,438,454,34
"18","1803",2017,"male","Austrian",6,-5,30,35,11,118,107,-25,316,341,25
"18","1803",2017,"male","Foreign",129,108,324,216,21,91,70,-31,545,576,39
"18","1803",2017,"female","Austrian",3,-10,15,25,13,131,118,-40,373,413,32
"18","1803",2017,"female","Foreign",150,134,303,169,16,63,47,-115,385,500,23
"18","1803",2018,"male","Austrian",-22,-10,30,40,-12,119,131,-50,296,346,37
"18","1803",2018,"male","Foreign",7,12,251,239,-5,57,62,-94,465,559,33
"18","1803",2018,"female","Austrian",6,-12,24,36,18,157,139,-8,399,407,37
"18","1803",2018,"female","Foreign",11,19,237,218,-8,38,46,-141,332,473,29
"18","1803",2019,"male","Austrian",21,-15,22,37,36,142,106,-32,335,367,27
"18","1803",2019,"male","Foreign",100,103,298,195,-3,73,76,-85,446,531,33
"18","1803",2019,"female","Austrian",-2,-21,19,40,19,153,134,-106,404,510,46
"18","1803",2019,"female","Foreign",104,106,293,187,-2,42,44,-92,366,458,34
"18","1803",2020,"male","Austrian",-7,1,32,31,-8,114,122,-47,333,380,17
"18","1803",2020,"male","Foreign",62,33,229,196,29,88,59,-138,379,517,30
"18","1803",2020,"female","Austrian",34,5,21,16,29,155,126,-59,383,442,25
"18","1803",2020,"female","Foreign",57,56,213,157,1,47,46,-101,311,412,43
"18","1803",2021,"male","Austrian",-32,-6,28,34,-26,98,124,-117,277,394,33
"18","1803",2021,"male","Foreign",91,42,224,182,49,109,60,-171,412,583,42
"18","1803",2021,"female","Austrian",-34,-6,18,24,-28,127,155,-122,345,467,41
"18","1803",2021,"female","Foreign",38,41,199,158,-3,49,52,-71,358,429,46
"18","1803",2022,"male","Austrian",-28,3,27,24,-31,95,126,-97,265,362,27
"18","1803",2022,"male","Foreign",173,138,326,188,35,115,80,-123,411,534,47
"18","1803",2022,"female","Austrian",0,-12,16,28,12,167,155,-114,313,427,43
"18","1803",2022,"female","Foreign",259,244,416,172,15,67,52,-63,413,476,34
"18","1803",2023,"male","Austrian",-25,-4,23,27,-21,106,127,-63,297,360,38
"18","1803",2023,"male","Foreign",119,43,236,193,76,132,56,-44,484,528,35
"18","1803",2023,"female","Austrian",-25,-5,17,22,-20,131,151,-59,353,412,45
"18","1803",2023,"female","Foreign",82,78,264,186,4,50,46,-51,373,424,39
"18","1804",2007,"male","Austrian",-30,1,21,20,-31,38,69,-1,194,195,25
"18","1804",2007,"male","Foreign",14,16,55,39,-2,9,11,16,62,46,5
"18","1804",2007,"female","Austrian",-20,4,13,9,-24,40,64,-14,190,204,27
"18","1804",2007,"female","Foreign",15,22,56,34,-7,5,12,22,74,52,7
"18","1804",2008,"male","Austrian",-20,-3,21,24,-17,39,56,-5,199,204,23
"18","1804",2008,"male","Foreign",15,16,66,50,-1,4,5,13,70,57,13
"18","1804",2008,"female","Austrian",-2,-10,9,19,8,69,61,0,205,205,24
"18","1804",2008,"female","Foreign",28,32,72,40,-4,3,7,-3,79,82,15
"18","1804",2009,"male","Austrian",-15,-7,15,22,-8,49,57,3,165,162,34
"18","1804",2009,"male","Foreign",21,16,71,55,5,14,9,-11,63,74,4
"18","1804",2009,"female","Austrian",0,-12,6,18,12,67,55,-8,193,201,32
"18","1804",2009,"female","Foreign",21,23,76,53,-2,10,12,24,81,57,4
"18","1804",2010,"male","Austrian",-23,-12,22,34,-11,52,63,17,210,193,21
"18","1804",2010,"male","Foreign",11,5,60,55,6,10,4,-1,77,78,7
"18","1804",2010,"female","Austrian",5,-2,12,14,7,72,65,-56,182,238,15
"18","1804",2010,"female","Foreign",22,21,71,50,1,9,8,20,92,72,4
"18","1804",2011,"male","Austrian",-13,-13,19,32,0,50,50,-2,192,194,38
"18","1804",2011,"male","Foreign",16,22,81,59,-6,4,10,-8,75,83,17
"18","1804",2011,"female","Austrian",-5,-3,14,17,-2,58,60,12,204,192,40
"18","1804",2011,"female","Foreign",48,53,100,47,-5,9,14,15,105,90,20
"18","1804",2012,"male","Austrian",-23,-4,18,22,-19,51,70,40,216,176,24
"18","1804",2012,"male","Foreign",33,32,76,44,1,12,11,12,91,79,11
"18","1804",2012,"female","Austrian",-10,-6,13,19,-4,62,66,1,216,215,22
"18","1804",2012,"female","Foreign",46,39,90,51,7,18,11,8,99,91,7
"18","1804",2013,"male","Austrian",-13,-10,20,30,-3,44,47,-40,166,206,34
"18","1804",2013,"male","Foreign",55,37,85,48,18,21,3,-11,79,90,5
"18","1804",2013,"female","Austrian",0,-5,17,22,5,57,52,-13,188,201,39
"18","1804",2013,"female","Foreign",33,19,72,53,14,20,6,-8,108,116,3
"18","1804",2014,"male","Austrian",-19,-12,18,30,-7,38,45,17,189,172,27
"18","1804",2014,"male","Foreign",51,45,96,51,6,15,9,11,121,110,5
"18","1804",2014,"female","Austrian",-4,-5,11,16,1,64,63,4,187,183,32
"18","1804",2014,"female","Foreign",56,51,108,57,5,14,9,9,118,109,8
"18","1804",2015,"male","Austrian",7,10,27,17,-3,52,55,26,207,181,36
"18","1804",2015,"male","Foreign",62,60,107,47,2,17,15,8,117,109,10
"18","1804",2015,"female","Austrian",-5,2,16,14,-7,61,68,7,203,196,37
"18","1804",2015,"female","Foreign",60,57,105,48,3,17,14,13,136,123,11
"18","1804",2016,"male","Austrian",23,0,20,20,23,85,62,-11,230,241,30
"18","1804",2016,"male","Foreign",47,41,116,75,6,18,12,24,162,138,19
"18","1804",2016,"female","Austrian",-34,-12,9,21,-22,64,86,17,235,218,31
"18","1804",2016,"female","Foreign",40,44,114,70,-4,8,12,13,139,126,17
"18","1804",2017,"male","Austrian",-49,-17,11,28,-32,36,68,30,200,170,34
"18","1804",2017,"male","Foreign",50,53,110,57,-3,24,27,-1,158,159,10
"18","1804",2017,"female","Austrian",-35,-11,12,23,-24,37,61,46,213,167,31
"18","1804",2017,"female","Foreign",53,61,113,52,-8,15,23,4,152,148,7
"18","1804",2018,"male","Austrian",-36,-6,14,20,-30,40,70,2,182,180,19
"18","1804",2018,"male","Foreign",20,22,85,63,-2,13,15,8,155,147,14
"18","1804",2018,"female","Austrian",-34,-2,16,18,-32,46,78,25,188,163,26
"18","1804",2018,"female","Foreign",18,19,96,77,-1,12,13,7,133,126,11
"18","1804",2019,"male","Austrian",-7,-2,14,16,-5,54,59,-3,188,191,35
"18","1804",2019,"male","Foreign",14,32,93,61,-18,15,33,-17,122,139,5
"18","1804",2019,"female","Austrian",-29,-7,11,18,-22,47,69,-3,209,212,38
"18","1804",2019,"female","Foreign",6,5,75,70,1,23,22,-19,131,150,11
"18","1804",2020,"male","Austrian",-23,-1,12,13,-22,51,73,-4,194,198,24
"18","1804",2020,"male","Foreign",19,32,89,57,-13,10,23,4,126,122,24
"18","1804",2020,"female","Austrian",-30,-5,8,13,-25,53,78,-45,175,220,31
"18","1804",2020,"female","Foreign",12,22,79,57,-10,12,22,4,130,126,17
"18","1804",2021,"male","Austrian",-32,-3,15,18,-29,36,65,7,199,192,31
"18","1804",2021,"male","Foreign",11,-2,64,66,13,29,16,30,131,101,20
"18","1804",2021,"female","Austrian",-45,7,10,3,-52,31,83,17,235,218,33
"18","1804",2021,"female","Foreign",3,10,60,50,-7,15,22,3,112,109,13
"18","1804",2022,"male","Austrian",-24,-15,13,28,-9,51,60,-14,186,200,24
"18","1804",2022,"male","Foreign",100,100,149,49,0,24,24,-14,156,170,14
"18","1804",2022,"female","Austrian",-17,-5,18,23,-12,53,65,-34,186,220,31
"18","1804",2022,"female","Foreign",134,140,208,68,-6,18,24,-12,170,182,14
"18","1804",2023,"male","Austrian",-36,-7,12,19,-29,39,68,-29,162,191,19
"18","1804",2023,"male","Foreign",24,22,105,83,2,31,29,8,154,146,18
"18","1804",2023,"female","Austrian",-43,-20,13,33,-23,43,66,-4,191,195,26
"18","1804",2023,"female","Foreign",43,36,107,71,7,26,19,20,144,124,19
"18","1805",2007,"male","Austrian",-25,-10,10,20,-15,45,60,-6,150,156,16
"18","1805",2007,"male","Foreign",26,21,63,42,5,7,2,-2,43,45,4
"18","1805",2007,"female","Austrian",-34,-16,13,29,-18,48,66,47,231,184,25
"18","1805",2007,"female","Foreign",27,19,74,55,8,14,6,-3,62,65,5
"18","1805",2008,"male","Austrian",-16,-3,16,19,-13,47,60,53,213,160,21
"18","1805",2008,"male","Foreign",13,18,68,50,-5,5,10,-9,57,66,8
"18","1805",2008,"female","Austrian",-16,-9,19,28,-7,53,60,90,291,201,27
"18","1805",2008,"female","Foreign",21,29,83,54,-8,4,12,4,79,75,11
"18","1805",2009,"male","Austrian",-7,-10,16,26,3,56,53,31,166,135,31
"18","1805",2009,"male","Foreign",9,10,72,62,-1,4,5,21,56,35,8
"18","1805",2009,"female","Austrian",-7,-8,12,20,1,63,62,54,241,187,27
"18","1805",2009,"female","Foreign",11,13,79,66,-2,3,5,-1,49,50,5
"18","1805",2010,"male","Austrian",-15,-8,18,26,-7,40,47,44,202,158,19
"18","1805",2010,"male","Foreign",6,3,61,58,3,6,3,-12,40,52,0
"18","1805",2010,"female","Austrian",-42,-28,11,39,-14,44,58,43,222,179,41
"18","1805",2010,"female","Foreign",3,-6,83,89,9,12,3,-6,51,57,1
"18","1805",2011,"male","Austrian",-28,4,13,9,-32,33,65,27,156,129,21
"18","1805",2011,"male","Foreign",42,43,101,58,-1,4,5,9,73,64,11
"18","1805",2011,"female","Austrian",7,1,12,11,6,67,61,60,227,167,30
"18","1805",2011,"female","Foreign",28,26,105,79,2,12,10,12,85,73,10
"18","1805",2012,"male","Austrian",-18,-4,9,13,-14,47,61,16,177,161,24
"18","1805",2012,"male","Foreign",15,15,95,80,0,11,11,12,75,63,12
"18","1805",2012,"female","Austrian",6,-2,10,12,8,64,56,61,249,188,34
"18","1805",2012,"female","Foreign",23,24,86,62,-1,12,13,4,84,80,18
"18","1805",2013,"male","Austrian",-33,-17,13,30,-16,43,59,41,185,144,28
"18","1805",2013,"male","Foreign",15,17,91,74,-2,9,11,43,92,49,4
"18","1805",2013,"female","Austrian",-14,-8,8,16,-6,51,57,48,225,177,47
"18","1805",2013,"female","Foreign",28,18,98,80,10,22,12,31,102,71,4
"18","1805",2014,"male","Austrian",21,-7,18,25,28,76,48,13,173,160,20
"18","1805",2014,"male","Foreign",52,52,136,84,0,9,9,-5,70,75,20
"18","1805",2014,"female","Austrian",-11,-5,8,13,-6,47,53,3,193,190,27
"18","1805",2014,"female","Foreign",85,71,144,73,14,21,7,22,94,72,16
"18","1805",2015,"male","Austrian",15,-2,13,15,17,75,58,1,158,157,28
"18","1805",2015,"male","Foreign",69,64,130,66,5,12,7,18,105,87,12
"18","1805",2015,"female","Austrian",-18,-12,14,26,-6,52,58,57,251,194,42
"18","1805",2015,"female","Foreign",106,99,160,61,7,17,10,-23,106,129,11
"18","1805",2016,"male","Austrian",5,-8,19,27,13,70,57,91,261,170,44
"18","1805",2016,"male","Foreign",52,41,121,80,11,24,13,6,147,141,21
"18","1805",2016,"female","Austrian",-15,-11,11,22,-4,61,65,60,272,212,57
"18","1805",2016,"female","Foreign",38,32,110,78,6,27,21,19,136,117,21
"18","1805",2017,"male","Austrian",-19,-3,14,17,-16,53,69,-18,183,201,37
"18","1805",2017,"male","Foreign",34,42,123,81,-8,11,19,13,151,138,11
"18","1805",2017,"female","Austrian",-19,0,15,15,-19,45,64,40,250,210,45
"18","1805",2017,"female","Foreign",39,48,141,93,-9,15,24,-19,129,148,18
"18","1805",2018,"male","Austrian",-6,8,20,12,-14,50,64,51,192,141,35
"18","1805",2018,"male","Foreign",13,10,103,93,3,25,22,-15,136,151,17
"18","1805",2018,"female","Austrian",7,10,22,12,-3,60,63,58,248,190,41
"18","1805",2018,"female","Foreign",24,19,108,89,5,26,21,13,164,151,19
"18","1805",2019,"male","Austrian",-8,-11,19,30,3,52,49,29,209,180,17
"18","1805",2019,"male","Foreign",33,44,119,75,-11,21,32,11,130,119,18
"18","1805",2019,"female","Austrian",-7,-8,14,22,1,50,49,13,237,224,18
"18","1805",2019,"female","Foreign",63,67,161,94,-4,28,32,-5,133,138,23
"18","1805",2020,"male","Austrian",-20,-8,13,21,-12,40,52,48,172,124,23
"18","1805",2020,"male","Foreign",19,19,105,86,0,14,14,1,152,151,9
"18","1805",2020,"female","Austrian",-11,12,20,8,-23,40,63,76,247,171,28
"18","1805",2020,"female","Foreign",11,23,100,77,-12,12,24,7,137,130,11
"18","1805",2021,"male","Austrian",-24,3,16,13,-27,50,77,52,212,160,32
"18","1805",2021,"male","Foreign",54,58,136,78,-4,16,20,-4,147,151,11
"18","1805",2021,"female","Austrian",-28,-4,16,20,-24,60,84,115,288,173,43
"18","1805",2021,"female","Foreign",52,48,144,96,4,26,22,2,156,154,12
"18","1805",2022,"male","Austrian",-23,2,15,13,-25,42,67,69,229,160,36
"18","1805",2022,"male","Foreign",163,167,239,72,-4,23,27,-15,149,164,16
"18","1805",2022,"female","Austrian",-33,-10,18,28,-23,49,72,90,285,195,37
"18","1805",2022,"female","Foreign",259,263,355,92,-4,21,25,-10,189,199,22
"18","1805",2023,"male","Austrian",-29,-5,12,17,-24,45,69,18,197,179,25
"18","1805",2023,"male","Foreign",58,62,170,108,-4,24,28,-29,171,200,8
"18","1805",2023,"female","Austrian",-37,-5,11,16,-32,43,75,-8,228,236,52
"18","1805",2023,"female","Foreign",36,30,158,128,6,19,13,-11,182,193,13
"18","1899",2007,"male","Austrian",-14,-4,0,4,-10,0,10,-32,5,37,0
"18","1899",2007,"male","Foreign",-10,-8,3,11,-2,0,2,-20,0,20,0
"18","1899",2007,"female","Austrian",-13,-3,0,3,-10,0,10,-37,9,46,2
"18","1899",2007,"female","Foreign",-6,-2,3,5,-4,0,4,-18,1,19,0
"18","1899",2008,"male","Austrian",-2,1,1,0,-3,0,3,-3,6,9,1
"18","1899",2008,"male","Foreign",-2,-2,0,2,0,0,0,0,4,4,0
"18","1899",2008,"female","Austrian",-3,0,0,0,-3,0,3,4,8,4,0
"18","1899",2008,"female","Foreign",2,2,3,1,0,0,0,-1,1,2,0
"18","1899",2009,"male","Austrian",-1,0,0,0,-1,0,1,-2,6,8,0
"18","1899",2009,"male","Foreign",0,0,1,1,0,0,0,-4,0,4,0
"18","1899",2009,"female","Austrian",-1,0,0,0,-1,0,1,3,7,4,0
"18","1899",2009,"female","Foreign",-2,-2,2,4,0,0,0,1,1,0,0
"18","1899",2010,"male","Austrian",0,0,0,0,0,0,0,-3,1,4,0
"18","1899",2010,"male","Foreign",-2,-2,0,2,0,0,0,-2,2,4,0
"18","1899",2010,"female","Austrian",-2,-1,0,1,-1,0,1,-5,0,5,0
"18","1899",2010,"female","Foreign",0,0,0,0,0,0,0,-2,2,4,0
"18","1899",2011,"male","Austrian",-3,-1,0,1,-2,0,2,0,2,2,0
"18","1899",2011,"male","Foreign",0,0,0,0,0,0,0,0,1,1,0
"18","1899",2011,"female","Austrian",0,0,0,0,0,0,0,-3,0,3,0
"18","1899",2011,"female","Foreign",0,-1,1,2,1,1,0,0,1,1,0
"18","1899",2012,"male","Austrian",-1,-1,0,1,0,0,0,-2,0,2,0
"18","1899",2012,"male","Foreign",1,0,1,1,1,1,0,1,1,0,0
"18","1899",2012,"female","Austrian",0,0,0,0,0,1,1,-3,0,3,0
"18","1899",2012,"female","Foreign",0,0,0,0,0,0,0,0,0,0,0
"18","1899",2013,"male","Austrian",-4,-1,0,1,-3,0,3,-24,4,28,0
"18","1899",2013,"male","Foreign",-9,-9,3,12,0,1,1,-10,2,12,0
"18","1899",2013,"female","Austrian",-5,-3,0,3,-2,0,2,-23,1,24,0
"18","1899",2013,"female","Foreign",-15,-15,1,16,0,0,0,-6,3,9,0
"18","1899",2014,"male","Austrian",-1,-1,0,1,0,1,1,1,7,6,1
"18","1899",2014,"male","Foreign",-1,-1,0,1,0,0,0,1,2,1,0
"18","1899",2014,"female","Austrian",-3,-1,0,1,-2,1,3,5,9,4,0
"18","1899",2014,"female","Foreign",2,1,3,2,1,1,0,1,3,2,0
"18","1899",2015,"male","Austrian",-1,0,0,0,-1,0,1,-5,1,6,0
"18","1899",2015,"male","Foreign",1,1,1,0,0,0,0,0,1,1,0
"18","1899",2015,"female","Austrian",0,0,0,0,0,0,0,-3,1,4,0
"18","1899",2015,"female","Foreign",-1,-1,0,1,0,0,0,0,0,0,0
"18","1899",2016,"male","Austrian",-1,-1,0,1,0,0,0,2,2,0,0
"18","1899",2016,"male","Foreign",-1,-1,1,2,0,0,0,-2,0,2,0
"18","1899",2016,"female","Austrian",0,0,0,0,0,0,0,1,3,2,0
"18","1899",2016,"female","Foreign",-1,-1,0,1,0,0,0,-1,0,1,0
"18","1899",2017,"male","Austrian",0,0,0,0,0,0,0,-1,2,3,0
"18","1899",2017,"male","Foreign",-1,-1,0,1,0,0,0,-2,0,2,0
"18","1899",2017,"female","Austrian",2,0,0,0,2,2,0,-2,2,4,0
"18","1899",2017,"female","Foreign",1,1,1,0,0,0,0,-1,0,1,0
"18","1899",2018,"male","Austrian",-1,-1,0,1,0,0,0,-3,0,3,0
"18","1899",2018,"male","Foreign",-1,0,1,1,-1,0,1,0,2,2,0
"18","1899",2018,"female","Austrian",-1,0,0,0,-1,0,1,0,1,1,0
"18","1899",2018,"female","Foreign",0,0,1,1,0,0,0,-3,0,3,0
"18","1899",2019,"male","Austrian",1,0,0,0,1,1,0,1,1,0,0
"18","1899",2019,"male","Foreign",1,1,1,0,0,0,0,0,0,0,0
"18","1899",2019,"female","Austrian",0,0,0,0,0,0,0,0,0,0,0
"18","1899",2019,"female","Foreign",1,0,0,0,1,1,0,0,0,0,0
"18","1899",2020,"male","Austrian",0,0,0,0,0,0,0,4,4,0,0
"18","1899",2020,"male","Foreign",0,0,0,0,0,0,0,2,2,0,0
"18","1899",2020,"female","Austrian",0,0,0,0,0,0,0,1,1,0,0
"18","1899",2020,"female","Foreign",0,0,0,0,0,0,0,0,0,0,0
"18","1899",2021,"male","Austrian",0,0,0,0,0,0,0,0,1,1,0
"18","1899",2021,"male","Foreign",0,0,0,0,0,0,0,1,1,0,0
"18","1899",2021,"female","Austrian",0,0,0,0,0,0,0,0,0,0,0
"18","1899",2021,"female","Foreign",0,0,0,0,0,0,0,0,0,0,0
"18","1899",2022,"male","Austrian",0,0,0,0,0,0,0,1,2,1,0
"18","1899",2022,"male","Foreign",0,0,1,1,0,0,0,0,0,0,0
"18","1899",2022,"female","Austrian",0,0,0,0,0,0,0,0,2,2,0
"18","1899",2022,"female","Foreign",0,0,0,0,0,0,0,0,0,0,0
"18","1899",2023,"male","Austrian",0,0,0,0,0,0,0,1,1,0,0
"18","1899",2023,"male","Foreign",0,0,0,0,0,0,0,1,1,0,0
"18","1899",2023,"female","Austrian",0,0,0,0,0,0,0,3,3,0,0
"18","1899",2023,"female","Foreign",1,1,1,0,0,0,0,0,0,0,0
"19","1901",2007,"male","Austrian",-4,5,13,8,-9,26,35,33,119,86,20
"19","1901",2007,"male","Foreign",24,23,55,32,1,6,5,19,59,40,6
"19","1901",2007,"female","Austrian",5,7,16,9,-2,39,41,70,180,110,16
"19","1901",2007,"female","Foreign",48,46,67,21,2,8,6,2,54,52,6
"19","1901",2008,"male","Austrian",-30,-10,15,25,-20,24,44,28,127,99,31
"19","1901",2008,"male","Foreign",-19,-16,37,53,-3,5,8,-8,43,51,1
"19","1901",2008,"female","Austrian",-20,-6,8,14,-14,30,44,32,146,114,21
"19","1901",2008,"female","Foreign",-7,0,46,46,-7,6,13,-11,39,50,1
"19","1901",2009,"male","Austrian",3,-4,12,16,7,38,31,33,110,77,17
"19","1901",2009,"male","Foreign",-6,-9,32,41,3,6,3,2,43,41,6
"19","1901",2009,"female","Austrian",-11,-6,8,14,-5,32,37,20,135,115,14
"19","1901",2009,"female","Foreign",4,5,42,37,-1,3,4,-14,35,49,6
"19","1901",2010,"male","Austrian",-2,-8,15,23,6,40,34,0,111,111,11
"19","1901",2010,"male","Foreign",6,10,41,31,-4,5,9,3,40,37,3
"19","1901",2010,"female","Austrian",-28,-9,10,19,-19,27,46,5,120,115,6
"19","1901",2010,"female","Foreign",8,15,49,34,-7,6,13,24,48,24,2
"19","1901",2011,"male","Austrian",-18,-6,9,15,-12,35,47,52,143,91,16
"19","1901",2011,"male","Foreign",6,4,54,50,2,10,8,8,56,48,0
"19","1901",2011,"female","Austrian",-22,-12,10,22,-10,41,51,27,164,137,24
"19","1901",2011,"female","Foreign",21,21,66,45,0,12,12,24,64,40,1
"19","1901",2012,"male","Austrian",-31,-10,7,17,-21,29,50,25,134,109,17
"19","1901",2012,"male","Foreign",28,25,77,52,3,9,6,-3,53,56,7
"19","1901",2012,"female","Austrian",-19,-1,7,8,-18,27,45,16,129,113,15
"19","1901",2012,"female","Foreign",29,24,62,38,5,13,8,14,67,53,3
"19","1901",2013,"male","Austrian",-1,6,19,13,-7,27,34,22,111,89,19
"19","1901",2013,"male","Foreign",25,26,69,43,-1,3,4,2,50,48,4
"19","1901",2013,"female","Austrian",-10,-8,8,16,-2,43,45,40,134,94,23
"19","1901",2013,"female","Foreign",36,35,67,32,1,6,5,-3,54,57,4
"19","1901",2014,"male","Austrian",-14,-7,13,20,-7,28,35,26,135,109,13
"19","1901",2014,"male","Foreign",22,16,47,31,6,10,4,13,65,52,3
"19","1901",2014,"female","Austrian",-6,5,15,10,-11,23,34,32,143,111,19
"19","1901",2014,"female","Foreign",11,18,54,36,-7,5,12,0,60,60,4
"19","1901",2015,"male","Austrian",7,-2,15,17,9,37,28,1,111,110,13
"19","1901",2015,"male","Foreign",26,21,82,61,5,15,10,17,82,65,9
"19","1901",2015,"female","Austrian",20,7,13,6,13,44,31,5,132,127,30
"19","1901",2015,"female","Foreign",17,18,65,47,-1,12,13,19,66,47,2
"19","1901",2016,"male","Austrian",-35,-10,11,21,-25,19,44,16,118,102,17
"19","1901",2016,"male","Foreign",8,8,62,54,0,10,10,19,93,74,7
"19","1901",2016,"female","Austrian",-34,-5,9,14,-29,20,49,-5,117,122,18
"19","1901",2016,"female","Foreign",26,35,76,41,-9,10,19,31,105,74,9
"19","1901",2017,"male","Austrian",-4,-3,11,14,-1,31,32,34,154,120,23
"19","1901",2017,"male","Foreign",25,15,53,38,10,17,7,1,89,88,6
"19","1901",2017,"female","Austrian",-14,-1,8,9,-13,28,41,85,183,98,24
"19","1901",2017,"female","Foreign",13,8,50,42,5,14,9,19,111,92,11
"19","1901",2018,"male","Austrian",1,10,22,12,-9,34,43,63,159,96,19
"19","1901",2018,"male","Foreign",29,31,66,35,-2,12,14,31,116,85,6
"19","1901",2018,"female","Austrian",-11,2,11,9,-13,34,47,17,131,114,19
"19","1901",2018,"female","Foreign",41,34,69,35,7,20,13,57,134,77,6
"19","1901",2019,"male","Austrian",0,6,17,11,-6,39,45,12,117,105,23
"19","1901",2019,"male","Foreign",-4,-2,53,55,-2,14,16,6,77,71,7
"19","1901",2019,"female","Austrian",17,3,10,7,14,66,52,27,137,110,17
"19","1901",2019,"female","Foreign",-3,6,53,47,-9,8,17,1,84,83,8
"19","1901",2020,"male","Austrian",-32,-5,6,11,-27,30,57,34,123,89,11
"19","1901",2020,"male","Foreign",10,11,45,34,-1,7,8,-4,65,69,7
"19","1901",2020,"female","Austrian",-4,2,10,8,-6,44,50,40,152,112,13
"19","1901",2020,"female","Foreign",19,18,49,31,1,14,13,-16,77,93,8
"19","1901",2021,"male","Austrian",-39,1,10,9,-40,28,68,3,110,107,20
"19","1901",2021,"male","Foreign",1,8,48,40,-7,14,21,-16,70,86,12
"19","1901",2021,"female","Austrian",-35,2,6,4,-37,29,66,14,128,114,14
"19","1901",2021,"female","Foreign",5,13,53,40,-8,16,24,-20,72,92,9
"19","1901",2022,"male","Austrian",-27,-4,13,17,-23,41,64,21,141,120,17
"19","1901",2022,"male","Foreign",71,73,116,43,-2,15,17,-1,83,84,15
"19","1901",2022,"female","Austrian",-28,-4,13,17,-24,40,64,8,129,121,24
"19","1901",2022,"female","Foreign",84,93,139,46,-9,13,22,9,89,80,10
"19","1901",2023,"male","Austrian",1,-2,10,12,3,36,33,48,142,94,21
"19","1901",2023,"male","Foreign",3,10,62,52,-7,13,20,46,126,80,10
"19","1901",2023,"female","Austrian",-9,-4,4,8,-5,40,45,32,143,111,38
"19","1901",2023,"female","Foreign",12,19,68,49,-7,17,24,91,163,72,11
"19","1902",2007,"male","Austrian",-39,-14,16,30,-25,42,67,-9,214,223,23
"19","1902",2007,"male","Foreign",41,36,85,49,5,11,6,-13,112,125,8
"19","1902",2007,"female","Austrian",-21,-5,8,13,-16,44,60,-12,211,223,25
"19","1902",2007,"female","Foreign",18,15,63,48,3,14,11,-2,104,106,11
"19","1902",2008,"male","Austrian",-23,-1,24,25,-22,50,72,8,198,190,33
"19","1902",2008,"male","Foreign",22,24,83,59,-2,6,8,34,127,93,9
"19","1902",2008,"female","Austrian",-53,-21,6,27,-32,38,70,-39,206,245,20
"19","1902",2008,"female","Foreign",41,37,88,51,4,8,4,27,114,87,11
"19","1902",2009,"male","Austrian",-6,-9,22,31,3,54,51,-27,185,212,26
"19","1902",2009,"male","Foreign",26,15,73,58,11,16,5,-26,99,125,4
"19","1902",2009,"female","Austrian",2,-12,8,20,14,66,52,5,204,199,23
"19","1902",2009,"female","Foreign",9,6,64,58,3,9,6,3,104,101,2
"19","1902",2010,"male","Austrian",-4,-9,16,25,5,67,62,-20,202,222,31
"19","1902",2010,"male","Foreign",17,14,71,57,3,10,7,-4,97,101,4
"19","1902",2010,"female","Austrian",-12,-18,5,23,6,71,65,1,195,194,37
"19","1902",2010,"female","Foreign",28,24,68,44,4,12,8,5,101,96,6
"19","1902",2011,"male","Austrian",-8,-4,23,27,-4,60,64,13,195,182,31
"19","1902",2011,"male","Foreign",19,14,79,65,5,12,7,26,137,111,7
"19","1902",2011,"female","Austrian",-12,-12,3,15,0,62,62,-1,218,219,35
"19","1902",2011,"female","Foreign",25,16,66,50,9,12,3,44,144,100,11
"19","1902",2012,"male","Austrian",-35,-12,12,24,-23,47,70,-39,197,236,20
"19","1902",2012,"male","Foreign",57,54,116,62,3,17,14,33,139,106,5
"19","1902",2012,"female","Austrian",-25,-10,7,17,-15,57,72,23,238,215,25
"19","1902",2012,"female","Foreign",48,51,95,44,-3,12,15,0,124,124,7
"19","1902",2013,"male","Austrian",-35,-13,15,28,-22,44,66,-8,184,192,26
"19","1902",2013,"male","Foreign",64,59,138,79,5,24,19,-16,154,170,20
"19","1902",2013,"female","Austrian",9,-3,10,13,12,70,58,8,212,204,23
"19","1902",2013,"female","Foreign",47,43,94,51,4,22,18,19,129,110,18
"19","1902",2014,"male","Austrian",11,11,20,9,0,56,56,-15,183,198,19
"19","1902",2014,"male","Foreign",69,43,121,78,26,41,15,59,201,142,16
"19","1902",2014,"female","Austrian",-39,-6,9,15,-33,44,77,-57,160,217,22
"19","1902",2014,"female","Foreign",78,63,123,60,15,24,9,42,170,128,6
"19","1902",2015,"male","Austrian",-10,0,21,21,-10,43,53,-22,207,229,33
"19","1902",2015,"male","Foreign",243,221,290,69,22,43,21,-44,199,243,13
"19","1902",2015,"female","Austrian",-12,-2,9,11,-10,41,51,-3,206,209,28
"19","1902",2015,"female","Foreign",138,140,207,67,-2,17,19,24,180,156,10
"19","1902",2016,"male","Austrian",-21,-8,14,22,-13,47,60,-36,160,196,13
"19","1902",2016,"male","Foreign",75,51,130,79,24,49,25,-66,191,257,17
"19","1902",2016,"female","Austrian",-47,-16,5,21,-31,47,78,-14,154,168,20
"19","1902",2016,"female","Foreign",48,62,118,56,-14,15,29,-43,151,194,14
"19","1902",2017,"male","Austrian",-15,-8,7,15,-7,59,66,-7,180,187,21
"19","1902",2017,"male","Foreign",14,18,109,91,-4,37,41,28,275,247,13
"19","1902",2017,"female","Austrian",-25,0,17,17,-25,49,74,15,212,197,22
"19","1902",2017,"female","Foreign",42,40,113,73,2,32,30,32,250,218,8
"19","1902",2018,"male","Austrian",-45,-15,9,24,-30,38,68,24,210,186,15
"19","1902",2018,"male","Foreign",29,19,90,71,10,35,25,47,322,275,16
"19","1902",2018,"female","Austrian",-41,-15,5,20,-26,46,72,39,234,195,11
"19","1902",2018,"female","Foreign",15,11,81,70,4,27,23,34,231,197,17
"19","1902",2019,"male","Austrian",-9,-17,8,25,8,74,66,19,226,207,15
"19","1902",2019,"male","Foreign",17,6,95,89,11,37,26,44,286,242,17
"19","1902",2019,"female","Austrian",-3,1,14,13,-4,53,57,16,233,217,20
"19","1902",2019,"female","Foreign",24,24,82,58,0,20,20,25,224,199,17
"19","1902",2020,"male","Austrian",-6,5,20,15,-11,43,54,-37,164,201,12
"19","1902",2020,"male","Foreign",9,2,84,82,7,31,24,-4,251,255,11
"19","1902",2020,"female","Austrian",-27,-4,4,8,-23,35,58,-26,196,222,16
"19","1902",2020,"female","Foreign",16,14,58,44,2,26,24,-13,174,187,9
"19","1902",2021,"male","Austrian",-19,-6,11,17,-13,42,55,-37,152,189,21
"19","1902",2021,"male","Foreign",30,16,77,61,14,47,33,15,237,222,17
"19","1902",2021,"female","Austrian",-12,1,14,13,-13,44,57,7,206,199,25
"19","1902",2021,"female","Foreign",48,38,75,37,10,35,25,-5,183,188,18
"19","1902",2022,"male","Austrian",-19,-5,9,14,-14,36,50,-26,173,199,11
"19","1902",2022,"male","Foreign",131,101,169,68,30,61,31,-11,273,284,12
"19","1902",2022,"female","Austrian",-5,0,12,12,-5,39,44,19,193,174,16
"19","1902",2022,"female","Foreign",178,146,197,51,32,57,25,-29,225,254,14
"19","1902",2023,"male","Austrian",-58,-11,9,20,-47,33,80,-35,170,205,10
"19","1902",2023,"male","Foreign",50,12,103,91,38,71,33,25,280,255,12
"19","1902",2023,"female","Austrian",-49,-21,4,25,-28,44,72,24,213,189,25
"19","1902",2023,"female","Foreign",53,38,106,68,15,51,36,-35,229,264,5
"19","1903",2007,"male","Austrian",3,-1,0,1,4,6,2,-9,6,15,0
"19","1903",2007,"male","Foreign",13,13,15,2,0,0,0,1,5,4,0
"19","1903",2007,"female","Austrian",-1,-1,0,1,0,7,7,-1,7,8,1
"19","1903",2007,"female","Foreign",1,1,3,2,0,0,0,6,9,3,0
"19","1903",2008,"male","Austrian",0,-2,0,2,2,3,1,-1,9,10,1
"19","1903",2008,"male","Foreign",-1,-1,3,4,0,0,0,3,13,10,0
"19","1903",2008,"female","Austrian",-5,-2,0,2,-3,5,8,-2,6,8,1
"19","1903",2008,"female","Foreign",7,8,9,1,-1,0,1,-6,0,6,1
"19","1903",2009,"male","Austrian",1,-2,0,2,3,5,2,-4,3,7,0
"19","1903",2009,"male","Foreign",-2,-2,8,10,0,1,1,-5,6,11,1
"19","1903",2009,"female","Austrian",-2,-2,0,2,0,6,6,2,11,9,1
"19","1903",2009,"female","Foreign",11,11,13,2,0,1,1,-5,4,9,0
"19","1903",2010,"male","Austrian",4,1,1,0,3,5,2,-2,3,5,1
"19","1903",2010,"male","Foreign",9,9,10,1,0,0,0,-5,7,12,0
"19","1903",2010,"female","Austrian",1,1,1,0,0,3,3,-7,1,8,1
"19","1903",2010,"female","Foreign",5,3,7,4,2,2,0,-2,4,6,0
"19","1903",2011,"male","Austrian",0,1,1,0,-1,2,3,-3,2,5,0
"19","1903",2011,"male","Foreign",2,3,5,2,-1,0,1,-1,7,8,0
"19","1903",2011,"female","Austrian",0,0,0,0,0,5,5,2,9,7,0
"19","1903",2011,"female","Foreign",3,2,4,2,1,2,1,-2,1,3,1
"19","1903",2012,"male","Austrian",-5,-1,0,1,-4,1,5,-6,3,9,0
"19","1903",2012,"male","Foreign",1,1,5,4,0,1,1,4,13,9,0
"19","1903",2012,"female","Austrian",0,-1,0,1,1,4,3,1,7,6,0
"19","1903",2012,"female","Foreign",2,2,7,5,0,1,1,-8,3,11,0
"19","1903",2013,"male","Austrian",0,0,1,1,0,2,2,-3,3,6,0
"19","1903",2013,"male","Foreign",10,9,12,3,1,1,0,3,16,13,0
"19","1903",2013,"female","Austrian",4,0,0,0,4,4,0,-7,5,12,0
"19","1903",2013,"female","Foreign",3,1,7,6,2,2,0,2,8,6,0
"19","1903",2014,"male","Austrian",-1,-1,0,1,0,2,2,-1,3,4,0
"19","1903",2014,"male","Foreign",-3,-5,1,6,2,4,2,-2,11,13,0
"19","1903",2014,"female","Austrian",-7,-1,0,1,-6,2,8,4,7,3,0
"19","1903",2014,"female","Foreign",4,5,7,2,-1,1,2,3,13,10,0
"19","1903",2015,"male","Austrian",28,0,1,1,28,31,3,15,20,5,0
"19","1903",2015,"male","Foreign",48,44,47,3,4,5,1,98,116,18,3
"19","1903",2015,"female","Austrian",33,1,1,0,32,35,3,14,16,2,1
"19","1903",2015,"female","Foreign",46,40,44,4,6,7,1,84,97,13,4
"19","1903",2016,"male","Austrian",13,3,4,1,10,16,6,-3,12,15,0
"19","1903",2016,"male","Foreign",10,0,23,23,10,14,4,168,231,63,2
"19","1903",2016,"female","Austrian",4,2,2,0,2,23,21,-12,9,21,1
"19","1903",2016,"female","Foreign",1,5,28,23,-4,2,6,5,44,39,2
"19","1903",2017,"male","Austrian",10,1,2,1,9,14,5,-9,15,24,1
"19","1903",2017,"male","Foreign",-35,-37,16,53,2,10,8,33,112,79,1
"19","1903",2017,"female","Austrian",8,1,1,0,7,13,6,-9,13,22,1
"19","1903",2017,"female","Foreign",2,4,25,21,-2,3,5,0,31,31,0
"19","1903",2018,"male","Austrian",1,0,2,2,1,11,10,-11,8,19,0
"19","1903",2018,"male","Foreign",-13,-13,22,35,0,6,6,-145,57,202,0
"19","1903",2018,"female","Austrian",6,-1,1,2,7,14,7,0,12,12,2
"19","1903",2018,"female","Foreign",12,11,24,13,1,3,2,-4,42,46,2
"19","1903",2019,"male","Austrian",8,2,2,0,6,11,5,-6,15,21,0
"19","1903",2019,"male","Foreign",22,22,37,15,0,6,6,12,73,61,0
"19","1903",2019,"female","Austrian",12,1,1,0,11,12,1,-4,22,26,0
"19","1903",2019,"female","Foreign",16,19,42,23,-3,2,5,-2,60,62,1
"19","1903",2020,"male","Austrian",7,1,1,0,6,11,5,-7,13,20,1
"19","1903",2020,"male","Foreign",0,4,47,43,-4,3,7,-4,78,82,0
"19","1903",2020,"female","Austrian",1,-1,1,2,2,9,7,-10,14,24,2
"19","1903",2020,"female","Foreign",36,30,64,34,6,9,3,0,66,66,0
"19","1903",2021,"male","Austrian",4,1,1,0,3,12,9,-7,11,18,0
"19","1903",2021,"male","Foreign",40,38,72,34,2,6,4,-9,77,86,1
"19","1903",2021,"female","Austrian",7,0,1,1,7,13,6,-11,8,19,0
"19","1903",2021,"female","Foreign",39,33,95,62,6,11,5,-11,75,86,2
"19","1903",2022,"male","Austrian",3,1,2,1,2,11,9,-6,16,22,0
"19","1903",2022,"male","Foreign",69,67,124,57,2,10,8,7,115,108,8
"19","1903",2022,"female","Austrian",-2,-1,0,1,-1,8,9,-13,8,21,1
"19","1903",2022,"female","Foreign",116,123,173,50,-7,6,13,-36,86,122,4
"19","1903",2023,"male","Austrian",5,6,8,2,-1,9,10,-16,18,34,0
"19","1903",2023,"male","Foreign",8,7,93,86,1,11,10,-41,92,133,2
"19","1903",2023,"female","Austrian",3,8,8,0,-5,7,12,-11,19,30,1
"19","1903",2023,"female","Foreign",1,-7,88,95,8,14,6,-42,76,118,2
"19","1904",2007,"male","Austrian",19,-3,30,33,22,101,79,-32,307,339,34
"19","1904",2007,"male","Foreign",55,50,157,107,5,21,16,-46,171,217,12
"19","1904",2007,"female","Austrian",-21,-19,19,38,-2,110,112,1,325,324,40
"19","1904",2007,"female","Foreign",96,90,168,78,6,28,22,-22,155,177,8
"19","1904",2008,"male","Austrian",2,-7,41,48,9,88,79,28,374,346,35
"19","1904",2008,"male","Foreign",27,29,131,102,-2,18,20,16,201,185,17
"19","1904",2008,"female","Austrian",0,-9,19,28,9,105,96,51,368,317,33
"19","1904",2008,"female","Foreign",93,93,174,81,0,29,29,-86,181,267,18
"19","1904",2009,"male","Austrian",-8,-12,38,50,4,87,83,-5,333,338,35
"19","1904",2009,"male","Foreign",54,48,150,102,6,25,19,-14,157,171,12
"19","1904",2009,"female","Austrian",2,-6,27,33,8,104,96,15,311,296,38
"19","1904",2009,"female","Foreign",17,20,149,129,-3,23,26,-52,157,209,13
"19","1904",2010,"male","Austrian",2,-8,38,46,10,96,86,-12,362,374,38
"19","1904",2010,"male","Foreign",48,43,160,117,5,29,24,27,213,186,14
"19","1904",2010,"female","Austrian",27,3,24,21,24,132,108,-54,345,399,53
"19","1904",2010,"female","Foreign",50,34,135,101,16,27,11,-30,155,185,15
"19","1904",2011,"male","Austrian",32,-11,31,42,43,115,72,-9,345,354,28
"19","1904",2011,"male","Foreign",47,43,162,119,4,24,20,-38,185,223,18
"19","1904",2011,"female","Austrian",1,-16,16,32,17,117,100,-15,305,320,42
"19","1904",2011,"female","Foreign",72,58,172,114,14,31,17,-29,183,212,14
"19","1904",2012,"male","Austrian",2,-3,33,36,5,104,99,9,399,390,51
"19","1904",2012,"male","Foreign",124,95,214,119,29,43,14,-18,244,262,17
"19","1904",2012,"female","Austrian",9,-8,14,22,17,142,125,-28,349,377,52
"19","1904",2012,"female","Foreign",144,138,231,93,6,31,25,-18,192,210,16
"19","1904",2013,"male","Austrian",21,-9,31,40,30,106,76,5,357,352,32
"19","1904",2013,"male","Foreign",135,125,286,161,10,39,29,7,288,281,15
"19","1904",2013,"female","Austrian",-10,-7,19,26,-3,122,125,14,336,322,39
"19","1904",2013,"female","Foreign",106,101,256,155,5,26,21,17,262,245,16
"19","1904",2014,"male","Austrian",1,9,39,30,-8,86,94,-4,345,349,36
"19","1904",2014,"male","Foreign",131,121,296,175,10,50,40,-54,240,294,21
"19","1904",2014,"female","Austrian",21,0,28,28,21,116,95,23,330,307,50
"19","1904",2014,"female","Foreign",106,98,225,127,8,30,22,-21,223,244,27
"19","1904",2015,"male","Austrian",-42,-17,29,46,-25,83,108,-30,320,350,35
"19","1904",2015,"male","Foreign",140,117,283,166,23,53,30,-17,264,281,16
"19","1904",2015,"female","Austrian",-11,5,29,24,-16,94,110,7,322,315,30
"19","1904",2015,"female","Foreign",190,173,292,119,17,45,28,-31,265,296,21
"19","1904",2016,"male","Austrian",-9,5,28,23,-14,89,103,-30,319,349,38
"19","1904",2016,"male","Foreign",92,71,227,156,21,64,43,-24,342,366,23
"19","1904",2016,"female","Austrian",-34,1,21,20,-35,99,134,-63,312,375,34
"19","1904",2016,"female","Foreign",83,72,236,164,11,46,35,-6,281,287,36
"19","1904",2017,"male","Austrian",7,-11,28,39,18,107,89,-25,314,339,43
"19","1904",2017,"male","Foreign",123,77,241,164,46,91,45,-61,366,427,14
"19","1904",2017,"female","Austrian",-12,-11,16,27,-1,115,116,-12,319,331,45
"19","1904",2017,"female","Foreign",72,67,243,176,5,42,37,-64,284,348,17
"19","1904",2018,"male","Austrian",-23,-5,28,33,-18,102,120,31,341,310,32
"19","1904",2018,"male","Foreign",51,43,213,170,8,47,39,-1,359,360,24
"19","1904",2018,"female","Austrian",-2,0,25,25,-2,118,120,1,314,313,31
"19","1904",2018,"female","Foreign",86,92,227,135,-6,27,33,-10,277,287,23
"19","1904",2019,"male","Austrian",9,-3,30,33,12,124,112,-19,356,375,52
"19","1904",2019,"male","Foreign",64,64,220,156,0,43,43,-43,290,333,29
"19","1904",2019,"female","Austrian",22,3,18,15,19,128,109,-111,323,434,40
"19","1904",2019,"female","Foreign",98,94,235,141,4,35,31,-46,243,289,38
"19","1904",2020,"male","Austrian",-17,-6,19,25,-11,103,114,5,343,338,33
"19","1904",2020,"male","Foreign",69,72,206,134,-3,36,39,11,324,313,29
"19","1904",2020,"female","Austrian",-22,-10,7,17,-12,114,126,-1,340,341,35
"19","1904",2020,"female","Foreign",45,56,193,137,-11,22,33,-12,274,286,34
"19","1904",2021,"male","Austrian",-10,7,26,19,-17,93,110,-29,272,301,31
"19","1904",2021,"male","Foreign",29,14,174,160,15,52,37,-24,289,313,25
"19","1904",2021,"female","Austrian",-32,-8,17,25,-24,98,122,-14,295,309,35
"19","1904",2021,"female","Foreign",90,85,222,137,5,29,24,-21,270,291,23
"19","1904",2022,"male","Austrian",-32,-7,29,36,-25,66,91,-30,289,319,37
"19","1904",2022,"male","Foreign",170,162,300,138,8,48,40,-45,329,374,21
"19","1904",2022,"female","Austrian",-20,-4,27,31,-16,86,102,-48,283,331,35
"19","1904",2022,"female","Foreign",245,250,409,159,-5,33,38,29,352,323,28
"19","1904",2023,"male","Austrian",-37,-9,21,30,-28,81,109,1,308,307,35
"19","1904",2023,"male","Foreign",104,62,225,163,42,73,31,-40,339,379,24
"19","1904",2023,"female","Austrian",-15,0,26,26,-15,99,114,-53,297,350,38
"19","1904",2023,"female","Foreign",96,77,261,184,19,57,38,-57,327,384,40
"19","1905",2007,"male","Austrian",0,-4,16,20,4,41,37,66,182,116,22
"19","1905",2007,"male","Foreign",28,35,70,35,-7,3,10,41,82,41,11
"19","1905",2007,"female","Austrian",-31,-10,14,24,-21,26,47,56,189,133,31
"19","1905",2007,"female","Foreign",58,54,91,37,4,10,6,19,80,61,11
"19","1905",2008,"male","Austrian",-23,-2,13,15,-21,31,52,35,161,126,14
"19","1905",2008,"male","Foreign",22,29,73,44,-7,3,10,16,69,53,8
"19","1905",2008,"female","Austrian",-28,-10,8,18,-18,29,47,50,177,127,17
"19","1905",2008,"female","Foreign",27,34,90,56,-7,4,11,12,77,65,9
"19","1905",2009,"male","Austrian",0,-3,19,22,3,33,30,7,150,143,16
"19","1905",2009,"male","Foreign",20,21,62,41,-1,7,8,7,52,45,7
"19","1905",2009,"female","Austrian",-12,-6,9,15,-6,34,40,6,149,143,11
"19","1905",2009,"female","Foreign",42,45,91,46,-3,4,7,4,61,57,10
"19","1905",2010,"male","Austrian",-22,-9,19,28,-13,29,42,36,168,132,21
"19","1905",2010,"male","Foreign",7,8,68,60,-1,4,5,21,64,43,4
"19","1905",2010,"female","Austrian",-13,-4,10,14,-9,42,51,63,204,141,20
"19","1905",2010,"female","Foreign",42,48,101,53,-6,4,10,14,76,62,7
"19","1905",2011,"male","Austrian",-7,0,17,17,-7,33,40,14,152,138,14
"19","1905",2011,"male","Foreign",31,35,87,52,-4,8,12,-4,56,60,4
"19","1905",2011,"female","Austrian",6,0,8,8,6,51,45,3,165,162,19
"19","1905",2011,"female","Foreign",11,17,79,62,-6,8,14,0,75,75,5
"19","1905",2012,"male","Austrian",-2,-6,20,26,4,36,32,3,165,162,46
"19","1905",2012,"male","Foreign",6,6,71,65,0,6,6,8,77,69,5
"19","1905",2012,"female","Austrian",-15,1,19,18,-16,31,47,33,176,143,145
"19","1905",2012,"female","Foreign",13,6,83,77,7,14,7,14,91,77,15
"19","1905",2013,"male","Austrian",7,3,22,19,4,35,31,38,158,120,17
"19","1905",2013,"male","Foreign",41,47,114,67,-6,10,16,-4,82,86,6
"19","1905",2013,"female","Austrian",-12,-9,12,21,-3,38,41,39,177,138,24
"19","1905",2013,"female","Foreign",53,57,110,53,-4,10,14,-15,81,96,5
"19","1905",2014,"male","Austrian",2,2,24,22,0,37,37,15,139,124,13
"19","1905",2014,"male","Foreign",23,18,79,61,5,13,8,5,70,65,7
"19","1905",2014,"female","Austrian",-9,3,15,12,-12,22,34,15,157,142,7
"19","1905",2014,"female","Foreign",28,26,78,52,2,7,5,-19,69,88,6
"19","1905",2015,"male","Austrian",5,2,17,15,3,34,31,-25,132,157,19
"19","1905",2015,"male","Foreign",63,45,113,68,18,24,6,69,138,69,8
"19","1905",2015,"female","Austrian",19,11,22,11,8,40,32,-4,153,157,16
"19","1905",2015,"female","Foreign",66,59,121,62,7,17,10,49,124,75,12
"19","1905",2016,"male","Austrian",-30,-10,18,28,-20,22,42,7,151,144,16
"19","1905",2016,"male","Foreign",76,61,120,59,15,30,15,-15,118,133,8
"19","1905",2016,"female","Austrian",-37,-7,10,17,-30,40,70,66,190,124,14
"19","1905",2016,"female","Foreign",31,30,91,61,1,21,20,14,123,109,14
"19","1905",2017,"male","Austrian",-12,-8,15,23,-4,34,38,71,182,111,5
"19","1905",2017,"male","Foreign",-3,9,99,90,-12,9,21,18,153,135,6
"19","1905",2017,"female","Austrian",2,-6,12,18,8,41,33,29,172,143,19
"19","1905",2017,"female","Foreign",20,28,104,76,-8,13,21,51,177,126,4
"19","1905",2018,"male","Austrian",-18,0,17,17,-18,28,46,41,166,125,14
"19","1905",2018,"male","Foreign",21,11,76,65,10,24,14,-1,134,135,6
"19","1905",2018,"female","Austrian",-30,-8,11,19,-22,31,53,15,177,162,18
"19","1905",2018,"female","Foreign",13,7,83,76,6,20,14,2,128,126,4
"19","1905",2019,"male","Austrian",10,8,24,16,2,55,53,84,215,131,24
"19","1905",2019,"male","Foreign",3,10,71,61,-7,10,17,26,174,148,5
"19","1905",2019,"female","Austrian",6,12,16,4,-6,50,56,70,222,152,22
"19","1905",2019,"female","Foreign",25,39,93,54,-14,7,21,5,140,135,5
"19","1905",2020,"male","Austrian",-25,0,12,12,-25,26,51,49,169,120,23
"19","1905",2020,"male","Foreign",3,8,67,59,-5,15,20,40,124,84,8
"19","1905",2020,"female","Austrian",-19,5,13,8,-24,32,56,62,208,146,21
"19","1905",2020,"female","Foreign",-27,-20,54,74,-7,12,19,31,117,86,9
"19","1905",2021,"male","Austrian",-5,5,14,9,-10,26,36,65,185,120,13
"19","1905",2021,"male","Foreign",-2,0,78,78,-2,15,17,12,127,115,5
"19","1905",2021,"female","Austrian",-6,-5,7,12,-1,28,29,77,214,137,14
"19","1905",2021,"female","Foreign",40,25,83,58,15,33,18,5,128,123,7
"19","1905",2022,"male","Austrian",-3,10,24,14,-13,24,37,21,175,154,26
"19","1905",2022,"male","Foreign",84,67,132,65,17,33,16,-16,138,154,13
"19","1905",2022,"female","Austrian",-9,4,21,17,-13,20,33,73,202,129,21
"19","1905",2022,"female","Foreign",128,117,190,73,11,33,22,-26,140,166,16
"19","1905",2023,"male","Austrian",-21,-4,13,17,-17,27,44,46,168,122,19
"19","1905",2023,"male","Foreign",37,24,91,67,13,30,17,-13,137,150,8
"19","1905",2023,"female","Austrian",-17,-3,9,12,-14,30,44,39,190,151,15
"19","1905",2023,"female","Foreign",27,14,91,77,13,34,21,7,154,147,7
"19","1906",2007,"male","Austrian",-14,-6,13,19,-8,23,31,29,98,69,10
"19","1906",2007,"male","Foreign",18,18,37,19,0,3,3,-17,19,36,3
"19","1906",2007,"female","Austrian",-18,-5,5,10,-13,17,30,33,109,76,8
"19","1906",2007,"female","Foreign",9,13,50,37,-4,5,9,-3,31,34,1
"19","1906",2008,"male","Austrian",-20,-8,13,21,-12,22,34,-14,71,85,15
"19","1906",2008,"male","Foreign",-12,-11,36,47,-1,2,3,-1,33,34,3
"19","1906",2008,"female","Austrian",-23,-9,9,18,-14,30,44,-1,79,80,17
"19","1906",2008,"female","Foreign",8,8,55,47,0,6,6,-4,37,41,9
"19","1906",2009,"male","Austrian",0,5,17,12,-5,19,24,4,88,84,15
"19","1906",2009,"male","Foreign",7,8,50,42,-1,3,4,6,26,20,4
"19","1906",2009,"female","Austrian",-10,3,11,8,-13,17,30,6,85,79,11
"19","1906",2009,"female","Foreign",3,7,56,49,-4,4,8,6,42,36,8
"19","1906",2010,"male","Austrian",-25,-11,9,20,-14,26,40,19,106,87,12
"19","1906",2010,"male","Foreign",-7,-6,44,50,-1,1,2,10,35,25,4
"19","1906",2010,"female","Austrian",-7,-7,4,11,0,24,24,-12,90,102,8
"19","1906",2010,"female","Foreign",3,4,57,53,-1,3,4,8,44,36,5
"19","1906",2011,"male","Austrian",-22,-8,8,16,-14,20,34,1,88,87,17
"19","1906",2011,"male","Foreign",-7,-9,54,63,2,6,4,7,39,32,2
"19","1906",2011,"female","Austrian",-20,-2,10,12,-18,17,35,9,100,91,15
"19","1906",2011,"female","Foreign",10,14,60,46,-4,4,8,5,41,36,6
"19","1906",2012,"male","Austrian",15,-2,9,11,17,34,17,24,115,91,21
"19","1906",2012,"male","Foreign",-7,-2,45,47,-5,3,8,-14,27,41,0
"19","1906",2012,"female","Austrian",-8,-8,6,14,0,30,30,-4,85,89,22
"19","1906",2012,"female","Foreign",14,11,55,44,3,8,5,-7,40,47,3
"19","1906",2013,"male","Austrian",-11,-4,12,16,-7,24,31,16,87,71,13
"19","1906",2013,"male","Foreign",28,22,53,31,6,13,7,3,35,32,1
"19","1906",2013,"female","Austrian",1,2,9,7,-1,29,30,24,106,82,14
"19","1906",2013,"female","Foreign",22,8,58,50,14,17,3,4,40,36,5
"19","1906",2014,"male","Austrian",11,-1,13,14,12,27,15,35,114,79,17
"19","1906",2014,"male","Foreign",18,16,59,43,2,8,6,7,46,39,4
"19","1906",2014,"female","Austrian",-15,-6,6,12,-9,31,40,38,123,85,21
"19","1906",2014,"female","Foreign",48,46,90,44,2,10,8,-6,58,64,4
"19","1906",2015,"male","Austrian",-15,-6,11,17,-9,20,29,10,111,101,17
"19","1906",2015,"male","Foreign",36,36,64,28,0,9,9,-6,45,51,5
"19","1906",2015,"female","Austrian",-7,5,10,5,-12,22,34,-12,96,108,23
"19","1906",2015,"female","Foreign",25,31,67,36,-6,4,10,9,57,48,5
"19","1906",2016,"male","Austrian",-26,-2,12,14,-24,18,42,-11,83,94,14
"19","1906",2016,"male","Foreign",27,30,57,27,-3,4,7,29,65,36,13
"19","1906",2016,"female","Austrian",-23,-15,6,21,-8,22,30,13,99,86,14
"19","1906",2016,"female","Foreign",53,49,78,29,4,13,9,34,72,38,14
"19","1906",2017,"male","Austrian",-17,-5,15,20,-12,13,25,36,117,81,9
"19","1906",2017,"male","Foreign",15,14,49,35,1,7,6,18,65,47,6
"19","1906",2017,"female","Austrian",1,-4,10,14,5,28,23,11,110,99,11
"19","1906",2017,"female","Foreign",6,4,61,57,2,11,9,27,85,58,9
"19","1906",2018,"male","Austrian",-14,-4,8,12,-10,18,28,2,99,97,15
"19","1906",2018,"male","Foreign",33,31,60,29,2,10,8,0,52,52,3
"19","1906",2018,"female","Austrian",-15,-1,9,10,-14,16,30,4,100,96,14
"19","1906",2018,"female","Foreign",30,25,65,40,5,15,10,-9,50,59,5
"19","1906",2019,"male","Austrian",10,2,10,8,8,38,30,38,129,91,22
"19","1906",2019,"male","Foreign",5,1,46,45,4,11,7,9,49,40,9
"19","1906",2019,"female","Austrian",5,-6,4,10,11,36,25,17,136,119,20
"19","1906",2019,"female","Foreign",14,7,66,59,7,17,10,-1,60,61,15
"19","1906",2020,"male","Austrian",-14,-2,9,11,-12,28,40,-7,94,101,18
"19","1906",2020,"male","Foreign",-2,1,47,46,-3,7,10,-1,47,48,5
"19","1906",2020,"female","Austrian",-16,-9,7,16,-7,30,37,-12,79,91,18
"19","1906",2020,"female","Foreign",-3,10,58,48,-13,4,17,4,61,57,8
"19","1906",2021,"male","Austrian",-10,6,16,10,-16,29,45,14,103,89,18
"19","1906",2021,"male","Foreign",24,25,56,31,-1,11,12,19,73,54,4
"19","1906",2021,"female","Austrian",-30,-2,8,10,-28,20,48,5,90,85,16
"19","1906",2021,"female","Foreign",41,27,76,49,14,23,9,14,69,55,9
"19","1906",2022,"male","Austrian",-11,-2,13,15,-9,22,31,-11,100,111,18
"19","1906",2022,"male","Foreign",97,95,150,55,2,14,12,8,69,61,10
"19","1906",2022,"female","Austrian",-18,-9,8,17,-9,22,31,2,90,88,24
"19","1906",2022,"female","Foreign",170,169,231,62,1,16,15,4,92,88,16
"19","1906",2023,"male","Austrian",-5,1,11,10,-6,21,27,-9,87,96,20
"19","1906",2023,"male","Foreign",6,13,75,62,-7,8,15,-9,75,84,11
"19","1906",2023,"female","Austrian",-19,-5,4,9,-14,27,41,-8,97,105,17
"19","1906",2023,"female","Foreign",26,32,108,76,-6,7,13,-31,98,129,18
"19","1907",2007,"male","Austrian",-5,-10,2,12,5,15,10,-9,48,57,6
"19","1907",2007,"male","Foreign",8,6,25,19,2,3,1,0,11,11,1
"19","1907",2007,"female","Austrian",0,-5,6,11,5,16,11,-8,45,53,2
"19","1907",2007,"female","Foreign",26,23,39,16,3,5,2,-1,16,17,0
"19","1907",2008,"male","Austrian",-11,-2,5,7,-9,11,20,1,54,53,5
"19","1907",2008,"male","Foreign",5,3,18,15,2,3,1,1,17,16,4
"19","1907",2008,"female","Austrian",-9,-8,3,11,-1,13,14,11,77,66,6
"19","1907",2008,"female","Foreign",-4,-3,20,23,-1,3,4,-9,13,22,1
"19","1907",2009,"male","Austrian",-6,-2,5,7,-4,11,15,3,53,50,4
"19","1907",2009,"male","Foreign",13,14,31,17,-1,2,3,2,16,14,0
"19","1907",2009,"female","Austrian",-11,-1,4,5,-10,9,19,10,55,45,2
"19","1907",2009,"female","Foreign",18,19,37,18,-1,2,3,7,16,9,1
"19","1907",2010,"male","Austrian",-2,0,6,6,-2,15,17,-2,61,63,14
"19","1907",2010,"male","Foreign",-1,2,21,19,-3,0,3,-3,12,15,0
"19","1907",2010,"female","Austrian",10,2,7,5,8,17,9,-36,36,72,8
"19","1907",2010,"female","Foreign",-3,-1,21,22,-2,1,3,-3,17,20,3
"19","1907",2011,"male","Austrian",-5,-2,2,4,-3,5,8,-7,54,61,11
"19","1907",2011,"male","Foreign",6,6,29,23,0,1,1,5,20,15,1
"19","1907",2011,"female","Austrian",-9,-1,7,8,-8,7,15,-3,60,63,15
"19","1907",2011,"female","Foreign",16,15,37,22,1,2,1,1,26,25,3
"19","1907",2012,"male","Austrian",-9,-1,6,7,-8,12,20,1,63,62,11
"19","1907",2012,"male","Foreign",-8,-7,18,25,-1,2,3,3,21,18,0
"19","1907",2012,"female","Austrian",-8,-4,4,8,-4,14,18,24,86,62,6
"19","1907",2012,"female","Foreign",2,0,25,25,2,3,1,-8,22,30,5
"19","1907",2013,"male","Austrian",-3,2,6,4,-5,15,20,14,68,54,2
"19","1907",2013,"male","Foreign",10,6,28,22,4,6,2,5,25,20,1
"19","1907",2013,"female","Austrian",1,0,2,2,1,25,24,-1,60,61,5
"19","1907",2013,"female","Foreign",19,16,40,24,3,5,2,10,34,24,2
"19","1907",2014,"male","Austrian",0,1,6,5,-1,16,17,-12,58,70,6
"19","1907",2014,"male","Foreign",2,1,27,26,1,6,5,5,33,28,2
"19","1907",2014,"female","Austrian",-5,0,1,1,-5,11,16,-9,59,68,3
"19","1907",2014,"female","Foreign",5,2,24,22,3,9,6,4,38,34,3
"19","1907",2015,"male","Austrian",-12,-5,6,11,-7,11,18,-5,61,66,6
"19","1907",2015,"male","Foreign",-4,-7,22,29,3,7,4,10,37,27,1
"19","1907",2015,"female","Austrian",-4,-5,3,8,1,15,14,-2,55,57,5
"19","1907",2015,"female","Foreign",15,12,35,23,3,9,6,-2,28,30,2
"19","1907",2016,"male","Austrian",-5,-3,7,10,-2,14,16,19,66,47,7
"19","1907",2016,"male","Foreign",26,22,37,15,4,5,1,15,52,37,8
"19","1907",2016,"female","Austrian",-8,1,5,4,-9,13,22,2,55,53,12
"19","1907",2016,"female","Foreign",19,20,34,14,-1,6,7,-7,31,38,2
"19","1907",2017,"male","Austrian",-12,-6,2,8,-6,12,18,-1,51,52,0
"19","1907",2017,"male","Foreign",15,9,25,16,6,12,6,-14,51,65,0
"19","1907",2017,"female","Austrian",-14,-6,1,7,-8,11,19,2,55,53,4
"19","1907",2017,"female","Foreign",15,10,38,28,5,9,4,-2,34,36,0
"19","1907",2018,"male","Austrian",-11,-4,5,9,-7,10,17,3,63,60,5
"19","1907",2018,"male","Foreign",0,-3,21,24,3,6,3,18,42,24,0
"19","1907",2018,"female","Austrian",-13,-5,3,8,-8,14,22,2,72,70,7
"19","1907",2018,"female","Foreign",5,6,39,33,-1,4,5,13,39,26,0
"19","1907",2019,"male","Austrian",-3,3,6,3,-6,13,19,10,59,49,8
"19","1907",2019,"male","Foreign",1,4,18,14,-3,4,7,15,42,27,4
"19","1907",2019,"female","Austrian",-19,-5,2,7,-14,17,31,7,73,66,5
"19","1907",2019,"female","Foreign",-6,-6,19,25,0,10,10,26,55,29,5
"19","1907",2020,"male","Austrian",6,7,9,2,-1,16,17,1,57,56,2
"19","1907",2020,"male","Foreign",5,12,25,13,-7,7,14,15,36,21,4
"19","1907",2020,"female","Austrian",-7,2,5,3,-9,4,13,-9,55,64,5
"19","1907",2020,"female","Foreign",13,13,35,22,0,7,7,4,34,30,5
"19","1907",2021,"male","Austrian",-13,-8,4,12,-5,13,18,8,59,51,3
"19","1907",2021,"male","Foreign",-2,-2,24,26,0,4,4,14,42,28,4
"19","1907",2021,"female","Austrian",9,3,7,4,6,18,12,10,73,63,3
"19","1907",2021,"female","Foreign",7,-4,26,30,11,14,3,-7,35,42,6
"19","1907",2022,"male","Austrian",-9,1,7,6,-10,9,19,0,65,65,5
"19","1907",2022,"male","Foreign",65,64,76,12,1,9,8,0,47,47,3
"19","1907",2022,"female","Austrian",-13,1,3,2,-14,11,25,-21,57,78,10
"19","1907",2022,"female","Foreign",109,107,131,24,2,12,10,-2,62,64,1
"19","1907",2023,"male","Austrian",-5,-1,5,6,-4,9,13,6,55,49,2
"19","1907",2023,"male","Foreign",10,9,41,32,1,11,10,-2,46,48,5
"19","1907",2023,"female","Austrian",-2,-5,3,8,3,11,8,-4,48,52,10
"19","1907",2023,"female","Foreign",20,19,51,32,1,7,6,-5,53,58,3
"19","1908",2007,"male","Austrian",-4,-8,22,30,4,79,75,24,269,245,45
"19","1908",2007,"male","Foreign",22,21,89,68,1,11,10,-5,71,76,10
"19","1908",2007,"female","Austrian",-27,-17,11,28,-10,76,86,11,259,248,64
"19","1908",2007,"female","Foreign",26,31,81,50,-5,9,14,-15,77,92,10
"19","1908",2008,"male","Austrian",-21,-9,18,27,-12,77,89,-36,231,267,36
"19","1908",2008,"male","Foreign",33,34,108,74,-1,7,8,1,97,96,12
"19","1908",2008,"female","Austrian",-43,2,20,18,-45,68,113,-31,283,314,47
"19","1908",2008,"female","Foreign",38,40,113,73,-2,10,12,18,85,67,13
"19","1908",2009,"male","Austrian",-23,-8,25,33,-15,64,79,24,275,251,52
"19","1908",2009,"male","Foreign",38,41,91,50,-3,8,11,5,86,81,12
"19","1908",2009,"female","Austrian",9,0,22,22,9,85,76,23,282,259,60
"19","1908",2009,"female","Foreign",48,49,98,49,-1,7,8,35,112,77,11
"19","1908",2010,"male","Austrian",-17,-15,20,35,-2,72,74,9,243,234,42
"19","1908",2010,"male","Foreign",49,49,110,61,0,10,10,1,96,95,12
"19","1908",2010,"female","Austrian",-20,-12,16,28,-8,88,96,-15,243,258,62
"19","1908",2010,"female","Foreign",65,71,133,62,-6,8,14,11,106,95,15
"19","1908",2011,"male","Austrian",-14,-7,26,33,-7,68,75,28,283,255,52
"19","1908",2011,"male","Foreign",64,64,128,64,0,12,12,-22,100,122,14
"19","1908",2011,"female","Austrian",-19,5,21,16,-24,73,97,28,311,283,69
"19","1908",2011,"female","Foreign",24,34,98,64,-10,8,18,4,122,118,7
"19","1908",2012,"male","Austrian",-33,-12,16,28,-21,67,88,-12,284,296,42
"19","1908",2012,"male","Foreign",60,59,143,84,1,14,13,14,113,99,12
"19","1908",2012,"female","Austrian",1,-6,17,23,7,95,88,9,296,287,45
"19","1908",2012,"female","Foreign",80,78,141,63,2,11,9,15,128,113,13
"19","1908",2013,"male","Austrian",-21,0,23,23,-21,74,95,2,242,240,34
"19","1908",2013,"male","Foreign",46,36,121,85,10,21,11,40,147,107,10
"19","1908",2013,"female","Austrian",-44,-1,12,13,-43,77,120,24,270,246,54
"19","1908",2013,"female","Foreign",69,58,125,67,11,25,14,36,157,121,5
"19","1908",2014,"male","Austrian",-37,3,31,28,-40,53,93,33,287,254,48
"19","1908",2014,"male","Foreign",33,22,122,100,11,26,15,44,187,143,22
"19","1908",2014,"female","Austrian",-52,-9,13,22,-43,60,103,6,290,284,49
"19","1908",2014,"female","Foreign",36,44,118,74,-8,24,32,49,175,126,20
"19","1908",2015,"male","Austrian",-30,-9,22,31,-21,70,91,-31,234,265,37
"19","1908",2015,"male","Foreign",119,95,157,62,24,47,23,-9,181,190,18
"19","1908",2015,"female","Austrian",-31,-9,12,21,-22,70,92,14,274,260,42
"19","1908",2015,"female","Foreign",99,93,155,62,6,35,29,25,182,157,15
"19","1908",2016,"male","Austrian",-20,-2,22,24,-18,72,90,-30,204,234,42
"19","1908",2016,"male","Foreign",37,40,117,77,-3,26,29,52,231,179,23
"19","1908",2016,"female","Austrian",-33,9,22,13,-42,61,103,-9,247,256,53
"19","1908",2016,"female","Foreign",60,62,132,70,-2,18,20,35,175,140,26
"19","1908",2017,"male","Austrian",-21,4,25,21,-25,63,88,-16,232,248,41
"19","1908",2017,"male","Foreign",48,25,134,109,23,51,28,27,224,197,13
"19","1908",2017,"female","Austrian",-14,-1,18,19,-13,81,94,-8,232,240,59
"19","1908",2017,"female","Foreign",56,46,135,89,10,36,26,37,220,183,23
"19","1908",2018,"male","Austrian",-27,-7,18,25,-20,61,81,-15,248,263,43
"19","1908",2018,"male","Foreign",26,25,109,84,1,23,22,20,241,221,22
"19","1908",2018,"female","Austrian",-40,-6,15,21,-34,63,97,24,288,264,49
"19","1908",2018,"female","Foreign",67,58,140,82,9,29,20,1,216,215,28
"19","1908",2019,"male","Austrian",0,-8,18,26,8,77,69,35,308,273,59
"19","1908",2019,"male","Foreign",33,46,140,94,-13,22,35,1,239,238,19
"19","1908",2019,"female","Austrian",-13,-9,12,21,-4,87,91,64,345,281,80
"19","1908",2019,"female","Foreign",20,27,113,86,-7,24,31,32,236,204,29
"19","1908",2020,"male","Austrian",-4,5,19,14,-9,69,78,-20,217,237,40
"19","1908",2020,"male","Foreign",55,45,129,84,10,33,23,-27,199,226,22
"19","1908",2020,"female","Austrian",-26,-4,13,17,-22,63,85,29,283,254,33
"19","1908",2020,"female","Foreign",52,37,126,89,15,29,14,-27,191,218,19
"19","1908",2021,"male","Austrian",-28,-3,21,24,-25,57,82,17,247,230,30
"19","1908",2021,"male","Foreign",19,20,103,83,-1,25,26,16,194,178,25
"19","1908",2021,"female","Austrian",-43,-10,12,22,-33,53,86,18,279,261,46
"19","1908",2021,"female","Foreign",28,35,97,62,-7,24,31,9,173,164,31
"19","1908",2022,"male","Austrian",-17,-4,18,22,-13,63,76,-45,250,295,37
"19","1908",2022,"male","Foreign",212,216,283,67,-4,46,50,-5,267,272,18
"19","1908",2022,"female","Austrian",-45,-7,24,31,-38,59,97,-34,253,287,44
"19","1908",2022,"female","Foreign",303,277,348,71,26,62,36,-63,226,289,22
"19","1908",2023,"male","Austrian",-25,-16,8,24,-9,63,72,-28,220,248,38
"19","1908",2023,"male","Foreign",63,52,190,138,11,52,41,-59,241,300,19
"19","1908",2023,"female","Austrian",-35,-14,11,25,-21,59,80,-4,251,255,43
"19","1908",2023,"female","Foreign",70,68,215,147,2,32,30,-31,228,259,30
"19","1909",2007,"male","Austrian",5,-10,8,18,15,30,15,-14,64,78,9
"19","1909",2007,"male","Foreign",37,48,100,52,-11,0,11,14,70,56,1
"19","1909",2007,"female","Austrian",3,-6,7,13,9,26,17,-16,68,84,10
"19","1909",2007,"female","Foreign",43,47,120,73,-4,4,8,10,57,47,1
"19","1909",2008,"male","Austrian",1,-5,10,15,6,26,20,-39,59,98,9
"19","1909",2008,"male","Foreign",46,39,117,78,7,12,5,-13,65,78,3
"19","1909",2008,"female","Austrian",-20,-13,4,17,-7,27,34,-44,59,103,15
"19","1909",2008,"female","Foreign",41,39,131,92,2,8,6,-35,48,83,2
"19","1909",2009,"male","Austrian",16,-3,9,12,19,39,20,-9,72,81,5
"19","1909",2009,"male","Foreign",25,23,121,98,2,9,7,22,96,74,4
"19","1909",2009,"female","Austrian",10,2,10,8,8,26,18,-29,68,97,10
"19","1909",2009,"female","Foreign",6,3,134,131,3,8,5,-7,66,73,1
"19","1909",2010,"male","Austrian",13,-5,5,10,18,46,28,-3,87,90,5
"19","1909",2010,"male","Foreign",6,14,116,102,-8,9,17,49,125,76,20
"19","1909",2010,"female","Austrian",10,-1,5,6,11,44,33,-43,64,107,12
"19","1909",2010,"female","Foreign",48,48,132,84,0,8,8,-9,78,87,13
"19","1909",2011,"male","Austrian",14,8,18,10,6,35,29,-5,89,94,8
"19","1909",2011,"male","Foreign",-27,-17,159,176,-10,4,14,28,135,107,17
"19","1909",2011,"female","Austrian",3,-2,11,13,5,29,24,-1,94,95,11
"19","1909",2011,"female","Foreign",14,13,145,132,1,11,10,-3,101,104,21
"19","1909",2012,"male","Austrian",4,-1,5,6,5,30,25,12,93,81,5
"19","1909",2012,"male","Foreign",60,59,170,111,1,8,7,-61,65,126,8
"19","1909",2012,"female","Austrian",8,-2,7,9,10,33,23,9,88,79,5
"19","1909",2012,"female","Foreign",43,42,146,104,1,8,7,-61,53,114,8
"19","1909",2013,"male","Austrian",4,4,14,10,0,29,29,-38,63,101,13
"19","1909",2013,"male","Foreign",-57,-54,112,166,-3,9,12,-76,93,169,13
"19","1909",2013,"female","Austrian",0,-3,6,9,3,29,26,-44,58,102,11
"19","1909",2013,"female","Foreign",-15,-11,135,146,-4,7,11,-50,97,147,6
"19","1909",2014,"male","Austrian",4,0,11,11,4,31,27,-27,73,100,7
"19","1909",2014,"male","Foreign",52,47,109,62,5,15,10,1,99,98,9
"19","1909",2014,"female","Austrian",1,6,11,5,-5,30,35,5,102,97,4
"19","1909",2014,"female","Foreign",43,45,120,75,-2,7,9,3,95,92,11
"19","1909",2015,"male","Austrian",15,-1,8,9,16,35,19,24,122,98,13
"19","1909",2015,"male","Foreign",83,82,152,70,1,10,9,22,127,105,15
"19","1909",2015,"female","Austrian",7,-9,5,14,16,44,28,15,110,95,9
"19","1909",2015,"female","Foreign",92,93,154,61,-1,7,8,17,110,93,12
"19","1909",2016,"male","Austrian",3,0,10,10,3,25,22,6,94,88,7
"19","1909",2016,"male","Foreign",46,22,109,87,24,30,6,-5,143,148,13
"19","1909",2016,"female","Austrian",6,-4,10,14,10,35,25,3,84,81,11
"19","1909",2016,"female","Foreign",111,100,167,67,11,20,9,-38,86,124,19
"19","1909",2017,"male","Austrian",-12,-1,8,9,-11,18,29,-14,79,93,4
"19","1909",2017,"male","Foreign",29,24,127,103,5,22,17,-25,126,151,2
"19","1909",2017,"female","Austrian",5,-1,8,9,6,31,25,-17,80,97,3
"19","1909",2017,"female","Foreign",57,59,173,114,-2,6,8,-34,99,133,8
"19","1909",2018,"male","Austrian",-30,-7,5,12,-23,15,38,2,94,92,7
"19","1909",2018,"male","Foreign",26,25,126,101,1,8,7,-37,96,133,15
"19","1909",2018,"female","Austrian",-3,-5,4,9,2,34,32,-3,98,101,5
"19","1909",2018,"female","Foreign",34,38,157,119,-4,7,11,-10,109,119,17
"19","1909",2019,"male","Austrian",13,1,10,9,12,30,18,71,150,79,3
"19","1909",2019,"male","Foreign",31,31,139,108,0,9,9,-19,111,130,8
"19","1909",2019,"female","Austrian",19,2,11,9,17,38,21,62,163,101,17
"19","1909",2019,"female","Foreign",22,23,154,131,-1,11,12,13,132,119,11
"19","1909",2020,"male","Austrian",7,5,8,3,2,24,22,5,93,88,16
"19","1909",2020,"male","Foreign",11,3,120,117,8,23,15,2,101,99,11
"19","1909",2020,"female","Austrian",-5,-5,7,12,0,33,33,28,104,76,13
"19","1909",2020,"female","Foreign",10,12,122,110,-2,15,17,-28,100,128,8
"19","1909",2021,"male","Austrian",-16,-12,3,15,-4,27,31,-16,86,102,12
"19","1909",2021,"male","Foreign",58,56,150,94,2,16,14,-23,105,128,12
"19","1909",2021,"female","Austrian",-5,-4,4,8,-1,24,25,3,104,101,9
"19","1909",2021,"female","Foreign",61,63,156,93,-2,7,9,-24,87,111,12
"19","1909",2022,"male","Austrian",-8,4,8,4,-12,27,39,-20,74,94,7
"19","1909",2022,"male","Foreign",93,87,180,93,6,22,16,-48,98,146,8
"19","1909",2022,"female","Austrian",-2,0,4,4,-2,24,26,-7,93,100,9
"19","1909",2022,"female","Foreign",95,90,246,156,5,15,10,-33,116,149,16
"19","1909",2023,"male","Austrian",-3,-1,5,6,-2,23,25,-5,91,96,5
"19","1909",2023,"male","Foreign",39,30,141,111,9,17,8,-2,137,139,7
"19","1909",2023,"female","Austrian",-12,1,8,7,-13,21,34,-4,79,83,11
"19","1909",2023,"female","Foreign",51,39,170,131,12,26,14,-33,124,157,6
"19","1910",2007,"male","Austrian",-3,0,9,9,-3,24,27,50,170,120,20
"19","1910",2007,"male","Foreign",7,10,49,39,-3,3,6,0,42,42,11
"19","1910",2007,"female","Austrian",0,-12,8,20,12,39,27,70,199,129,25
"19","1910",2007,"female","Foreign",37,33,74,41,4,7,3,7,52,45,17
"19","1910",2008,"male","Austrian",-23,0,14,14,-23,17,40,50,171,121,14
"19","1910",2008,"male","Foreign",-8,-5,42,47,-3,3,6,7,44,37,4
"19","1910",2008,"female","Austrian",-24,-4,9,13,-20,21,41,57,173,116,15
"19","1910",2008,"female","Foreign",-12,-10,60,70,-2,3,5,10,49,39,7
"19","1910",2009,"male","Austrian",-19,-6,15,21,-13,38,51,4,128,124,20
"19","1910",2009,"male","Foreign",5,5,54,49,0,4,4,7,39,32,6
"19","1910",2009,"female","Austrian",-6,3,12,9,-9,36,45,7,150,143,16
"19","1910",2009,"female","Foreign",-6,-8,53,61,2,6,4,-16,35,51,8
"19","1910",2010,"male","Austrian",-12,-8,15,23,-4,38,42,39,153,114,33
"19","1910",2010,"male","Foreign",2,3,41,38,-1,3,4,6,47,41,3
"19","1910",2010,"female","Austrian",20,-1,14,15,21,53,32,78,217,139,30
"19","1910",2010,"female","Foreign",37,34,67,33,3,7,4,18,60,42,6
"19","1910",2011,"male","Austrian",7,1,19,18,6,31,25,58,174,116,17
"19","1910",2011,"male","Foreign",32,33,78,45,-1,6,7,9,60,51,7
"19","1910",2011,"female","Austrian",2,-8,17,25,10,43,33,88,206,118,21
"19","1910",2011,"female","Foreign",27,26,82,56,1,6,5,-4,60,64,9
"19","1910",2012,"male","Austrian",-8,-10,15,25,2,42,40,75,188,113,21
"19","1910",2012,"male","Foreign",16,15,67,52,1,6,5,13,59,46,0
"19","1910",2012,"female","Austrian",-29,-13,9,22,-16,38,54,87,200,113,20
"19","1910",2012,"female","Foreign",35,31,81,50,4,9,5,19,70,51,2
"19","1910",2013,"male","Austrian",-32,-13,14,27,-19,29,48,65,173,108,14
"19","1910",2013,"male","Foreign",25,24,71,47,1,6,5,14,58,44,13
"19","1910",2013,"female","Austrian",-24,-11,13,24,-13,34,47,68,188,120,22
"19","1910",2013,"female","Foreign",64,66,112,46,-2,8,10,26,87,61,12
"19","1910",2014,"male","Austrian",-19,0,19,19,-19,22,41,74,212,138,22
"19","1910",2014,"male","Foreign",34,32,75,43,2,5,3,29,75,46,5
"19","1910",2014,"female","Austrian",-3,10,17,7,-13,38,51,23,175,152,22
"19","1910",2014,"female","Foreign",22,17,87,70,5,10,5,34,86,52,5
"19","1910",2015,"male","Austrian",-30,-17,12,29,-13,32,45,47,173,126,31
"19","1910",2015,"male","Foreign",31,37,82,45,-6,4,10,7,86,79,7
"19","1910",2015,"female","Austrian",-36,-10,9,19,-26,29,55,66,202,136,30
"19","1910",2015,"female","Foreign",29,31,80,49,-2,9,11,-2,80,82,9
"19","1910",2016,"male","Austrian",-33,-9,13,22,-24,24,48,48,179,131,29
"19","1910",2016,"male","Foreign",5,7,59,52,-2,3,5,11,70,59,11
"19","1910",2016,"female","Austrian",-20,-9,9,18,-11,38,49,83,222,139,35
"19","1910",2016,"female","Foreign",-9,-7,66,73,-2,14,16,13,76,63,7
"19","1910",2017,"male","Austrian",-10,0,14,14,-10,29,39,20,180,160,24
"19","1910",2017,"male","Foreign",17,7,59,52,10,12,2,13,75,62,6
"19","1910",2017,"female","Austrian",-19,-2,8,10,-17,30,47,42,200,158,25
"19","1910",2017,"female","Foreign",38,31,92,61,7,12,5,10,87,77,8
"19","1910",2018,"male","Austrian",-8,1,18,17,-9,32,41,6,159,153,22
"19","1910",2018,"male","Foreign",21,20,57,37,1,13,12,31,97,66,11
"19","1910",2018,"female","Austrian",1,5,12,7,-4,40,44,29,180,151,19
"19","1910",2018,"female","Foreign",32,26,77,51,6,19,13,48,101,53,17
"19","1910",2019,"male","Austrian",0,1,20,19,-1,39,40,97,237,140,33
"19","1910",2019,"male","Foreign",6,11,64,53,-5,8,13,23,79,56,11
"19","1910",2019,"female","Austrian",1,0,12,12,1,44,43,87,242,155,30
"19","1910",2019,"female","Foreign",6,11,75,64,-5,7,12,37,113,76,12
"19","1910",2020,"male","Austrian",-19,4,18,14,-23,36,59,48,183,135,23
"19","1910",2020,"male","Foreign",9,10,64,54,-1,5,6,40,93,53,5
"19","1910",2020,"female","Austrian",-19,-4,8,12,-15,45,60,64,212,148,18
"19","1910",2020,"female","Foreign",19,20,75,55,-1,9,10,27,110,83,6
"19","1910",2021,"male","Austrian",-25,2,14,12,-27,26,53,6,165,159,26
"19","1910",2021,"male","Foreign",20,16,66,50,4,13,9,19,89,70,7
"19","1910",2021,"female","Austrian",-29,-2,13,15,-27,35,62,54,191,137,24
"19","1910",2021,"female","Foreign",5,13,65,52,-8,7,15,18,96,78,6
"19","1910",2022,"male","Austrian",-36,-4,21,25,-32,26,58,70,219,149,35
"19","1910",2022,"male","Foreign",71,75,118,43,-4,16,20,30,107,77,6
"19","1910",2022,"female","Austrian",-17,3,17,14,-20,42,62,83,225,142,32
"19","1910",2022,"female","Foreign",128,139,205,66,-11,19,30,26,121,95,12
"19","1910",2023,"male","Austrian",-19,-5,13,18,-14,32,46,66,217,151,26
"19","1910",2023,"male","Foreign",-24,-8,57,65,-16,10,26,69,144,75,10
"19","1910",2023,"female","Austrian",-36,-12,7,19,-24,35,59,67,256,189,18
"19","1910",2023,"female","Foreign",-18,-15,77,92,-3,18,21,45,143,98,23
"19","1999",2007,"male","Austrian",-17,-6,1,7,-11,2,13,-59,6,65,0
"19","1999",2007,"male","Foreign",-15,-11,4,15,-4,0,4,-23,3,26,0
"19","1999",2007,"female","Austrian",-32,-5,0,5,-27,1,28,-69,5,74,0
"19","1999",2007,"female","Foreign",-19,-16,3,19,-3,0,3,-24,5,29,1
"19","1999",2008,"male","Austrian",0,0,2,2,0,4,4,17,24,7,0
"19","1999",2008,"male","Foreign",6,7,9,2,-1,0,1,5,9,4,0
"19","1999",2008,"female","Austrian",0,-1,0,1,1,5,4,8,17,9,0
"19","1999",2008,"female","Foreign",5,7,9,2,-2,0,2,8,8,0,0
"19","1999",2009,"male","Austrian",1,-1,0,1,2,5,3,11,26,15,0
"19","1999",2009,"male","Foreign",9,10,11,1,-1,1,2,-1,9,10,0
"19","1999",2009,"female","Austrian",4,1,1,0,3,6,3,24,38,14,0
"19","1999",2009,"female","Foreign",0,3,6,3,-3,0,3,-5,5,10,0
"19","1999",2010,"male","Austrian",-6,-3,0,3,-3,1,4,2,13,11,0
"19","1999",2010,"male","Foreign",-5,-5,2,7,0,0,0,-5,5,10,0
"19","1999",2010,"female","Austrian",-1,-3,0,3,2,7,5,1,13,12,0
"19","1999",2010,"female","Foreign",-7,-8,1,9,1,1,0,-1,3,4,0
"19","1999",2011,"male","Austrian",-1,-1,0,1,0,0,0,-11,1,12,0
"19","1999",2011,"male","Foreign",-5,-4,0,4,-1,0,1,-5,3,8,0
"19","1999",2011,"female","Austrian",-3,-1,0,1,-2,0,2,-10,0,10,0
"19","1999",2011,"female","Foreign",-6,-4,0,4,-2,0,2,-4,3,7,0
"19","1999",2012,"male","Austrian",-5,0,0,0,-5,0,5,-6,7,13,0
"19","1999",2012,"male","Foreign",-1,-1,0,1,0,0,0,-6,0,6,0
"19","1999",2012,"female","Austrian",-5,0,0,0,-5,0,5,-14,2,16,0
"19","1999",2012,"female","Foreign",1,1,1,0,0,0,0,-2,0,2,0
"19","1999",2013,"male","Austrian",-30,-16,1,17,-14,1,15,-37,10,47,0
"19","1999",2013,"male","Foreign",-20,-19,11,30,-1,0,1,-26,4,30,0
"19","1999",2013,"female","Austrian",-27,-7,0,7,-20,1,21,-46,12,58,0
"19","1999",2013,"female","Foreign",-17,-15,17,32,-2,0,2,-25,8,33,0
"19","1999",2014,"male","Austrian",2,2,2,0,0,1,1,-7,7,14,0
"19","1999",2014,"male","Foreign",4,1,2,1,3,3,0,-2,3,5,0
"19","1999",2014,"female","Austrian",-2,-1,0,1,-1,0,1,-5,4,9,0
"19","1999",2014,"female","Foreign",-1,-1,0,1,0,0,0,0,1,1,0
"19","1999",2015,"male","Austrian",-4,0,0,0,-4,0,4,-4,3,7,0
"19","1999",2015,"male","Foreign",3,0,1,1,3,3,0,-1,1,2,0
"19","1999",2015,"female","Austrian",-3,-1,0,1,-2,0,2,0,5,5,0
"19","1999",2015,"female","Foreign",0,0,0,0,0,0,0,-3,0,3,0
"19","1999",2016,"male","Austrian",-1,0,0,0,-1,0,1,-1,0,1,0
"19","1999",2016,"male","Foreign",-2,-2,0,2,0,0,0,-4,0,4,0
"19","1999",2016,"female","Austrian",-2,-1,0,1,-1,0,1,-2,1,3,0
"19","1999",2016,"female","Foreign",-6,-6,0,6,0,0,0,-3,0,3,0
"19","1999",2017,"male","Austrian",-3,0,0,0,-3,0,3,0,4,4,0
"19","1999",2017,"male","Foreign",-2,-2,0,2,0,0,0,-2,0,2,0
"19","1999",2017,"female","Austrian",-1,0,0,0,-1,0,1,-1,0,1,0
"19","1999",2017,"female","Foreign",1,0,0,0,1,1,0,0,1,1,0
"19","1999",2018,"male","Austrian",-3,0,0,0,-3,0,3,-4,0,4,0
"19","1999",2018,"male","Foreign",1,1,1,0,0,0,0,0,1,1,0
"19","1999",2018,"female","Austrian",1,0,0,0,1,2,1,-4,0,4,0
"19","1999",2018,"female","Foreign",1,1,1,0,0,0,0,0,0,0,0
"19","1999",2019,"male","Austrian",1,0,0,0,1,1,0,1,2,1,0
"19","1999",2019,"male","Foreign",0,0,0,0,0,0,0,0,0,0,0
"19","1999",2019,"female","Austrian",0,0,0,0,0,0,0,2,2,0,0
"19","1999",2019,"female","Foreign",0,0,0,0,0,0,0,0,0,0,0
"19","1999",2020,"male","Austrian",0,0,0,0,0,0,0,2,2,0,0
"19","1999",2020,"male","Foreign",0,0,0,0,0,0,0,0,0,0,0
"19","1999",2020,"female","Austrian",0,0,0,0,0,0,0,1,1,0,0
"19","1999",2020,"female","Foreign",0,0,0,0,0,0,0,0,0,0,0
"19","1999",2021,"male","Austrian",0,0,0,0,0,0,0,0,0,0,0
"19","1999",2021,"male","Foreign",3,3,3,0,0,0,0,0,0,0,0
"19","1999",2021,"female","Austrian",0,0,0,0,0,0,0,0,1,1,0
"19","1999",2021,"female","Foreign",1,1,1,0,0,0,0,1,1,0,0
"19","1999",2022,"male","Austrian",0,0,0,0,0,0,0,1,2,1,0
"19","1999",2022,"male","Foreign",1,1,1,0,0,0,0,-1,0,1,0
"19","1999",2022,"female","Austrian",0,0,0,0,0,0,0,0,1,1,0
"19","1999",2022,"female","Foreign",2,2,2,0,0,0,0,-2,0,2,0
"19","1999",2023,"male","Austrian",1,0,0,0,1,1,0,1,2,1,0
"19","1999",2023,"male","Foreign",1,1,1,0,0,0,0,-1,0,1,0
"19","1999",2023,"female","Austrian",0,0,0,0,0,1,1,2,2,0,0
"19","1999",2023,"female","Foreign",0,0,0,0,0,0,0,1,2,1,0
"20","2001",2007,"male","Austrian",-34,-11,14,25,-23,30,53,-13,192,205,21
"20","2001",2007,"male","Foreign",5,9,34,25,-4,6,10,25,94,69,7
"20","2001",2007,"female","Austrian",-42,-11,1,12,-31,31,62,-39,164,203,18
"20","2001",2007,"female","Foreign",10,6,32,26,4,9,5,22,93,71,8
"20","2001",2008,"male","Austrian",-35,-5,12,17,-30,27,57,72,251,179,45
"20","2001",2008,"male","Foreign",14,14,42,28,0,8,8,73,150,77,7
"20","2001",2008,"female","Austrian",-18,0,8,8,-18,31,49,72,228,156,47
"20","2001",2008,"female","Foreign",5,11,36,25,-6,1,7,94,142,48,10
"20","2001",2009,"male","Austrian",-53,-17,13,30,-36,23,59,43,210,167,28
"20","2001",2009,"male","Foreign",32,31,54,23,1,8,7,75,147,72,16
"20","2001",2009,"female","Austrian",-37,-20,12,32,-17,33,50,11,210,199,29
"20","2001",2009,"female","Foreign",26,15,40,25,11,13,2,66,118,52,10
"20","2001",2010,"male","Austrian",-7,-4,20,24,-3,38,41,-8,188,196,30
"20","2001",2010,"male","Foreign",8,8,52,44,0,8,8,57,125,68,7
"20","2001",2010,"female","Austrian",-11,1,11,10,-12,30,42,-17,160,177,29
"20","2001",2010,"female","Foreign",19,15,45,30,4,11,7,58,117,59,7
"20","2001",2011,"male","Austrian",-18,-8,15,23,-10,32,42,-9,176,185,7
"20","2001",2011,"male","Foreign",5,7,46,39,-2,8,10,25,107,82,2
"20","2001",2011,"female","Austrian",-34,-20,1,21,-14,23,37,-27,154,181,18
"20","2001",2011,"female","Foreign",26,21,44,23,5,11,6,38,90,52,0
"20","2001",2012,"male","Austrian",-26,-11,10,21,-15,21,36,-11,180,191,16
"20","2001",2012,"male","Foreign",11,12,54,42,-1,8,9,8,93,85,6
"20","2001",2012,"female","Austrian",-35,-10,6,16,-25,23,48,-52,149,201,10
"20","2001",2012,"female","Foreign",26,24,48,24,2,6,4,23,104,81,4
"20","2001",2013,"male","Austrian",-18,-3,17,20,-15,25,40,-5,165,170,14
"20","2001",2013,"male","Foreign",33,31,57,26,2,12,10,55,138,83,4
"20","2001",2013,"female","Austrian",-26,-8,11,19,-18,29,47,16,172,156,11
"20","2001",2013,"female","Foreign",24,23,57,34,1,9,8,71,128,57,6
"20","2001",2014,"male","Austrian",-23,0,9,9,-23,23,46,-22,150,172,12
"20","2001",2014,"male","Foreign",20,19,55,36,1,11,10,44,143,99,2
"20","2001",2014,"female","Austrian",-30,-2,4,6,-28,20,48,-30,118,148,5
"20","2001",2014,"female","Foreign",13,10,46,36,3,12,9,51,149,98,2
"20","2001",2015,"male","Austrian",-31,-1,16,17,-30,14,44,-45,122,167,16
"20","2001",2015,"male","Foreign",35,29,66,37,6,19,13,20,126,106,7
"20","2001",2015,"female","Austrian",-24,0,7,7,-24,18,42,-48,113,161,12
"20","2001",2015,"female","Foreign",32,31,60,29,1,13,12,23,107,84,7
"20","2001",2016,"male","Austrian",-15,5,15,10,-20,27,47,-6,133,139,14
"20","2001",2016,"male","Foreign",23,27,66,39,-4,22,26,-17,132,149,4
"20","2001",2016,"female","Austrian",-38,-3,4,7,-35,30,65,-1,149,150,9
"20","2001",2016,"female","Foreign",9,20,49,29,-11,13,24,-2,119,121,9
"20","2001",2017,"male","Austrian",-21,-5,13,18,-16,18,34,-33,143,176,29
"20","2001",2017,"male","Foreign",11,1,50,49,10,26,16,55,171,116,6
"20","2001",2017,"female","Austrian",-44,-17,0,17,-27,23,50,-8,124,132,22
"20","2001",2017,"female","Foreign",10,11,46,35,-1,12,13,39,136,97,7
"20","2001",2018,"male","Austrian",-50,-14,10,24,-36,21,57,29,186,157,22
"20","2001",2018,"male","Foreign",16,20,65,45,-4,25,29,76,205,129,9
"20","2001",2018,"female","Austrian",-44,-7,4,11,-37,18,55,-5,145,150,24
"20","2001",2018,"female","Foreign",16,12,52,40,4,14,10,76,187,111,11
"20","2001",2019,"male","Austrian",-22,1,15,14,-23,31,54,-47,132,179,12
"20","2001",2019,"male","Foreign",-2,0,47,47,-2,21,23,36,173,137,10
"20","2001",2019,"female","Austrian",-34,-2,4,6,-32,19,51,-32,119,151,20
"20","2001",2019,"female","Foreign",28,31,64,33,-3,16,19,52,152,100,6
"20","2001",2020,"male","Austrian",-29,-12,9,21,-17,29,46,-43,157,200,17
"20","2001",2020,"male","Foreign",6,13,37,24,-7,12,19,42,162,120,7
"20","2001",2020,"female","Austrian",-33,-1,8,9,-32,22,54,-35,114,149,13
"20","2001",2020,"female","Foreign",-13,-6,31,37,-7,12,19,38,149,111,5
"20","2001",2021,"male","Austrian",-31,2,12,10,-33,29,62,-6,131,137,16
"20","2001",2021,"male","Foreign",5,5,37,32,0,19,19,20,140,120,5
"20","2001",2021,"female","Austrian",-43,-6,3,9,-37,22,59,-54,99,153,12
"20","2001",2021,"female","Foreign",-16,-5,28,33,-11,10,21,22,127,105,5
"20","2001",2022,"male","Austrian",-26,-1,15,16,-25,20,45,-41,133,174,27
"20","2001",2022,"male","Foreign",26,27,71,44,-1,16,17,39,160,121,11
"20","2001",2022,"female","Austrian",-56,-9,4,13,-47,19,66,-55,108,163,17
"20","2001",2022,"female","Foreign",78,76,109,33,2,13,11,-12,115,127,11
"20","2001",2023,"male","Austrian",-6,1,14,13,-7,18,25,-39,119,158,10
"20","2001",2023,"male","Foreign",9,4,51,47,5,31,26,41,176,135,9
"20","2001",2023,"female","Austrian",-13,2,11,9,-15,19,34,-32,110,142,7
"20","2001",2023,"female","Foreign",-1,-1,44,45,0,21,21,31,127,96,5
"20","2002",2007,"male","Austrian",-22,-11,37,48,-11,87,98,-118,362,480,46
"20","2002",2007,"male","Foreign",13,-7,190,197,20,41,21,-46,413,459,72
"20","2002",2007,"female","Austrian",-28,-10,15,25,-18,85,103,-78,334,412,35
"20","2002",2007,"female","Foreign",82,73,172,99,9,33,24,-26,316,342,76
"20","2002",2008,"male","Austrian",-14,-8,35,43,-6,89,95,-64,343,407,48
"20","2002",2008,"male","Foreign",70,47,216,169,23,56,33,-56,348,404,55
"20","2002",2008,"female","Austrian",0,-11,15,26,11,103,92,-123,273,396,43
"20","2002",2008,"female","Foreign",106,92,176,84,14,42,28,-66,263,329,51
"20","2002",2009,"male","Austrian",-23,-16,42,58,-7,100,107,-30,376,406,38
"20","2002",2009,"male","Foreign",51,11,214,203,40,62,22,0,396,396,63
"20","2002",2009,"female","Austrian",-30,1,22,21,-31,95,126,-56,323,379,35
"20","2002",2009,"female","Foreign",109,81,171,90,28,52,24,-1,316,317,47
"20","2002",2010,"male","Austrian",-10,-14,33,47,4,90,86,-65,318,383,49
"20","2002",2010,"male","Foreign",145,120,338,218,25,63,38,40,434,394,45
"20","2002",2010,"female","Austrian",-2,-10,20,30,8,102,94,-50,304,354,41
"20","2002",2010,"female","Foreign",120,103,232,129,17,46,29,-30,286,316,44
"20","2002",2011,"male","Austrian",-49,-34,23,57,-15,80,95,-75,298,373,50
"20","2002",2011,"male","Foreign",56,32,304,272,24,57,33,-121,363,484,43
"20","2002",2011,"female","Austrian",-4,-11,14,25,7,97,90,-58,271,329,36
"20","2002",2011,"female","Foreign",76,57,188,131,19,37,18,-105,222,327,39
"20","2002",2012,"male","Austrian",-6,-13,29,42,7,100,93,-78,312,390,29
"20","2002",2012,"male","Foreign",137,113,311,198,24,57,33,-75,388,463,47
"20","2002",2012,"female","Austrian",-12,-4,19,23,-8,93,101,-80,268,348,32
"20","2002",2012,"female","Foreign",145,136,255,119,9,38,29,-52,274,326,36
"20","2002",2013,"male","Austrian",-32,-19,31,50,-13,91,104,-66,248,314,35
"20","2002",2013,"male","Foreign",120,93,287,194,27,65,38,-78,393,471,53
"20","2002",2013,"female","Austrian",-30,-17,14,31,-13,84,97,-90,237,327,41
"20","2002",2013,"female","Foreign",141,120,240,120,21,45,24,-57,295,352,33
"20","2002",2014,"male","Austrian",-12,-3,25,28,-9,87,96,-19,286,305,26
"20","2002",2014,"male","Foreign",198,135,336,201,63,105,42,-79,400,479,38
"20","2002",2014,"female","Austrian",-32,-4,19,23,-28,69,97,-51,235,286,31
"20","2002",2014,"female","Foreign",165,153,267,114,12,49,37,-40,294,334,32
"20","2002",2015,"male","Austrian",-38,-13,35,48,-25,76,101,-54,319,373,41
"20","2002",2015,"male","Foreign",214,161,360,199,53,115,62,-116,492,608,70
"20","2002",2015,"female","Austrian",-25,-7,15,22,-18,91,109,-94,278,372,35
"20","2002",2015,"female","Foreign",141,137,263,126,4,55,51,-70,354,424,44
"20","2002",2016,"male","Austrian",-9,-4,24,28,-5,85,90,-34,276,310,27
"20","2002",2016,"male","Foreign",224,165,371,206,59,116,57,-68,559,627,70
"20","2002",2016,"female","Austrian",-24,0,11,11,-24,82,106,-55,263,318,21
"20","2002",2016,"female","Foreign",222,184,303,119,38,73,35,-80,369,449,50
"20","2002",2017,"male","Austrian",11,2,34,32,9,82,73,-126,232,358,23
"20","2002",2017,"male","Foreign",130,92,292,200,38,127,89,-45,606,651,45
"20","2002",2017,"female","Austrian",-31,-13,10,23,-18,78,96,-123,234,357,21
"20","2002",2017,"female","Foreign",129,119,265,146,10,58,48,-53,379,432,42
"20","2002",2018,"male","Austrian",-42,-14,19,33,-28,54,82,-65,257,322,23
"20","2002",2018,"male","Foreign",26,34,219,185,-8,51,59,-100,501,601,44
"20","2002",2018,"female","Austrian",-37,-17,11,28,-20,73,93,-76,264,340,26
"20","2002",2018,"female","Foreign",78,79,206,127,-1,39,40,-132,349,481,43
"20","2002",2019,"male","Austrian",-16,9,32,23,-25,65,90,-76,269,345,29
"20","2002",2019,"male","Foreign",-7,1,216,215,-8,54,62,-44,513,557,49
"20","2002",2019,"female","Austrian",-46,-10,14,24,-36,66,102,-111,239,350,38
"20","2002",2019,"female","Foreign",44,43,181,138,1,51,50,-44,360,404,38
"20","2002",2020,"male","Austrian",-42,-13,15,28,-29,78,107,-88,227,315,34
"20","2002",2020,"male","Foreign",103,70,230,160,33,87,54,-123,502,625,47
"20","2002",2020,"female","Austrian",-71,-15,6,21,-56,74,130,-29,270,299,20
"20","2002",2020,"female","Foreign",98,77,172,95,21,56,35,-71,366,437,41
"20","2002",2021,"male","Austrian",-38,-1,23,24,-37,63,100,-67,247,314,27
"20","2002",2021,"male","Foreign",33,17,219,202,16,96,80,5,507,502,56
"20","2002",2021,"female","Austrian",-27,-10,11,21,-17,60,77,-111,207,318,33
"20","2002",2021,"female","Foreign",40,52,168,116,-12,51,63,-88,305,393,40
"20","2002",2022,"male","Austrian",-18,-4,35,39,-14,84,98,-39,232,271,19
"20","2002",2022,"male","Foreign",355,232,422,190,123,175,52,35,673,638,55
"20","2002",2022,"female","Austrian",-30,-7,22,29,-23,72,95,-67,228,295,32
"20","2002",2022,"female","Foreign",348,293,442,149,55,92,37,-2,470,472,59
"20","2002",2023,"male","Austrian",-21,-8,23,31,-13,74,87,-42,258,300,18
"20","2002",2023,"male","Foreign",287,109,334,225,178,269,91,29,817,788,71
"20","2002",2023,"female","Austrian",-17,-4,20,24,-13,64,77,-70,230,300,19
"20","2002",2023,"female","Foreign",242,162,323,161,80,124,44,-35,441,476,47
"20","2003",2007,"male","Austrian",12,-14,25,39,26,103,77,-42,358,400,55
"20","2003",2007,"male","Foreign",59,54,206,152,5,37,32,-79,319,398,38
"20","2003",2007,"female","Austrian",5,-14,13,27,19,91,72,12,348,336,45
"20","2003",2007,"female","Foreign",88,87,199,112,1,28,27,-111,198,309,32
"20","2003",2008,"male","Austrian",21,-11,26,37,32,99,67,-91,346,437,27
"20","2003",2008,"male","Foreign",96,75,253,178,21,47,26,-80,281,361,42
"20","2003",2008,"female","Austrian",-10,-18,10,28,8,98,90,-64,288,352,26
"20","2003",2008,"female","Foreign",103,94,217,123,9,28,19,-58,229,287,34
"20","2003",2009,"male","Austrian",-1,-24,24,48,23,109,86,-91,268,359,27
"20","2003",2009,"male","Foreign",32,18,211,193,14,49,35,-38,317,355,33
"20","2003",2009,"female","Austrian",9,-9,12,21,18,103,85,-2,334,336,37
"20","2003",2009,"female","Foreign",69,59,214,155,10,28,18,-102,225,327,30
"20","2003",2010,"male","Austrian",29,-4,26,30,33,120,87,-32,343,375,39
"20","2003",2010,"male","Foreign",104,71,278,207,33,63,30,-41,289,330,41
"20","2003",2010,"female","Austrian",9,-8,17,25,17,108,91,-21,292,313,38
"20","2003",2010,"female","Foreign",92,82,231,149,10,42,32,-21,241,262,24
"20","2003",2011,"male","Austrian",30,-4,29,33,34,114,80,-84,250,334,24
"20","2003",2011,"male","Foreign",96,66,280,214,30,61,31,-67,321,388,40
"20","2003",2011,"female","Austrian",18,-6,14,20,24,113,89,-59,277,336,21
"20","2003",2011,"female","Foreign",110,85,211,126,25,47,22,-38,263,301,22
"20","2003",2012,"male","Austrian",6,-14,32,46,20,111,91,-48,278,326,32
"20","2003",2012,"male","Foreign",139,123,330,207,16,54,38,-75,328,403,30
"20","2003",2012,"female","Austrian",32,-2,25,27,34,124,90,-75,265,340,27
"20","2003",2012,"female","Foreign",124,138,268,130,-14,30,44,-92,241,333,21
"20","2003",2013,"male","Austrian",-33,-28,22,50,-5,79,84,-56,287,343,22
"20","2003",2013,"male","Foreign",171,153,340,187,18,54,36,-76,357,433,37
"20","2003",2013,"female","Austrian",-31,-21,9,30,-10,108,118,-48,273,321,29
"20","2003",2013,"female","Foreign",148,137,273,136,11,43,32,-94,219,313,35
"20","2003",2014,"male","Austrian",-25,-18,16,34,-7,91,98,-70,257,327,19
"20","2003",2014,"male","Foreign",184,117,346,229,67,103,36,-51,418,469,43
"20","2003",2014,"female","Austrian",-8,-21,16,37,13,101,88,12,305,293,24
"20","2003",2014,"female","Foreign",178,158,301,143,20,50,30,-93,279,372,31
"20","2003",2015,"male","Austrian",13,-15,14,29,28,113,85,-28,285,313,33
"20","2003",2015,"male","Foreign",146,137,352,215,9,99,90,-86,455,541,42
"20","2003",2015,"female","Austrian",-9,-8,16,24,-1,93,94,-35,286,321,25
"20","2003",2015,"female","Foreign",151,168,320,152,-17,39,56,-75,331,406,31
"20","2003",2016,"male","Austrian",-28,-5,23,28,-23,74,97,-72,272,344,46
"20","2003",2016,"male","Foreign",193,115,307,192,78,157,79,-48,605,653,39
"20","2003",2016,"female","Austrian",-31,-13,10,23,-18,105,123,-48,295,343,39
"20","2003",2016,"female","Foreign",155,146,292,146,9,60,51,-76,362,438,25
"20","2003",2017,"male","Austrian",-21,-9,26,35,-12,92,104,-61,283,344,29
"20","2003",2017,"male","Foreign",115,95,305,210,20,83,63,-135,552,687,40
"20","2003",2017,"female","Austrian",-44,-12,15,27,-32,81,113,-44,306,350,30
"20","2003",2017,"female","Foreign",150,134,309,175,16,51,35,-96,369,465,33
"20","2003",2018,"male","Austrian",-21,-8,15,23,-13,77,90,16,297,281,36
"20","2003",2018,"male","Foreign",41,54,280,226,-13,68,81,-88,542,630,34
"20","2003",2018,"female","Austrian",0,-13,13,26,13,100,87,-67,281,348,34
"20","2003",2018,"female","Foreign",63,57,246,189,6,54,48,-100,360,460,23
"20","2003",2019,"male","Austrian",2,-15,21,36,17,104,87,14,331,317,35
"20","2003",2019,"male","Foreign",162,140,324,184,22,87,65,-91,487,578,37
"20","2003",2019,"female","Austrian",7,-9,19,28,16,116,100,-32,267,299,44
"20","2003",2019,"female","Foreign",147,117,261,144,30,82,52,-107,341,448,37
"20","2003",2020,"male","Austrian",-4,10,26,16,-14,89,103,-54,291,345,19
"20","2003",2020,"male","Foreign",102,78,245,167,24,79,55,-82,447,529,47
"20","2003",2020,"female","Austrian",-18,-7,12,19,-11,101,112,-78,268,346,26
"20","2003",2020,"female","Foreign",106,92,235,143,14,50,36,-142,301,443,33
"20","2003",2021,"male","Austrian",14,4,26,22,10,106,96,-44,257,301,32
"20","2003",2021,"male","Foreign",121,34,239,205,87,150,63,-101,496,597,38
"20","2003",2021,"female","Austrian",-48,-21,8,29,-27,84,111,-9,271,280,23
"20","2003",2021,"female","Foreign",79,63,195,132,16,68,52,-101,322,423,26
"20","2003",2022,"male","Austrian",-31,-15,17,32,-16,103,119,-58,250,308,34
"20","2003",2022,"male","Foreign",238,132,365,233,106,161,55,-105,571,676,31
"20","2003",2022,"female","Austrian",-41,-13,18,31,-28,84,112,-27,241,268,42
"20","2003",2022,"female","Foreign",253,228,418,190,25,73,48,-107,379,486,30
"20","2003",2023,"male","Austrian",-13,-7,13,20,-6,69,75,-91,226,317,20
"20","2003",2023,"male","Foreign",217,109,346,237,108,191,83,-95,630,725,40
"20","2003",2023,"female","Austrian",-28,-7,18,25,-21,73,94,-16,250,266,36
"20","2003",2023,"female","Foreign",155,152,329,177,3,48,45,-148,355,503,37
"20","2004",2007,"male","Austrian",-32,-18,12,30,-14,65,79,30,193,163,17
"20","2004",2007,"male","Foreign",49,53,169,116,-4,16,20,-11,146,157,21
"20","2004",2007,"female","Austrian",-15,-7,5,12,-8,81,89,-1,172,173,21
"20","2004",2007,"female","Foreign",37,44,168,124,-7,9,16,24,120,96,10
"20","2004",2008,"male","Austrian",-23,-15,9,24,-8,70,78,-56,158,214,19
"20","2004",2008,"male","Foreign",30,27,157,130,3,15,12,-5,151,156,25
"20","2004",2008,"female","Austrian",-12,-9,5,14,-3,73,76,-34,148,182,22
"20","2004",2008,"female","Foreign",22,24,149,125,-2,10,12,-9,133,142,10
"20","2004",2009,"male","Austrian",12,-11,15,26,23,87,64,-50,157,207,19
"20","2004",2009,"male","Foreign",-2,0,161,161,-2,13,15,51,187,136,32
"20","2004",2009,"female","Austrian",-18,-8,15,23,-10,66,76,-24,157,181,20
"20","2004",2009,"female","Foreign",21,22,150,128,-1,12,13,25,131,106,22
"20","2004",2010,"male","Austrian",-13,-7,20,27,-6,70,76,-33,153,186,19
"20","2004",2010,"male","Foreign",32,28,171,143,4,18,14,32,187,155,32
"20","2004",2010,"female","Austrian",-15,-14,6,20,-1,67,68,-48,135,183,14
"20","2004",2010,"female","Foreign",80,69,215,146,11,19,8,5,140,135,20
"20","2004",2011,"male","Austrian",15,-5,9,14,20,85,65,-58,151,209,27
"20","2004",2011,"male","Foreign",82,73,241,168,9,23,14,9,177,168,31
"20","2004",2011,"female","Austrian",1,-4,13,17,5,70,65,-35,148,183,20
"20","2004",2011,"female","Foreign",65,63,229,166,2,18,16,20,162,142,18
"20","2004",2012,"male","Austrian",-17,-7,18,25,-10,76,86,-43,159,202,23
"20","2004",2012,"male","Foreign",141,140,326,186,1,19,18,-26,195,221,40
"20","2004",2012,"female","Austrian",0,-1,5,6,1,89,88,-42,141,183,16
"20","2004",2012,"female","Foreign",171,170,355,185,1,16,15,6,181,175,34
"20","2004",2013,"male","Austrian",-16,-5,19,24,-11,69,80,-36,151,187,14
"20","2004",2013,"male","Foreign",83,81,369,288,2,24,22,-4,283,287,29
"20","2004",2013,"female","Austrian",-23,1,14,13,-24,58,82,-9,160,169,12
"20","2004",2013,"female","Foreign",64,72,367,295,-8,12,20,-34,220,254,28
"20","2004",2014,"male","Austrian",0,-4,15,19,4,72,68,-12,168,180,14
"20","2004",2014,"male","Foreign",140,125,321,196,15,27,12,-30,255,285,30
"20","2004",2014,"female","Austrian",10,-5,10,15,15,80,65,-37,144,181,15
"20","2004",2014,"female","Foreign",120,121,335,214,-1,17,18,-25,219,244,33
"20","2004",2015,"male","Austrian",-12,-16,9,25,4,58,54,-31,149,180,21
"20","2004",2015,"male","Foreign",143,131,353,222,12,35,23,-64,279,343,40
"20","2004",2015,"female","Austrian",-23,-5,5,10,-18,34,52,-55,138,193,16
"20","2004",2015,"female","Foreign",118,122,341,219,-4,18,22,-60,220,280,26
"20","2004",2016,"male","Austrian",-37,-12,13,25,-25,50,75,-75,143,218,17
"20","2004",2016,"male","Foreign",113,116,358,242,-3,31,34,-33,277,310,38
"20","2004",2016,"female","Austrian",-3,0,16,16,-3,42,45,-93,115,208,17
"20","2004",2016,"female","Foreign",75,77,330,253,-2,22,24,15,255,240,35
"20","2004",2017,"male","Austrian",-19,-5,15,20,-14,36,50,-35,132,167,8
"20","2004",2017,"male","Foreign",47,37,303,266,10,36,26,-17,281,298,46
"20","2004",2017,"female","Austrian",-7,-15,4,19,8,51,43,-52,108,160,12
"20","2004",2017,"female","Foreign",141,152,435,283,-11,16,27,-7,226,233,33
"20","2004",2018,"male","Austrian",-22,-6,12,18,-16,41,57,-31,130,161,15
"20","2004",2018,"male","Foreign",39,60,332,272,-21,29,50,-23,279,302,38
"20","2004",2018,"female","Austrian",-33,-5,9,14,-28,33,61,-57,111,168,16
"20","2004",2018,"female","Foreign",68,63,405,342,5,32,27,-65,218,283,29
"20","2004",2019,"male","Austrian",-31,-5,13,18,-26,21,47,-22,156,178,11
"20","2004",2019,"male","Foreign",89,83,315,232,6,29,23,-2,301,303,35
"20","2004",2019,"female","Austrian",-20,3,10,7,-23,42,65,-54,135,189,13
"20","2004",2019,"female","Foreign",70,73,347,274,-3,28,31,-62,201,263,29
"20","2004",2020,"male","Austrian",-44,-9,8,17,-35,24,59,-65,101,166,13
"20","2004",2020,"male","Foreign",-33,-36,188,224,3,27,24,-25,245,270,48
"20","2004",2020,"female","Austrian",-33,-3,12,15,-30,25,55,-47,117,164,13
"20","2004",2020,"female","Foreign",-17,-15,262,277,-2,19,21,-34,198,232,42
"20","2004",2021,"male","Austrian",-24,2,11,9,-26,23,49,-62,105,167,13
"20","2004",2021,"male","Foreign",193,131,298,167,62,93,31,-71,248,319,33
"20","2004",2021,"female","Austrian",-34,-1,7,8,-33,20,53,-84,98,182,9
"20","2004",2021,"female","Foreign",111,106,285,179,5,25,20,-95,168,263,32
"20","2004",2022,"male","Austrian",-22,-6,11,17,-16,38,54,-19,122,141,12
"20","2004",2022,"male","Foreign",214,149,351,202,65,95,30,-110,307,417,34
"20","2004",2022,"female","Austrian",-39,-13,7,20,-26,26,52,-39,111,150,14
"20","2004",2022,"female","Foreign",198,186,455,269,12,41,29,-52,220,272,25
"20","2004",2023,"male","Austrian",-5,-8,13,21,3,49,46,-12,129,141,18
"20","2004",2023,"male","Foreign",87,85,359,274,2,51,49,-39,342,381,21
"20","2004",2023,"female","Austrian",-22,-9,9,18,-13,35,48,-54,99,153,19
"20","2004",2023,"female","Foreign",60,64,399,335,-4,22,26,-55,232,287,21
"20","2005",2007,"male","Austrian",13,-7,27,34,20,93,73,-84,243,327,22
"20","2005",2007,"male","Foreign",24,15,235,220,9,54,45,32,420,388,32
"20","2005",2007,"female","Austrian",-14,-10,8,18,-4,92,96,-56,243,299,18
"20","2005",2007,"female","Foreign",84,96,215,119,-12,23,35,-59,246,305,17
"20","2005",2008,"male","Austrian",16,-8,25,33,24,100,76,-127,226,353,36
"20","2005",2008,"male","Foreign",70,31,210,179,39,69,30,-74,332,406,41
"20","2005",2008,"female","Austrian",-2,0,14,14,-2,82,84,-100,229,329,20
"20","2005",2008,"female","Foreign",75,67,184,117,8,34,26,-57,242,299,29
"20","2005",2009,"male","Austrian",12,-5,27,32,17,84,67,-54,258,312,30
"20","2005",2009,"male","Foreign",65,11,213,202,54,84,30,-45,352,397,43
"20","2005",2009,"female","Austrian",14,-8,16,24,22,101,79,-96,208,304,20
"20","2005",2009,"female","Foreign",76,66,180,114,10,34,24,-23,276,299,24
"20","2005",2010,"male","Austrian",-25,-25,24,49,0,87,87,-30,247,277,30
"20","2005",2010,"male","Foreign",115,89,283,194,26,66,40,-82,353,435,48
"20","2005",2010,"female","Austrian",13,-5,12,17,18,80,62,-90,183,273,18
"20","2005",2010,"female","Foreign",110,84,217,133,26,45,19,-74,231,305,33
"20","2005",2011,"male","Austrian",6,-1,34,35,7,76,69,-66,214,280,22
"20","2005",2011,"male","Foreign",31,7,245,238,24,56,32,-50,372,422,24
"20","2005",2011,"female","Austrian",3,-5,10,15,8,98,90,-53,221,274,21
"20","2005",2011,"female","Foreign",69,62,221,159,7,40,33,-83,252,335,24
"20","2005",2012,"male","Austrian",14,-1,32,33,15,85,70,-47,240,287,23
"20","2005",2012,"male","Foreign",165,106,357,251,59,95,36,-82,452,534,40
"20","2005",2012,"female","Austrian",22,-5,14,19,27,107,80,-66,206,272,20
"20","2005",2012,"female","Foreign",153,139,295,156,14,35,21,-93,243,336,20
"20","2005",2013,"male","Austrian",-3,-9,27,36,6,85,79,-85,199,284,12
"20","2005",2013,"male","Foreign",149,119,356,237,30,76,46,-114,418,532,38
"20","2005",2013,"female","Austrian",40,-3,17,20,43,98,55,-91,200,291,14
"20","2005",2013,"female","Foreign",157,152,311,159,5,42,37,-69,272,341,28
"20","2005",2014,"male","Austrian",0,-12,26,38,12,79,67,-65,208,273,18
"20","2005",2014,"male","Foreign",227,153,405,252,74,102,28,-20,449,469,34
"20","2005",2014,"female","Austrian",10,-11,11,22,21,97,76,-59,230,289,22
"20","2005",2014,"female","Foreign",160,148,313,165,12,45,33,-105,254,359,26
"20","2005",2015,"male","Austrian",-19,-9,22,31,-10,68,78,-80,205,285,15
"20","2005",2015,"male","Foreign",281,147,358,211,134,185,51,-177,469,646,56
"20","2005",2015,"female","Austrian",-7,-4,14,18,-3,73,76,-32,210,242,26
"20","2005",2015,"female","Foreign",164,142,278,136,22,58,36,-114,283,397,23
"20","2005",2016,"male","Austrian",2,7,31,24,-5,69,74,-52,208,260,21
"20","2005",2016,"male","Foreign",216,114,330,216,102,158,56,-63,590,653,40
"20","2005",2016,"female","Austrian",-16,-7,10,17,-9,73,82,-63,197,260,13
"20","2005",2016,"female","Foreign",145,132,264,132,13,48,35,-67,302,369,19
"20","2005",2017,"male","Austrian",-35,-13,14,27,-22,58,80,-33,223,256,30
"20","2005",2017,"male","Foreign",117,37,276,239,80,137,57,-106,617,723,48
"20","2005",2017,"female","Austrian",-23,-4,18,22,-19,68,87,-46,189,235,18
"20","2005",2017,"female","Foreign",147,111,273,162,36,78,42,-101,338,439,28
"20","2005",2018,"male","Austrian",25,-8,13,21,33,93,60,-46,216,262,14
"20","2005",2018,"male","Foreign",7,4,245,241,3,92,89,-86,607,693,52
"20","2005",2018,"female","Austrian",-19,-6,18,24,-13,66,79,-63,207,270,13
"20","2005",2018,"female","Foreign",59,60,225,165,-1,39,40,-181,309,490,24
"20","2005",2019,"male","Austrian",7,-5,16,21,12,82,70,-55,200,255,18
"20","2005",2019,"male","Foreign",87,106,295,189,-19,78,97,-171,573,744,75
"20","2005",2019,"female","Austrian",11,-2,16,18,13,78,65,-48,206,254,11
"20","2005",2019,"female","Foreign",85,89,229,140,-4,36,40,-138,294,432,41
"20","2005",2020,"male","Austrian",18,-2,13,15,20,86,66,-71,171,242,17
"20","2005",2020,"male","Foreign",65,34,238,204,31,80,49,-181,445,626,54
"20","2005",2020,"female","Austrian",16,1,6,5,15,88,73,-87,158,245,18
"20","2005",2020,"female","Foreign",86,69,195,126,17,54,37,-197,210,407,16
"20","2005",2021,"male","Austrian",-37,4,17,13,-41,58,99,-96,169,265,7
"20","2005",2021,"male","Foreign",95,0,225,225,95,157,62,-203,414,617,56
"20","2005",2021,"female","Austrian",-23,-2,8,10,-21,64,85,-57,186,243,13
"20","2005",2021,"female","Foreign",49,40,181,141,9,49,40,-185,207,392,21
"20","2005",2022,"male","Austrian",11,-2,23,25,13,73,60,-83,168,251,18
"20","2005",2022,"male","Foreign",216,104,309,205,112,208,96,-150,544,694,44
"20","2005",2022,"female","Austrian",3,-7,11,18,10,92,82,-112,178,290,20
"20","2005",2022,"female","Foreign",245,236,356,120,9,51,42,-139,272,411,27
"20","2005",2023,"male","Austrian",-2,-3,12,15,1,66,65,-58,162,220,21
"20","2005",2023,"male","Foreign",225,79,304,225,146,239,93,0,738,738,93
"20","2005",2023,"female","Austrian",4,7,12,5,-3,55,58,-57,183,240,13
"20","2005",2023,"female","Foreign",94,55,227,172,39,70,31,-66,320,386,24
"20","2006",2007,"male","Austrian",0,2,16,14,-2,44,46,8,218,210,17
"20","2006",2007,"male","Foreign",10,11,55,44,-1,9,10,12,151,139,11
"20","2006",2007,"female","Austrian",-3,-3,11,14,0,53,53,-47,147,194,18
"20","2006",2007,"female","Foreign",40,38,73,35,2,10,8,14,116,102,11
"20","2006",2008,"male","Austrian",-31,-12,19,31,-19,37,56,-45,166,211,15
"20","2006",2008,"male","Foreign",65,54,107,53,11,17,6,27,171,144,9
"20","2006",2008,"female","Austrian",-31,-7,9,16,-24,43,67,-29,168,197,10
"20","2006",2008,"female","Foreign",44,40,89,49,4,14,10,-11,122,133,11
"20","2006",2009,"male","Austrian",-29,-8,13,21,-21,30,51,-50,155,205,14
"20","2006",2009,"male","Foreign",-1,-14,67,81,13,21,8,-13,147,160,4
"20","2006",2009,"female","Austrian",-30,-13,6,19,-17,43,60,-54,134,188,11
"20","2006",2009,"female","Foreign",23,17,62,45,6,14,8,-10,110,120,5
"20","2006",2010,"male","Austrian",-28,-20,14,34,-8,43,51,5,212,207,23
"20","2006",2010,"male","Foreign",38,33,100,67,5,20,15,43,181,138,3
"20","2006",2010,"female","Austrian",-20,-3,9,12,-17,49,66,-17,165,182,22
"20","2006",2010,"female","Foreign",44,36,91,55,8,21,13,51,178,127,3
"20","2006",2011,"male","Austrian",-19,-10,12,22,-9,51,60,-24,137,161,9
"20","2006",2011,"male","Foreign",41,27,92,65,14,23,9,50,219,169,17
"20","2006",2011,"female","Austrian",-27,-14,4,18,-13,37,50,-26,135,161,8
"20","2006",2011,"female","Foreign",31,25,73,48,6,16,10,37,171,134,14
"20","2006",2012,"male","Austrian",-10,-9,10,19,-1,45,46,-5,182,187,10
"20","2006",2012,"male","Foreign",44,46,116,70,-2,17,19,9,195,186,8
"20","2006",2012,"female","Austrian",-15,-3,7,10,-12,36,48,18,193,175,9
"20","2006",2012,"female","Foreign",66,63,110,47,3,19,16,22,175,153,12
"20","2006",2013,"male","Austrian",-4,9,19,10,-13,40,53,-23,161,184,11
"20","2006",2013,"male","Foreign",64,47,130,83,17,28,11,-6,205,211,3
"20","2006",2013,"female","Austrian",-4,-1,5,6,-3,36,39,-24,158,182,13
"20","2006",2013,"female","Foreign",72,61,128,67,11,23,12,14,176,162,9
"20","2006",2014,"male","Austrian",-5,-1,16,17,-4,40,44,-13,164,177,21
"20","2006",2014,"male","Foreign",89,79,161,82,10,31,21,54,270,216,10
"20","2006",2014,"female","Austrian",-5,-2,8,10,-3,40,43,-29,150,179,9
"20","2006",2014,"female","Foreign",43,55,129,74,-12,17,29,6,170,164,9
"20","2006",2015,"male","Austrian",-31,-12,13,25,-19,33,52,-36,162,198,8
"20","2006",2015,"male","Foreign",53,28,118,90,25,39,14,-6,237,243,6
"20","2006",2015,"female","Austrian",-30,-9,5,14,-21,37,58,-39,159,198,9
"20","2006",2015,"female","Foreign",62,47,111,64,15,25,10,22,196,174,4
"20","2006",2016,"male","Austrian",-4,7,19,12,-11,28,39,-13,167,180,15
"20","2006",2016,"male","Foreign",57,40,122,82,17,37,20,3,264,261,16
"20","2006",2016,"female","Austrian",-22,-5,7,12,-17,34,51,-7,158,165,10
"20","2006",2016,"female","Foreign",60,54,123,69,6,22,16,-5,199,204,12
"20","2006",2017,"male","Austrian",-9,-5,20,25,-4,42,46,-30,156,186,17
"20","2006",2017,"male","Foreign",51,38,125,87,13,58,45,47,351,304,14
"20","2006",2017,"female","Austrian",-20,-16,7,23,-4,34,38,-5,133,138,13
"20","2006",2017,"female","Foreign",41,40,102,62,1,34,33,6,236,230,8
"20","2006",2018,"male","Austrian",-33,-8,16,24,-25,20,45,-8,162,170,15
"20","2006",2018,"male","Foreign",2,-4,87,91,6,31,25,24,346,322,13
"20","2006",2018,"female","Austrian",-34,-7,11,18,-27,25,52,-53,135,188,9
"20","2006",2018,"female","Foreign",24,18,76,58,6,26,20,21,265,244,4
"20","2006",2019,"male","Austrian",-24,-6,16,22,-18,24,42,-63,133,196,7
"20","2006",2019,"male","Foreign",26,20,93,73,6,37,31,-8,297,305,13
"20","2006",2019,"female","Austrian",-26,1,10,9,-27,25,52,-23,149,172,11
"20","2006",2019,"female","Foreign",37,36,80,44,1,30,29,31,251,220,14
"20","2006",2020,"male","Austrian",-20,2,15,13,-22,28,50,-21,134,155,11
"20","2006",2020,"male","Foreign",29,22,91,69,7,37,30,35,308,273,15
"20","2006",2020,"female","Austrian",-19,1,13,12,-20,38,58,-39,117,156,9
"20","2006",2020,"female","Foreign",64,53,85,32,11,33,22,1,210,209,17
"20","2006",2021,"male","Austrian",-13,9,18,9,-22,30,52,-28,130,158,7
"20","2006",2021,"male","Foreign",74,12,82,70,62,89,27,30,317,287,12
"20","2006",2021,"female","Austrian",-21,-7,1,8,-14,36,50,-28,137,165,5
"20","2006",2021,"female","Foreign",15,17,74,57,-2,24,26,38,225,187,20
"20","2006",2022,"male","Austrian",-45,-9,13,22,-36,26,62,-44,124,168,9
"20","2006",2022,"male","Foreign",153,65,168,103,88,139,51,17,413,396,35
"20","2006",2022,"female","Austrian",-38,-16,8,24,-22,29,51,-65,102,167,8
"20","2006",2022,"female","Foreign",87,85,151,66,2,43,41,19,251,232,14
"20","2006",2023,"male","Austrian",-14,5,13,8,-19,36,55,-16,146,162,14
"20","2006",2023,"male","Foreign",79,27,135,108,52,101,49,-24,370,394,24
"20","2006",2023,"female","Austrian",-18,3,11,8,-21,37,58,-46,116,162,24
"20","2006",2023,"female","Foreign",56,42,116,74,14,29,15,24,254,230,23
"20","2007",2007,"male","Austrian",-32,-17,13,30,-15,55,70,75,351,276,71
"20","2007",2007,"male","Foreign",60,43,92,49,17,26,9,24,211,187,25
"20","2007",2007,"female","Austrian",14,-2,11,13,16,77,61,113,344,231,74
"20","2007",2007,"female","Foreign",59,52,105,53,7,21,14,47,177,130,17
"20","2007",2008,"male","Austrian",-31,-16,21,37,-15,69,84,77,379,302,48
"20","2007",2008,"male","Foreign",38,39,92,53,-1,14,15,95,247,152,12
"20","2007",2008,"female","Austrian",-14,-11,12,23,-3,91,94,59,340,281,56
"20","2007",2008,"female","Foreign",35,34,87,53,1,14,13,99,230,131,13
"20","2007",2009,"male","Austrian",-29,-21,13,34,-8,56,64,43,304,261,25
"20","2007",2009,"male","Foreign",38,15,96,81,23,35,12,46,228,182,12
"20","2007",2009,"female","Austrian",-12,-16,7,23,4,71,67,26,301,275,34
"20","2007",2009,"female","Foreign",48,32,91,59,16,24,8,47,210,163,9
"20","2007",2010,"male","Austrian",-9,-8,25,33,-1,61,62,14,298,284,24
"20","2007",2010,"male","Foreign",55,37,127,90,18,36,18,2,257,255,13
"20","2007",2010,"female","Austrian",-6,-21,7,28,15,79,64,90,343,253,36
"20","2007",2010,"female","Foreign",49,45,100,55,4,15,11,-11,200,211,10
"20","2007",2011,"male","Austrian",-16,-12,22,34,-4,63,67,90,325,235,28
"20","2007",2011,"male","Foreign",17,12,130,118,5,27,22,31,262,231,19
"20","2007",2011,"female","Austrian",0,5,19,14,-5,71,76,58,296,238,34
"20","2007",2011,"female","Foreign",24,20,89,69,4,16,12,36,204,168,12
"20","2007",2012,"male","Austrian",-7,-4,24,28,-3,83,86,-72,263,335,55
"20","2007",2012,"male","Foreign",77,70,147,77,7,18,11,-15,204,219,10
"20","2007",2012,"female","Austrian",-27,-10,11,21,-17,68,85,-37,256,293,48
"20","2007",2012,"female","Foreign",92,76,130,54,16,28,12,-17,183,200,5
"20","2007",2013,"male","Austrian",-11,-15,19,34,4,71,67,-74,226,300,30
"20","2007",2013,"male","Foreign",57,54,121,67,3,24,21,12,235,223,16
"20","2007",2013,"female","Austrian",-4,0,14,14,-4,66,70,-41,234,275,24
"20","2007",2013,"female","Foreign",69,67,133,66,2,23,21,8,216,208,10
"20","2007",2014,"male","Austrian",-27,-12,22,34,-15,64,79,-41,209,250,25
"20","2007",2014,"male","Foreign",80,63,137,74,17,38,21,40,250,210,16
"20","2007",2014,"female","Austrian",-6,-2,9,11,-4,67,71,-69,206,275,28
"20","2007",2014,"female","Foreign",74,70,132,62,4,25,21,36,216,180,17
"20","2007",2015,"male","Austrian",-13,-12,16,28,-1,68,69,-55,218,273,29
"20","2007",2015,"male","Foreign",97,68,155,87,29,57,28,-6,250,256,21
"20","2007",2015,"female","Austrian",-31,-6,6,12,-25,63,88,-64,225,289,25
"20","2007",2015,"female","Foreign",59,60,144,84,-1,25,26,-18,155,173,19
"20","2007",2016,"male","Austrian",-22,-13,18,31,-9,69,78,-8,254,262,24
"20","2007",2016,"male","Foreign",102,59,135,76,43,77,34,109,434,325,23
"20","2007",2016,"female","Austrian",-14,-3,15,18,-11,58,69,-13,227,240,28
"20","2007",2016,"female","Foreign",48,53,119,66,-5,20,25,56,278,222,29
"20","2007",2017,"male","Austrian",-21,4,27,23,-25,59,84,-3,281,284,30
"20","2007",2017,"male","Foreign",57,55,165,110,2,47,45,68,458,390,26
"20","2007",2017,"female","Austrian",-22,-6,12,18,-16,66,82,23,277,254,25
"20","2007",2017,"female","Foreign",97,82,164,82,15,30,15,60,318,258,19
"20","2007",2018,"male","Austrian",-46,-19,9,28,-27,58,85,-44,247,291,18
"20","2007",2018,"male","Foreign",34,34,136,102,0,47,47,-37,365,402,28
"20","2007",2018,"female","Austrian",-18,-12,10,22,-6,49,55,-32,255,287,25
"20","2007",2018,"female","Foreign",39,34,128,94,5,25,20,-20,252,272,14
"20","2007",2019,"male","Austrian",-26,4,23,19,-30,60,90,-86,210,296,19
"20","2007",2019,"male","Foreign",49,44,164,120,5,40,35,35,321,286,17
"20","2007",2019,"female","Austrian",-56,-2,8,10,-54,49,103,-57,223,280,24
"20","2007",2019,"female","Foreign",68,61,132,71,7,32,25,43,267,224,21
"20","2007",2020,"male","Austrian",-28,-2,15,17,-26,42,68,-87,188,275,15
"20","2007",2020,"male","Foreign",51,43,127,84,8,55,47,49,324,275,10
"20","2007",2020,"female","Austrian",-30,-9,8,17,-21,64,85,-41,197,238,17
"20","2007",2020,"female","Foreign",80,62,130,68,18,39,21,-15,236,251,18
"20","2007",2021,"male","Austrian",-29,-8,11,19,-21,48,69,-47,195,242,25
"20","2007",2021,"male","Foreign",118,54,163,109,64,109,45,1,342,341,24
"20","2007",2021,"female","Austrian",-41,-13,6,19,-28,47,75,1,224,223,25
"20","2007",2021,"female","Foreign",76,65,140,75,11,47,36,6,259,253,37
"20","2007",2022,"male","Austrian",-45,-5,15,20,-40,45,85,-30,223,253,26
"20","2007",2022,"male","Foreign",155,90,201,111,65,105,40,-41,377,418,21
"20","2007",2022,"female","Austrian",-24,2,24,22,-26,43,69,-33,205,238,19
"20","2007",2022,"female","Foreign",133,114,205,91,19,53,34,-19,271,290,20
"20","2007",2023,"male","Austrian",1,-13,20,33,14,76,62,5,259,254,32
"20","2007",2023,"male","Foreign",155,98,213,115,57,111,54,138,571,433,28
"20","2007",2023,"female","Austrian",-16,-14,8,22,-2,77,79,77,299,222,27
"20","2007",2023,"female","Foreign",103,69,186,117,34,64,30,170,426,256,43
"20","2008",2007,"male","Austrian",-5,-2,11,13,-3,37,40,-34,119,153,4
"20","2008",2007,"male","Foreign",26,14,75,61,12,16,4,-10,143,153,2
"20","2008",2007,"female","Austrian",-10,-7,3,10,-3,42,45,-13,119,132,7
"20","2008",2007,"female","Foreign",46,43,74,31,3,9,6,-6,114,120,5
"20","2008",2008,"male","Austrian",-1,-3,7,10,2,41,39,-34,95,129,6
"20","2008",2008,"male","Foreign",25,20,99,79,5,16,11,3,150,147,5
"20","2008",2008,"female","Austrian",-26,-15,3,18,-11,30,41,-22,83,105,8
"20","2008",2008,"female","Foreign",37,31,82,51,6,15,9,-6,109,115,6
"20","2008",2009,"male","Austrian",-14,-13,9,22,-1,36,37,-72,74,146,11
"20","2008",2009,"male","Foreign",19,8,108,100,11,25,14,-21,132,153,6
"20","2008",2009,"female","Austrian",11,7,13,6,4,37,33,-70,68,138,5
"20","2008",2009,"female","Foreign",32,25,92,67,7,24,17,-42,88,130,5
"20","2008",2010,"male","Austrian",2,-7,7,14,9,44,35,-19,96,115,4
"20","2008",2010,"male","Foreign",11,4,106,102,7,21,14,-13,138,151,3
"20","2008",2010,"female","Austrian",-6,-7,3,10,1,38,37,-42,86,128,4
"20","2008",2010,"female","Foreign",22,21,83,62,1,19,18,-15,93,108,2
"20","2008",2011,"male","Austrian",17,1,10,9,16,56,40,24,139,115,8
"20","2008",2011,"male","Foreign",46,39,118,79,7,16,9,-15,159,174,8
"20","2008",2011,"female","Austrian",16,3,12,9,13,50,37,-24,112,136,18
"20","2008",2011,"female","Foreign",27,20,93,73,7,15,8,9,135,126,7
"20","2008",2012,"male","Austrian",-5,-4,10,14,-1,43,44,-15,119,134,6
"20","2008",2012,"male","Foreign",55,47,131,84,8,18,10,4,164,160,4
"20","2008",2012,"female","Austrian",2,0,6,6,2,42,40,-15,91,106,10
"20","2008",2012,"female","Foreign",55,54,100,46,1,14,13,-10,99,109,3
"20","2008",2013,"male","Austrian",5,-6,8,14,11,47,36,-33,96,129,5
"20","2008",2013,"male","Foreign",12,-3,131,134,15,32,17,-44,137,181,9
"20","2008",2013,"female","Austrian",-9,-10,6,16,1,40,39,-55,87,142,5
"20","2008",2013,"female","Foreign",50,49,121,72,1,17,16,-24,103,127,7
"20","2008",2014,"male","Austrian",-2,3,11,8,-5,33,38,-46,82,128,5
"20","2008",2014,"male","Foreign",111,108,184,76,3,17,14,7,181,174,0
"20","2008",2014,"female","Austrian",-9,-2,3,5,-7,34,41,-49,86,135,3
"20","2008",2014,"female","Foreign",111,107,163,56,4,12,8,-15,120,135,3
"20","2008",2015,"male","Austrian",6,0,13,13,6,36,30,-42,94,136,5
"20","2008",2015,"male","Foreign",96,81,161,80,15,35,20,-26,183,209,4
"20","2008",2015,"female","Austrian",4,-1,5,6,5,40,35,-56,73,129,0
"20","2008",2015,"female","Foreign",50,54,115,61,-4,18,22,-44,119,163,19
"20","2008",2016,"male","Austrian",-12,-3,10,13,-9,33,42,-32,76,108,2
"20","2008",2016,"male","Foreign",58,30,132,102,28,46,18,49,319,270,6
"20","2008",2016,"female","Austrian",3,-3,4,7,6,43,37,-11,84,95,5
"20","2008",2016,"female","Foreign",77,61,105,44,16,27,11,2,207,205,5
"20","2008",2017,"male","Austrian",-4,2,10,8,-6,27,33,-27,81,108,6
"20","2008",2017,"male","Foreign",87,67,164,97,20,77,57,-97,302,399,8
"20","2008",2017,"female","Austrian",11,2,7,5,9,44,35,-28,69,97,4
"20","2008",2017,"female","Foreign",93,90,150,60,3,30,27,-89,141,230,4
"20","2008",2018,"male","Austrian",12,-3,8,11,15,49,34,-45,89,134,6
"20","2008",2018,"male","Foreign",110,82,193,111,28,49,21,-27,287,314,7
"20","2008",2018,"female","Austrian",-21,-15,3,18,-6,29,35,-33,90,123,5
"20","2008",2018,"female","Foreign",127,115,194,79,12,36,24,-16,177,193,8
"20","2008",2019,"male","Austrian",17,-7,6,13,24,51,27,-16,110,126,6
"20","2008",2019,"male","Foreign",159,142,268,126,17,44,27,-45,274,319,17
"20","2008",2019,"female","Austrian",9,1,8,7,8,47,39,-38,89,127,10
"20","2008",2019,"female","Foreign",106,94,199,105,12,27,15,-39,192,231,17
"20","2008",2020,"male","Austrian",5,-3,12,15,8,40,32,-7,100,107,3
"20","2008",2020,"male","Foreign",54,38,148,110,16,37,21,-59,215,274,14
"20","2008",2020,"female","Austrian",-2,0,4,4,-2,30,32,-29,85,114,2
"20","2008",2020,"female","Foreign",86,73,166,93,13,31,18,-80,150,230,10
"20","2008",2021,"male","Austrian",-11,-8,4,12,-3,43,46,-31,89,120,1
"20","2008",2021,"male","Foreign",47,19,173,154,28,55,27,-28,241,269,19
"20","2008",2021,"female","Austrian",-4,5,8,3,-9,26,35,-22,77,99,3
"20","2008",2021,"female","Foreign",115,106,219,113,9,30,21,-52,146,198,17
"20","2008",2022,"male","Austrian",-22,-4,7,11,-18,26,44,-26,91,117,3
"20","2008",2022,"male","Foreign",256,233,337,104,23,72,49,-148,258,406,20
"20","2008",2022,"female","Austrian",-12,0,7,7,-12,35,47,-29,81,110,1
"20","2008",2022,"female","Foreign",266,254,367,113,12,54,42,-103,214,317,16
"20","2008",2023,"male","Austrian",-3,4,16,12,-7,25,32,53,161,108,12
"20","2008",2023,"male","Foreign",142,100,258,158,42,85,43,-117,326,443,15
"20","2008",2023,"female","Austrian",0,-3,7,10,3,37,34,22,154,132,8
"20","2008",2023,"female","Foreign",111,90,232,142,21,46,25,-126,206,332,15
"20","2099",2007,"male","Austrian",-21,-5,1,6,-16,0,16,-89,2,91,0
"20","2099",2007,"male","Foreign",-13,-10,0,10,-3,0,3,-44,2,46,0
"20","2099",2007,"female","Austrian",-27,-5,0,5,-22,0,22,-73,2,75,0
"20","2099",2007,"female","Foreign",-7,-5,0,5,-2,0,2,-36,0,36,0
"20","2099",2008,"male","Austrian",0,0,0,0,0,1,1,-3,8,11,0
"20","2099",2008,"male","Foreign",3,2,2,0,1,1,0,-4,2,6,0
"20","2099",2008,"female","Austrian",-2,-1,0,1,-1,1,2,-3,8,11,0
"20","2099",2008,"female","Foreign",1,1,1,0,0,0,0,-4,3,7,1
"20","2099",2009,"male","Austrian",-2,-2,0,2,0,0,0,-7,0,7,0
"20","2099",2009,"male","Foreign",-2,-2,3,5,0,0,0,-6,2,8,0
"20","2099",2009,"female","Austrian",-2,-1,0,1,-1,0,1,-8,0,8,0
"20","2099",2009,"female","Foreign",-1,-1,1,2,0,0,0,-1,1,2,0
"20","2099",2010,"male","Austrian",0,1,1,0,-1,1,2,-4,1,5,0
"20","2099",2010,"male","Foreign",-2,-3,2,5,1,1,0,-1,4,5,0
"20","2099",2010,"female","Austrian",0,0,0,0,0,0,0,-4,1,5,0
"20","2099",2010,"female","Foreign",1,1,1,0,0,0,0,0,3,3,0
"20","2099",2011,"male","Austrian",-3,0,0,0,-3,0,3,-9,0,9,0
"20","2099",2011,"male","Foreign",0,0,0,0,0,0,0,-5,2,7,0
"20","2099",2011,"female","Austrian",-2,0,0,0,-2,0,2,-6,0,6,0
"20","2099",2011,"female","Foreign",0,0,0,0,0,0,0,0,1,1,0
"20","2099",2012,"male","Austrian",-3,-2,0,2,-1,0,1,-6,0,6,0
"20","2099",2012,"male","Foreign",0,0,0,0,0,0,0,-2,1,3,0
"20","2099",2012,"female","Austrian",-2,-1,0,1,-1,0,1,-6,0,6,0
"20","2099",2012,"female","Foreign",-2,-1,0,1,-1,0,1,-1,1,2,0
"20","2099",2013,"male","Austrian",0,1,1,0,-1,0,1,-7,3,10,0
"20","2099",2013,"male","Foreign",1,1,3,2,0,0,0,-6,0,6,0
"20","2099",2013,"female","Austrian",-1,0,0,0,-1,1,2,-3,1,4,0
"20","2099",2013,"female","Foreign",2,2,3,1,0,0,0,-5,1,6,0
"20","2099",2014,"male","Austrian",0,0,0,0,0,0,0,-1,2,3,0
"20","2099",2014,"male","Foreign",1,1,1,0,0,0,0,-5,0,5,0
"20","2099",2014,"female","Austrian",-1,0,0,0,-1,0,1,0,5,5,0
"20","2099",2014,"female","Foreign",1,1,1,0,0,0,0,-2,0,2,0
"20","2099",2015,"male","Austrian",-1,0,0,0,-1,1,2,-2,1,3,0
"20","2099",2015,"male","Foreign",-1,-1,0,1,0,0,0,-6,0,6,0
"20","2099",2015,"female","Austrian",0,0,0,0,0,0,0,-2,1,3,0
"20","2099",2015,"female","Foreign",1,1,1,0,0,0,0,-5,0,5,0
"20","2099",2016,"male","Austrian",-2,-1,0,1,-1,0,1,-2,0,2,0
"20","2099",2016,"male","Foreign",0,0,0,0,0,0,0,-2,0,2,0
"20","2099",2016,"female","Austrian",0,0,0,0,0,0,0,-2,1,3,0
"20","2099",2016,"female","Foreign",-1,0,0,0,-1,0,1,0,0,0,0
"20","2099",2017,"male","Austrian",-2,0,0,0,-2,0,2,-1,0,1,0
"20","2099",2017,"male","Foreign",0,0,0,0,0,0,0,-1,0,1,0
"20","2099",2017,"female","Austrian",0,0,0,0,0,0,0,-3,0,3,0
"20","2099",2017,"female","Foreign",-1,0,0,0,-1,0,1,-1,0,1,0
"20","2099",2018,"male","Austrian",-1,0,0,0,-1,0,1,-2,0,2,0
"20","2099",2018,"male","Foreign",-1,-1,0,1,0,0,0,-1,0,1,0
"20","2099",2018,"female","Austrian",-1,0,0,0,-1,0,1,-4,1,5,0
"20","2099",2018,"female","Foreign",0,0,0,0,0,0,0,0,0,0,0
"20","2099",2019,"male","Austrian",0,0,0,0,0,0,0,1,2,1,0
"20","2099",2019,"male","Foreign",0,0,0,0,0,0,0,0,0,0,0
"20","2099",2019,"female","Austrian",0,0,0,0,0,0,0,0,0,0,0
"20","2099",2019,"female","Foreign",0,0,0,0,0,0,0,0,0,0,0
"20","2099",2020,"male","Austrian",0,0,0,0,0,0,0,0,0,0,0
"20","2099",2020,"male","Foreign",1,0,0,0,1,1,0,0,0,0,0
"20","2099",2020,"female","Austrian",0,0,0,0,0,0,0,0,0,0,0
"20","2099",2020,"female","Foreign",0,0,0,0,0,0,0,0,0,0,0
"20","2099",2021,"male","Austrian",0,0,0,0,0,0,0,0,0,0,0
"20","2099",2021,"male","Foreign",0,0,0,0,0,0,0,0,0,0,0
"20","2099",2021,"female","Austrian",0,0,0,0,0,0,0,0,0,0,0
"20","2099",2021,"female","Foreign",0,0,0,0,0,0,0,0,0,0,0
"20","2099",2022,"male","Austrian",0,0,0,0,0,0,0,0,0,0,0
"20","2099",2022,"male","Foreign",1,0,0,0,1,1,0,2,2,0,0
"20","2099",2022,"female","Austrian",1,0,0,0,1,1,0,0,0,0,0
"20","2099",2022,"female","Foreign",0,0,0,0,0,0,0,3,3,0,0
"20","2099",2023,"male","Austrian",0,0,0,0,0,0,0,0,0,0,0
"20","2099",2023,"male","Foreign",0,0,0,0,0,0,0,0,0,0,0
"20","2099",2023,"female","Austrian",0,0,0,0,0,0,0,0,0,0,0
"20","2099",2023,"female","Foreign",0,0,0,0,0,0,0,0,0,0,0
"21","2101",2007,"male","Austrian",2,-1,0,1,3,4,1,7,24,17,3
"21","2101",2007,"male","Foreign",-3,0,3,3,-3,0,3,-5,2,7,0
"21","2101",2007,"female","Austrian",-1,0,0,0,-1,2,3,19,31,12,4
"21","2101",2007,"female","Foreign",-7,-4,3,7,-3,0,3,-4,3,7,0
"21","2101",2008,"male","Austrian",3,3,3,0,0,5,5,-2,18,20,1
"21","2101",2008,"male","Foreign",5,4,5,1,1,1,0,-2,9,11,0
"21","2101",2008,"female","Austrian",3,1,1,0,2,9,7,-10,16,26,5
"21","2101",2008,"female","Foreign",8,6,6,0,2,4,2,2,7,5,0
"21","2101",2009,"male","Austrian",2,1,2,1,1,8,7,-2,20,22,3
"21","2101",2009,"male","Foreign",3,4,6,2,-1,0,1,-1,0,1,1
"21","2101",2009,"female","Austrian",7,-1,0,1,8,11,3,6,19,13,1
"21","2101",2009,"female","Foreign",0,1,4,3,-1,0,1,0,1,1,0
"21","2101",2010,"male","Austrian",-11,-2,2,4,-9,5,14,5,16,11,2
"21","2101",2010,"male","Foreign",-2,-2,4,6,0,0,0,-2,1,3,0
"21","2101",2010,"female","Austrian",-3,0,1,1,-3,6,9,-2,12,14,0
"21","2101",2010,"female","Foreign",0,-1,0,1,1,1,0,-1,4,5,1
"21","2101",2011,"male","Austrian",-2,-1,1,2,-1,4,5,-6,16,22,0
"21","2101",2011,"male","Foreign",0,0,2,2,0,0,0,-2,0,2,0
"21","2101",2011,"female","Austrian",-2,0,0,0,-2,7,9,4,21,17,0
"21","2101",2011,"female","Foreign",1,3,3,0,-2,0,2,0,2,2,0
"21","2101",2012,"male","Austrian",-4,3,4,1,-7,5,12,3,13,10,2
"21","2101",2012,"male","Foreign",2,3,4,1,-1,0,1,-3,0,3,0
"21","2101",2012,"female","Austrian",-2,-1,0,1,-1,10,11,0,13,13,5
"21","2101",2012,"female","Foreign",2,2,5,3,0,0,0,-1,1,2,0
"21","2101",2013,"male","Austrian",-2,-1,2,3,-1,5,6,5,24,19,2
"21","2101",2013,"male","Foreign",0,0,1,1,0,0,0,2,3,1,0
"21","2101",2013,"female","Austrian",-10,0,1,1,-10,3,13,8,25,17,1
"21","2101",2013,"female","Foreign",3,3,4,1,0,0,0,-2,5,7,0
"21","2101",2014,"male","Austrian",0,-3,2,5,3,11,8,20,42,22,3
"21","2101",2014,"male","Foreign",4,3,5,2,1,2,1,4,8,4,0
"21","2101",2014,"female","Austrian",0,-2,0,2,2,12,10,18,44,26,3
"21","2101",2014,"female","Foreign",2,3,5,2,-1,1,2,2,7,5,0
"21","2101",2015,"male","Austrian",-1,2,2,0,-3,10,13,21,39,18,0
"21","2101",2015,"male","Foreign",0,0,3,3,0,1,1,2,5,3,0
"21","2101",2015,"female","Austrian",-6,0,2,2,-6,8,14,12,28,16,0
"21","2101",2015,"female","Foreign",-1,0,3,3,-1,1,2,3,8,5,0
"21","2101",2016,"male","Austrian",-9,0,3,3,-9,7,16,7,20,13,3
"21","2101",2016,"male","Foreign",7,12,24,12,-5,2,7,-3,4,7,0
"21","2101",2016,"female","Austrian",-6,-1,0,1,-5,6,11,19,36,17,3
"21","2101",2016,"female","Foreign",0,1,2,1,-1,0,1,-3,3,6,0
"21","2101",2017,"male","Austrian",-2,2,3,1,-4,8,12,9,31,22,1
"21","2101",2017,"male","Foreign",-2,-4,4,8,2,4,2,4,13,9,0
"21","2101",2017,"female","Austrian",-8,0,0,0,-8,6,14,13,29,16,1
"21","2101",2017,"female","Foreign",-1,1,3,2,-2,2,4,9,13,4,0
"21","2101",2018,"male","Austrian",-3,-2,0,2,-1,7,8,35,53,18,2
"21","2101",2018,"male","Foreign",3,1,2,1,2,2,0,11,20,9,1
"21","2101",2018,"female","Austrian",-5,-1,0,1,-4,12,16,43,74,31,3
"21","2101",2018,"female","Foreign",3,1,2,1,2,3,1,13,25,12,0
"21","2101",2019,"male","Austrian",2,1,1,0,1,8,7,-1,33,34,5
"21","2101",2019,"male","Foreign",0,0,9,9,0,2,2,15,23,8,1
"21","2101",2019,"female","Austrian",-2,-2,0,2,0,9,9,13,32,19,1
"21","2101",2019,"female","Foreign",-1,0,6,6,-1,1,2,8,18,10,0
"21","2101",2020,"male","Austrian",-2,1,1,0,-3,8,11,-11,22,33,4
"21","2101",2020,"male","Foreign",-7,-6,4,10,-1,2,3,6,14,8,0
"21","2101",2020,"female","Austrian",-10,1,1,0,-11,6,17,8,32,24,4
"21","2101",2020,"female","Foreign",-1,1,3,2,-2,0,2,2,11,9,0
"21","2101",2021,"male","Austrian",-4,-2,0,2,-2,8,10,15,42,27,9
"21","2101",2021,"male","Foreign",1,2,4,2,-1,1,2,-9,7,16,0
"21","2101",2021,"female","Austrian",-8,0,0,0,-8,6,14,31,49,18,6
"21","2101",2021,"female","Foreign",-1,2,5,3,-3,0,3,-2,6,8,0
"21","2101",2022,"male","Austrian",-7,0,2,2,-7,4,11,11,29,18,3
"21","2101",2022,"male","Foreign",2,1,2,1,1,3,2,7,16,9,0
"21","2101",2022,"female","Austrian",-4,0,2,2,-4,4,8,10,34,24,9
"21","2101",2022,"female","Foreign",2,2,2,0,0,5,5,5,11,6,1
"21","2101",2023,"male","Austrian",-2,-1,1,2,-1,8,9,5,29,24,3
"21","2101",2023,"male","Foreign",5,3,5,2,2,6,4,-2,9,11,0
"21","2101",2023,"female","Austrian",-5,0,1,1,-5,5,10,-4,22,26,3
"21","2101",2023,"female","Foreign",1,4,4,0,-3,1,4,0,4,4,0
"21","2102",2007,"male","Austrian",-27,1,7,6,-28,28,56,28,162,134,33
"21","2102",2007,"male","Foreign",4,3,10,7,1,4,3,3,25,22,2
"21","2102",2007,"female","Austrian",-35,1,6,5,-36,42,78,-3,155,158,26
"21","2102",2007,"female","Foreign",4,7,17,10,-3,5,8,-6,23,29,4
"21","2102",2008,"male","Austrian",-29,-5,8,13,-24,38,62,99,231,132,35
"21","2102",2008,"male","Foreign",7,10,16,6,-3,3,6,24,45,21,8
"21","2102",2008,"female","Austrian",-7,-11,3,14,4,56,52,91,211,120,37
"21","2102",2008,"female","Foreign",12,12,17,5,0,2,2,13,35,22,9
"21","2102",2009,"male","Austrian",-15,-1,7,8,-14,42,56,-3,147,150,35
"21","2102",2009,"male","Foreign",9,11,25,14,-2,9,11,8,38,30,8
"21","2102",2009,"female","Austrian",-34,3,7,4,-37,44,81,-33,138,171,38
"21","2102",2009,"female","Foreign",11,12,22,10,-1,3,4,9,34,25,5
"21","2102",2010,"male","Austrian",8,0,9,9,8,49,41,58,196,138,23
"21","2102",2010,"male","Foreign",3,4,15,11,-1,4,5,20,45,25,2
"21","2102",2010,"female","Austrian",-1,-7,3,10,6,58,52,37,192,155,25
"21","2102",2010,"female","Foreign",23,16,24,8,7,8,1,24,43,19,0
"21","2102",2011,"male","Austrian",-38,-5,7,12,-33,31,64,25,170,145,22
"21","2102",2011,"male","Foreign",13,-2,22,24,15,18,3,26,48,22,1
"21","2102",2011,"female","Austrian",-16,-1,4,5,-15,37,52,20,164,144,21
"21","2102",2011,"female","Foreign",19,13,28,15,6,11,5,2,33,31,2
"21","2102",2012,"male","Austrian",-7,-3,6,9,-4,47,51,5,141,136,27
"21","2102",2012,"male","Foreign",3,6,21,15,-3,4,7,-1,41,42,7
"21","2102",2012,"female","Austrian",-33,-3,3,6,-30,26,56,6,139,133,15
"21","2102",2012,"female","Foreign",4,6,23,17,-2,4,6,10,42,32,1
"21","2102",2013,"male","Austrian",-9,6,9,3,-15,32,47,11,149,138,15
"21","2102",2013,"male","Foreign",36,30,44,14,6,8,2,9,46,37,2
"21","2102",2013,"female","Austrian",-18,1,4,3,-19,28,47,13,159,146,20
"21","2102",2013,"female","Foreign",16,13,25,12,3,6,3,2,34,32,2
"21","2102",2014,"male","Austrian",-36,-7,4,11,-29,27,56,-21,155,176,37
"21","2102",2014,"male","Foreign",23,14,31,17,9,17,8,-14,41,55,2
"21","2102",2014,"female","Austrian",-27,-5,3,8,-22,26,48,-2,158,160,34
"21","2102",2014,"female","Foreign",23,18,30,12,5,12,7,17,56,39,2
"21","2102",2015,"male","Austrian",-45,-3,2,5,-42,24,66,1,157,156,27
"21","2102",2015,"male","Foreign",21,20,33,13,1,10,9,18,61,43,7
"21","2102",2015,"female","Austrian",-35,7,10,3,-42,19,61,-11,143,154,16
"21","2102",2015,"female","Foreign",23,26,35,9,-3,7,10,31,64,33,6
"21","2102",2016,"male","Austrian",-10,-3,4,7,-7,40,47,42,162,120,24
"21","2102",2016,"male","Foreign",52,13,30,17,39,59,20,18,96,78,3
"21","2102",2016,"female","Austrian",-17,-7,2,9,-10,45,55,27,169,142,24
"21","2102",2016,"female","Foreign",-3,0,28,28,-3,14,17,26,82,56,0
"21","2102",2017,"male","Austrian",-36,2,8,6,-38,28,66,-15,115,130,27
"21","2102",2017,"male","Foreign",25,11,32,21,14,26,12,17,117,100,5
"21","2102",2017,"female","Austrian",-30,-6,0,6,-24,40,64,23,136,113,28
"21","2102",2017,"female","Foreign",24,10,24,14,14,26,12,27,87,60,6
"21","2102",2018,"male","Austrian",-32,-2,6,8,-30,33,63,87,212,125,45
"21","2102",2018,"male","Foreign",-15,-18,16,34,3,14,11,9,100,91,1
"21","2102",2018,"female","Austrian",-29,-3,1,4,-26,37,63,85,205,120,41
"21","2102",2018,"female","Foreign",-3,-10,18,28,7,16,9,-11,70,81,3
"21","2102",2019,"male","Austrian",-23,-3,3,6,-20,37,57,93,241,148,43
"21","2102",2019,"male","Foreign",9,8,32,24,1,20,19,27,122,95,7
"21","2102",2019,"female","Austrian",-28,-1,4,5,-27,44,71,107,242,135,33
"21","2102",2019,"female","Foreign",6,6,21,15,0,17,17,86,121,35,5
"21","2102",2020,"male","Austrian",-5,-3,7,10,-2,57,59,273,419,146,43
"21","2102",2020,"male","Foreign",23,18,30,12,5,23,18,140,194,54,5
"21","2102",2020,"female","Austrian",-12,-1,7,8,-11,53,64,243,409,166,30
"21","2102",2020,"female","Foreign",24,20,35,15,4,20,16,178,240,62,9
"21","2102",2021,"male","Austrian",-34,2,8,6,-36,44,80,45,191,146,24
"21","2102",2021,"male","Foreign",19,13,39,26,6,23,17,55,112,57,7
"21","2102",2021,"female","Austrian",-55,-8,3,11,-47,23,70,40,189,149,32
"21","2102",2021,"female","Foreign",22,14,28,14,8,26,18,66,114,48,5
"21","2102",2022,"male","Austrian",-16,-2,7,9,-14,35,49,-11,150,161,23
"21","2102",2022,"male","Foreign",31,21,46,25,10,31,21,29,109,80,8
"21","2102",2022,"female","Austrian",-8,1,7,6,-9,42,51,-3,153,156,18
"21","2102",2022,"female","Foreign",70,49,74,25,21,34,13,14,94,80,8
"21","2102",2023,"male","Austrian",-34,-10,2,12,-24,23,47,-15,148,163,28
"21","2102",2023,"male","Foreign",17,1,40,39,16,35,19,13,109,96,11
"21","2102",2023,"female","Austrian",-18,0,8,8,-18,36,54,-31,141,172,25
"21","2102",2023,"female","Foreign",31,15,36,21,16,30,14,21,89,68,20
"21","2103",2007,"male","Austrian",-28,-4,1,5,-24,16,40,-39,87,126,18
"21","2103",2007,"male","Foreign",1,6,10,4,-5,0,5,-1,16,17,0
"21","2103",2007,"female","Austrian",-15,-4,1,5,-11,27,38,-24,94,118,18
"21","2103",2007,"female","Foreign",-1,1,7,6,-2,2,4,4,17,13,0
"21","2103",2008,"male","Austrian",-41,-6,4,10,-35,18,53,-5,122,127,18
"21","2103",2008,"male","Foreign",-6,-3,6,9,-3,2,5,6,22,16,1
"21","2103",2008,"female","Austrian",-42,-6,1,7,-36,26,62,8,127,119,17
"21","2103",2008,"female","Foreign",-2,1,6,5,-3,1,4,16,23,7,2
"21","2103",2009,"male","Austrian",-32,-1,2,3,-31,14,45,-27,97,124,10
"21","2103",2009,"male","Foreign",3,0,9,9,3,3,0,3,20,17,1
"21","2103",2009,"female","Austrian",-32,-4,0,4,-28,13,41,-34,92,126,9
"21","2103",2009,"female","Foreign",1,3,9,6,-2,0,2,9,23,14,0
"21","2103",2010,"male","Austrian",-37,-3,2,5,-34,13,47,-22,103,125,6
"21","2103",2010,"male","Foreign",8,7,10,3,1,4,3,11,27,16,2
"21","2103",2010,"female","Austrian",-16,1,5,4,-17,20,37,-19,96,115,12
"21","2103",2010,"female","Foreign",21,17,21,4,4,5,1,14,29,15,0
"21","2103",2011,"male","Austrian",-8,2,6,4,-10,20,30,32,129,97,14
"21","2103",2011,"male","Foreign",0,4,10,6,-4,3,7,18,20,2,3
"21","2103",2011,"female","Austrian",-14,0,3,3,-14,19,33,5,106,101,9
"21","2103",2011,"female","Foreign",0,3,13,10,-3,0,3,12,19,7,2
"21","2103",2012,"male","Austrian",-26,-7,1,8,-19,12,31,-28,66,94,16
"21","2103",2012,"male","Foreign",-1,0,15,15,-1,2,3,2,19,17,1
"21","2103",2012,"female","Austrian",-13,2,3,1,-15,14,29,-39,67,106,18
"21","2103",2012,"female","Foreign",-4,-1,12,13,-3,0,3,5,22,17,1
"21","2103",2013,"male","Austrian",-16,0,4,4,-16,16,32,38,141,103,24
"21","2103",2013,"male","Foreign",11,13,20,7,-2,4,6,30,45,15,1
"21","2103",2013,"female","Austrian",-30,-3,2,5,-27,9,36,59,153,94,23
"21","2103",2013,"female","Foreign",6,11,15,4,-5,0,5,32,46,14,0
"21","2103",2014,"male","Austrian",32,0,7,7,32,54,22,337,449,112,36
"21","2103",2014,"male","Foreign",21,20,23,3,1,6,5,72,89,17,6
"21","2103",2014,"female","Austrian",30,1,2,1,29,56,27,341,442,101,42
"21","2103",2014,"female","Foreign",11,8,15,7,3,3,0,80,92,12,6
"21","2103",2015,"male","Austrian",-19,-4,4,8,-15,24,39,105,201,96,22
"21","2103",2015,"male","Foreign",-8,-5,16,21,-3,4,7,40,66,26,0
"21","2103",2015,"female","Austrian",-17,0,3,3,-17,30,47,93,212,119,25
"21","2103",2015,"female","Foreign",15,15,23,8,0,2,2,34,51,17,1
"21","2103",2016,"male","Austrian",-22,-4,1,5,-18,22,40,18,122,104,15
"21","2103",2016,"male","Foreign",27,25,40,15,2,14,12,-6,82,88,0
"21","2103",2016,"female","Austrian",-31,-2,2,4,-29,21,50,21,124,103,18
"21","2103",2016,"female","Foreign",18,17,25,8,1,9,8,10,86,76,0
"21","2103",2017,"male","Austrian",-15,-3,4,7,-12,23,35,42,151,109,10
"21","2103",2017,"male","Foreign",10,10,21,11,0,3,3,21,50,29,5
"21","2103",2017,"female","Austrian",-28,-3,2,5,-25,22,47,22,127,105,12
"21","2103",2017,"female","Foreign",25,17,21,4,8,11,3,27,61,34,2
"21","2103",2018,"male","Austrian",-32,2,4,2,-34,22,56,86,213,127,32
"21","2103",2018,"male","Foreign",1,5,16,11,-4,5,9,57,86,29,2
"21","2103",2018,"female","Austrian",-26,-5,2,7,-21,31,52,80,215,135,39
"21","2103",2018,"female","Foreign",7,8,20,12,-1,4,5,59,85,26,3
"21","2103",2019,"male","Austrian",-15,3,6,3,-18,37,55,27,159,132,28
"21","2103",2019,"male","Foreign",17,20,25,5,-3,4,7,42,86,44,6
"21","2103",2019,"female","Austrian",-18,-1,4,5,-17,45,62,64,182,118,34
"21","2103",2019,"female","Foreign",14,21,31,10,-7,5,12,34,81,47,3
"21","2103",2020,"male","Austrian",-36,-4,4,8,-32,24,56,13,136,123,26
"21","2103",2020,"male","Foreign",5,5,21,16,0,3,3,43,85,42,6
"21","2103",2020,"female","Austrian",-41,-3,2,5,-38,22,60,-20,116,136,14
"21","2103",2020,"female","Foreign",-4,-2,13,15,-2,3,5,60,93,33,9
"21","2103",2021,"male","Austrian",-23,7,11,4,-30,28,58,20,150,130,29
"21","2103",2021,"male","Foreign",-3,0,13,13,-3,7,10,14,58,44,8
"21","2103",2021,"female","Austrian",-26,0,3,3,-26,32,58,65,163,98,40
"21","2103",2021,"female","Foreign",-2,1,16,15,-3,8,11,28,73,45,6
"21","2103",2022,"male","Austrian",-16,-2,1,3,-14,41,55,202,327,125,46
"21","2103",2022,"male","Foreign",12,17,30,13,-5,6,11,144,174,30,10
"21","2103",2022,"female","Austrian",-2,2,3,1,-4,33,37,194,320,126,68
"21","2103",2022,"female","Foreign",18,25,39,14,-7,4,11,130,183,53,8
"21","2103",2023,"male","Austrian",-32,-5,2,7,-27,33,60,35,177,142,31
"21","2103",2023,"male","Foreign",0,-4,24,28,4,13,9,24,73,49,5
"21","2103",2023,"female","Austrian",-35,-2,1,3,-33,30,63,11,145,134,33
"21","2103",2023,"female","Foreign",18,15,34,19,3,16,13,36,76,40,7
"21","2104",2007,"male","Austrian",-12,4,9,5,-16,13,29,50,118,68,8
"21","2104",2007,"male","Foreign",6,4,4,0,2,4,2,13,23,10,1
"21","2104",2007,"female","Austrian",-14,-5,3,8,-9,11,20,18,92,74,11
"21","2104",2007,"female","Foreign",-2,-1,7,8,-1,0,1,25,33,8,3
"21","2104",2008,"male","Austrian",-5,-5,4,9,0,21,21,5,76,71,10
"21","2104",2008,"male","Foreign",0,0,7,7,0,1,1,4,9,5,2
"21","2104",2008,"female","Austrian",-10,-1,2,3,-9,14,23,8,63,55,12
"21","2104",2008,"female","Foreign",3,3,10,7,0,1,1,7,17,10,0
"21","2104",2009,"male","Austrian",-8,1,4,3,-9,10,19,-5,64,69,15
"21","2104",2009,"male","Foreign",6,7,10,3,-1,0,1,1,20,19,0
"21","2104",2009,"female","Austrian",-14,-3,0,3,-11,14,25,-12,65,77,14
"21","2104",2009,"female","Foreign",10,10,10,0,0,2,2,14,26,12,0
"21","2104",2010,"male","Austrian",0,3,6,3,-3,27,30,-11,61,72,14
"21","2104",2010,"male","Foreign",2,3,10,7,-1,0,1,8,19,11,1
"21","2104",2010,"female","Austrian",-6,-4,0,4,-2,18,20,-7,62,69,9
"21","2104",2010,"female","Foreign",-6,-1,7,8,-5,0,5,4,13,9,2
"21","2104",2011,"male","Austrian",-16,4,5,1,-20,11,31,-30,39,69,6
"21","2104",2011,"male","Foreign",5,4,13,9,1,1,0,8,21,13,0
"21","2104",2011,"female","Austrian",-3,5,5,0,-8,16,24,-13,58,71,9
"21","2104",2011,"female","Foreign",-2,-1,5,6,-1,2,3,19,26,7,1
"21","2104",2012,"male","Austrian",-6,-3,5,8,-3,14,17,23,85,62,10
"21","2104",2012,"male","Foreign",0,2,9,7,-2,4,6,55,76,21,0
"21","2104",2012,"female","Austrian",-15,-2,5,7,-13,10,23,14,85,71,7
"21","2104",2012,"female","Foreign",15,13,19,6,2,4,2,60,76,16,0
"21","2104",2013,"male","Austrian",-5,0,4,4,-5,16,21,22,79,57,5
"21","2104",2013,"male","Foreign",19,16,21,5,3,4,1,19,40,21,0
"21","2104",2013,"female","Austrian",-7,1,1,0,-8,15,23,-2,55,57,9
"21","2104",2013,"female","Foreign",14,13,21,8,1,1,0,17,44,27,0
"21","2104",2014,"male","Austrian",-10,-3,3,6,-7,22,29,-11,62,73,5
"21","2104",2014,"male","Foreign",-2,-1,13,14,-1,6,7,24,58,34,1
"21","2104",2014,"female","Austrian",-11,3,4,1,-14,11,25,-12,58,70,9
"21","2104",2014,"female","Foreign",8,8,21,13,0,2,2,23,47,24,0
"21","2104",2015,"male","Austrian",-7,4,9,5,-11,13,24,22,75,53,7
"21","2104",2015,"male","Foreign",17,12,18,6,5,6,1,24,47,23,1
"21","2104",2015,"female","Austrian",-4,2,3,1,-6,16,22,17,84,67,10
"21","2104",2015,"female","Foreign",13,11,18,7,2,2,0,47,64,17,1
"21","2104",2016,"male","Austrian",2,-2,4,6,4,16,12,-6,53,59,8
"21","2104",2016,"male","Foreign",9,7,13,6,2,7,5,17,38,21,2
"21","2104",2016,"female","Austrian",0,1,3,2,-1,17,18,10,62,52,3
"21","2104",2016,"female","Foreign",-5,-6,9,15,1,6,5,1,24,23,2
"21","2104",2017,"male","Austrian",-11,0,4,4,-11,16,27,0,65,65,5
"21","2104",2017,"male","Foreign",6,2,14,12,4,6,2,13,54,41,0
"21","2104",2017,"female","Austrian",-22,-6,0,6,-16,19,35,6,57,51,6
"21","2104",2017,"female","Foreign",14,9,16,7,5,9,4,29,51,22,0
"21","2104",2018,"male","Austrian",-17,-2,4,6,-15,10,25,6,68,62,12
"21","2104",2018,"male","Foreign",14,14,18,4,0,1,1,8,48,40,0
"21","2104",2018,"female","Austrian",-22,-6,1,7,-16,14,30,-7,55,62,6
"21","2104",2018,"female","Foreign",4,7,14,7,-3,4,7,35,58,23,5
"21","2104",2019,"male","Austrian",-12,-2,4,6,-10,14,24,-12,75,87,12
"21","2104",2019,"male","Foreign",22,17,27,10,5,8,3,10,41,31,3
"21","2104",2019,"female","Austrian",-14,-3,0,3,-11,14,25,17,77,60,17
"21","2104",2019,"female","Foreign",16,16,23,7,0,7,7,3,36,33,5
"21","2104",2020,"male","Austrian",-5,1,5,4,-6,15,21,-9,59,68,3
"21","2104",2020,"male","Foreign",-8,-4,9,13,-4,3,7,30,58,28,3
"21","2104",2020,"female","Austrian",5,1,2,1,4,20,16,-1,70,71,2
"21","2104",2020,"female","Foreign",9,8,14,6,1,6,5,26,47,21,4
"21","2104",2021,"male","Austrian",-2,-1,5,6,-1,20,21,48,96,48,12
"21","2104",2021,"male","Foreign",-4,-2,13,15,-2,5,7,24,45,21,0
"21","2104",2021,"female","Austrian",-5,4,6,2,-9,13,22,18,70,52,7
"21","2104",2021,"female","Foreign",2,-3,11,14,5,11,6,16,54,38,5
"21","2104",2022,"male","Austrian",-1,2,4,2,-3,20,23,38,81,43,12
"21","2104",2022,"male","Foreign",21,20,32,12,1,6,5,20,50,30,3
"21","2104",2022,"female","Austrian",-23,0,4,4,-23,14,37,18,63,45,8
"21","2104",2022,"female","Foreign",3,10,28,18,-7,5,12,29,60,31,7
"21","2104",2023,"male","Austrian",-8,0,2,2,-8,12,20,7,64,57,8
"21","2104",2023,"male","Foreign",-10,-8,17,25,-2,4,6,8,50,42,6
"21","2104",2023,"female","Austrian",-8,-3,0,3,-5,15,20,17,69,52,9
"21","2104",2023,"female","Foreign",-1,0,12,12,-1,11,12,13,45,32,4
"21","2105",2007,"male","Austrian",-84,3,37,34,-87,45,132,6,364,358,82
"21","2105",2007,"male","Foreign",8,3,37,34,5,12,7,55,135,80,17
"21","2105",2007,"female","Austrian",-63,-11,18,29,-52,48,100,18,381,363,75
"21","2105",2007,"female","Foreign",8,7,29,22,1,8,7,83,136,53,13
"21","2105",2008,"male","Austrian",-105,-15,24,39,-90,38,128,71,409,338,74
"21","2105",2008,"male","Foreign",22,27,47,20,-5,5,10,99,181,82,7
"21","2105",2008,"female","Austrian",-121,-32,6,38,-89,47,136,19,362,343,55
"21","2105",2008,"female","Foreign",25,24,46,22,1,6,5,91,154,63,6
"21","2105",2009,"male","Austrian",-75,-9,30,39,-66,52,118,30,383,353,84
"21","2105",2009,"male","Foreign",7,9,49,40,-2,6,8,107,175,68,5
"21","2105",2009,"female","Austrian",-63,-2,12,14,-61,50,111,55,371,316,98
"21","2105",2009,"female","Foreign",17,24,52,28,-7,2,9,142,193,51,11
"21","2105",2010,"male","Austrian",-65,-2,29,31,-63,44,107,39,362,323,79
"21","2105",2010,"male","Foreign",15,15,50,35,0,11,11,78,145,67,15
"21","2105",2010,"female","Austrian",-79,-7,12,19,-72,52,124,50,355,305,75
"21","2105",2010,"female","Foreign",11,14,55,41,-3,9,12,90,169,79,11
"21","2105",2011,"male","Austrian",-71,-5,35,40,-66,50,116,-1,336,337,66
"21","2105",2011,"male","Foreign",15,13,44,31,2,11,9,104,181,77,18
"21","2105",2011,"female","Austrian",-65,-15,18,33,-50,50,100,-29,271,300,74
"21","2105",2011,"female","Foreign",12,18,52,34,-6,7,13,128,204,76,17
"21","2105",2012,"male","Austrian",-83,-25,20,45,-58,43,101,-6,343,349,77
"21","2105",2012,"male","Foreign",2,-2,54,56,4,15,11,128,216,88,28
"21","2105",2012,"female","Austrian",-89,-25,6,31,-64,43,107,10,320,310,86
"21","2105",2012,"female","Foreign",29,25,59,34,4,11,7,104,194,90,17
"21","2105",2013,"male","Austrian",-9,-2,28,30,-7,66,73,-1,297,298,66
"21","2105",2013,"male","Foreign",41,42,79,37,-1,23,24,130,244,114,6
"21","2105",2013,"female","Austrian",-44,-6,10,16,-38,57,95,9,274,265,58
"21","2105",2013,"female","Foreign",48,51,85,34,-3,8,11,160,245,85,8
"21","2105",2014,"male","Austrian",-16,-1,35,36,-15,48,63,-5,297,302,43
"21","2105",2014,"male","Foreign",45,45,81,36,0,23,23,64,190,126,16
"21","2105",2014,"female","Austrian",-64,-19,10,29,-45,50,95,-9,253,262,38
"21","2105",2014,"female","Foreign",31,34,76,42,-3,21,24,72,182,110,12
"21","2105",2015,"male","Austrian",-62,-16,14,30,-46,64,110,-49,274,323,42
"21","2105",2015,"male","Foreign",40,39,88,49,1,12,11,63,191,128,12
"21","2105",2015,"female","Austrian",-59,5,18,13,-64,39,103,-112,238,350,47
"21","2105",2015,"female","Foreign",52,51,84,33,1,15,14,79,203,124,11
"21","2105",2016,"male","Austrian",-59,-12,24,36,-47,44,91,32,297,265,67
"21","2105",2016,"male","Foreign",14,18,73,55,-4,15,19,111,227,116,16
"21","2105",2016,"female","Austrian",-66,-11,12,23,-55,43,98,21,287,266,78
"21","2105",2016,"female","Foreign",-6,-3,66,69,-3,16,19,110,208,98,15
"21","2105",2017,"male","Austrian",-37,-5,30,35,-32,64,96,-26,313,339,49
"21","2105",2017,"male","Foreign",50,45,100,55,5,22,17,128,283,155,13
"21","2105",2017,"female","Austrian",-44,-7,22,29,-37,41,78,7,320,313,60
"21","2105",2017,"female","Foreign",45,42,78,36,3,19,16,139,285,146,12
"21","2105",2018,"male","Austrian",-49,-5,19,24,-44,47,91,-31,285,316,60
"21","2105",2018,"male","Foreign",-4,5,62,57,-9,13,22,128,275,147,18
"21","2105",2018,"female","Austrian",-37,1,14,13,-38,46,84,-18,282,300,61
"21","2105",2018,"female","Foreign",-10,1,54,53,-11,17,28,157,290,133,8
"21","2105",2019,"male","Austrian",-75,-15,21,36,-60,52,112,-31,310,341,43
"21","2105",2019,"male","Foreign",3,11,67,56,-8,21,29,179,321,142,13
"21","2105",2019,"female","Austrian",-80,-15,11,26,-65,45,110,-39,267,306,43
"21","2105",2019,"female","Foreign",19,20,54,34,-1,15,16,180,284,104,19
"21","2105",2020,"male","Austrian",-56,-16,16,32,-40,52,92,-59,210,269,37
"21","2105",2020,"male","Foreign",32,28,65,37,4,28,24,180,328,148,11
"21","2105",2020,"female","Austrian",-68,-16,9,25,-52,45,97,-43,218,261,43
"21","2105",2020,"female","Foreign",14,28,52,24,-14,9,23,174,300,126,10
"21","2105",2021,"male","Austrian",-79,-10,17,27,-69,40,109,12,267,255,44
"21","2105",2021,"male","Foreign",-23,-14,44,58,-9,21,30,144,288,144,22
"21","2105",2021,"female","Austrian",-68,3,14,11,-71,25,96,-49,245,294,52
"21","2105",2021,"female","Foreign",-5,4,48,44,-9,16,25,147,259,112,19
"21","2105",2022,"male","Austrian",-26,2,27,25,-28,54,82,-11,303,314,77
"21","2105",2022,"male","Foreign",36,38,93,55,-2,41,43,155,338,183,27
"21","2105",2022,"female","Austrian",-64,4,17,13,-68,38,106,-2,283,285,73
"21","2105",2022,"female","Foreign",63,66,110,44,-3,30,33,157,311,154,9
"21","2105",2023,"male","Austrian",-94,-24,14,38,-70,28,98,-37,274,311,52
"21","2105",2023,"male","Foreign",33,29,96,67,4,35,31,207,389,182,26
"21","2105",2023,"female","Austrian",-81,-11,15,26,-70,43,113,18,286,268,53
"21","2105",2023,"female","Foreign",50,38,76,38,12,36,24,209,365,156,29
"21","2106",2007,"male","Austrian",2,1,1,0,1,8,7,-1,18,19,3
"21","2106",2007,"male","Foreign",-2,2,5,3,-4,0,4,2,8,6,0
"21","2106",2007,"female","Austrian",0,0,0,0,0,5,5,8,21,13,1
"21","2106",2007,"female","Foreign",-2,0,3,3,-2,0,2,8,13,5,1
"21","2106",2008,"male","Austrian",-3,1,1,0,-4,2,6,-13,11,24,2
"21","2106",2008,"male","Foreign",-2,-2,4,6,0,0,0,-3,5,8,0
"21","2106",2008,"female","Austrian",-5,0,0,0,-5,4,9,-7,13,20,1
"21","2106",2008,"female","Foreign",4,5,5,0,-1,1,2,-3,3,6,0
"21","2106",2009,"male","Austrian",3,1,1,0,2,6,4,8,14,6,1
"21","2106",2009,"male","Foreign",5,5,7,2,0,1,1,-1,3,4,1
"21","2106",2009,"female","Austrian",2,0,1,1,2,3,1,2,8,6,3
"21","2106",2009,"female","Foreign",-1,-1,2,3,0,0,0,3,7,4,0
"21","2106",2010,"male","Austrian",-5,-3,0,3,-2,3,5,5,19,14,1
"21","2106",2010,"male","Foreign",-2,-1,4,5,-1,0,1,-3,6,9,3
"21","2106",2010,"female","Austrian",1,1,1,0,0,2,2,-3,10,13,0
"21","2106",2010,"female","Foreign",4,3,8,5,1,1,0,3,10,7,1
"21","2106",2011,"male","Austrian",0,1,1,0,-1,6,7,-6,11,17,0
"21","2106",2011,"male","Foreign",5,5,7,2,0,1,1,3,13,10,0
"21","2106",2011,"female","Austrian",-3,2,2,0,-5,0,5,0,11,11,0
"21","2106",2011,"female","Foreign",2,2,3,1,0,1,1,3,12,9,0
"21","2106",2012,"male","Austrian",-1,-2,0,2,1,2,1,1,21,20,0
"21","2106",2012,"male","Foreign",3,-2,8,10,5,5,0,4,16,12,2
"21","2106",2012,"female","Austrian",0,-1,0,1,1,2,1,-2,20,22,0
"21","2106",2012,"female","Foreign",8,2,4,2,6,6,0,3,14,11,2
"21","2106",2013,"male","Austrian",-6,-1,0,1,-5,3,8,2,11,9,2
"21","2106",2013,"male","Foreign",10,10,14,4,0,2,2,-1,13,14,1
"21","2106",2013,"female","Austrian",-5,0,0,0,-5,4,9,-6,8,14,0
"21","2106",2013,"female","Foreign",11,8,11,3,3,3,0,0,12,12,1
"21","2106",2014,"male","Austrian",-1,-1,2,3,0,4,4,9,17,8,0
"21","2106",2014,"male","Foreign",7,2,7,5,5,7,2,-2,13,15,0
"21","2106",2014,"female","Austrian",1,0,0,0,1,3,2,-4,14,18,1
"21","2106",2014,"female","Foreign",9,9,14,5,0,2,2,-6,11,17,0
"21","2106",2015,"male","Austrian",80,6,7,1,74,80,6,403,423,20,2
"21","2106",2015,"male","Foreign",80,48,59,11,32,33,1,234,251,17,3
"21","2106",2015,"female","Austrian",81,4,4,0,77,79,2,368,384,16,1
"21","2106",2015,"female","Foreign",76,53,63,10,23,23,0,290,305,15,7
"21","2106",2016,"male","Austrian",8,0,5,5,8,33,25,56,93,37,3
"21","2106",2016,"male","Foreign",37,28,55,27,9,16,7,38,85,47,4
"21","2106",2016,"female","Austrian",11,-4,2,6,15,27,12,44,74,30,0
"21","2106",2016,"female","Foreign",39,28,59,31,11,19,8,38,90,52,5
"21","2106",2017,"male","Austrian",5,0,7,7,5,23,18,-14,57,71,1
"21","2106",2017,"male","Foreign",40,31,66,35,9,22,13,34,91,57,4
"21","2106",2017,"female","Austrian",5,3,3,0,2,22,20,14,58,44,3
"21","2106",2017,"female","Foreign",47,32,64,32,15,28,13,30,84,54,7
"21","2106",2018,"male","Austrian",-9,-5,3,8,-4,16,20,16,65,49,2
"21","2106",2018,"male","Foreign",17,22,69,47,-5,10,15,-9,67,76,5
"21","2106",2018,"female","Austrian",-8,-4,2,6,-4,12,16,10,51,41,1
"21","2106",2018,"female","Foreign",21,20,58,38,1,13,12,-21,63,84,7
"21","2106",2019,"male","Austrian",-4,-4,2,6,0,26,26,7,76,69,5
"21","2106",2019,"male","Foreign",-9,-12,58,70,3,13,10,-1,75,76,11
"21","2106",2019,"female","Austrian",-5,2,4,2,-7,19,26,36,85,49,5
"21","2106",2019,"female","Foreign",6,13,59,46,-7,8,15,-2,72,74,9
"21","2106",2020,"male","Austrian",-5,3,5,2,-8,23,31,10,73,63,2
"21","2106",2020,"male","Foreign",23,18,48,30,5,13,8,0,97,97,25
"21","2106",2020,"female","Austrian",-4,-1,2,3,-3,22,25,-8,66,74,4
"21","2106",2020,"female","Foreign",4,4,30,26,0,12,12,0,75,75,17
"21","2106",2021,"male","Austrian",-4,-3,6,9,-1,24,25,2,70,68,3
"21","2106",2021,"male","Foreign",24,18,52,34,6,17,11,5,88,83,11
"21","2106",2021,"female","Austrian",0,0,3,3,0,23,23,9,73,64,5
"21","2106",2021,"female","Foreign",9,10,48,38,-1,12,13,25,96,71,6
"21","2106",2022,"male","Austrian",-3,-7,5,12,4,35,31,19,82,63,9
"21","2106",2022,"male","Foreign",87,71,114,43,16,27,11,-21,86,107,10
"21","2106",2022,"female","Austrian",-13,-2,5,7,-11,33,44,9,73,64,7
"21","2106",2022,"female","Foreign",99,89,121,32,10,20,10,-19,80,99,12
"21","2106",2023,"male","Austrian",-4,4,7,3,-8,24,32,-9,77,86,6
"21","2106",2023,"male","Foreign",59,42,80,38,17,27,10,-1,113,114,15
"21","2106",2023,"female","Austrian",9,6,8,2,3,24,21,-1,81,82,6
"21","2106",2023,"female","Foreign",44,22,69,47,22,30,8,-1,87,88,18
"21","2107",2007,"male","Austrian",-6,15,46,31,-21,16,37,18,149,131,9
"21","2107",2007,"male","Foreign",6,7,21,14,-1,2,3,4,46,42,5
"21","2107",2007,"female","Austrian",-14,1,1,0,-15,11,26,-5,73,78,5
"21","2107",2007,"female","Foreign",8,8,18,10,0,4,4,-12,31,43,3
"21","2107",2008,"male","Austrian",4,-2,33,35,6,23,17,76,195,119,7
"21","2107",2008,"male","Foreign",20,19,31,12,1,7,6,5,51,46,1
"21","2107",2008,"female","Austrian",-24,-3,3,6,-21,15,36,72,143,71,2
"21","2107",2008,"female","Foreign",5,5,11,6,0,3,3,-2,19,21,1
"21","2107",2009,"male","Austrian",29,31,63,32,-2,21,23,-16,145,161,6
"21","2107",2009,"male","Foreign",-9,2,14,12,-11,5,16,-16,35,51,0
"21","2107",2009,"female","Austrian",0,-1,2,3,1,19,18,-6,74,80,3
"21","2107",2009,"female","Foreign",2,3,13,10,-1,3,4,-6,23,29,0
"21","2107",2010,"male","Austrian",50,52,84,32,-2,20,22,-60,143,203,3
"21","2107",2010,"male","Foreign",15,17,31,14,-2,3,5,-1,64,65,1
"21","2107",2010,"female","Austrian",-12,-2,0,2,-10,16,26,-11,63,74,5
"21","2107",2010,"female","Foreign",2,3,12,9,-1,3,4,-9,35,44,1
"21","2107",2011,"male","Austrian",36,15,62,47,21,49,28,96,306,210,10
"21","2107",2011,"male","Foreign",8,4,39,35,4,6,2,13,94,81,1
"21","2107",2011,"female","Austrian",13,0,4,4,13,39,26,83,172,89,8
"21","2107",2011,"female","Foreign",23,19,28,9,4,7,3,35,67,32,2
"21","2107",2012,"male","Austrian",8,5,49,44,3,28,25,-18,197,215,4
"21","2107",2012,"male","Foreign",16,18,47,29,-2,5,7,5,77,72,3
"21","2107",2012,"female","Austrian",-3,0,2,2,-3,20,23,17,90,73,7
"21","2107",2012,"female","Foreign",17,22,32,10,-5,1,6,4,44,40,2
"21","2107",2013,"male","Austrian",16,8,66,58,8,30,22,-39,201,240,5
"21","2107",2013,"male","Foreign",2,-7,29,36,9,11,2,2,80,78,0
"21","2107",2013,"female","Austrian",-4,-3,0,3,-1,19,20,7,77,70,5
"21","2107",2013,"female","Foreign",11,8,26,18,3,6,3,9,29,20,0
"21","2107",2014,"male","Austrian",13,3,43,40,10,44,34,141,363,222,8
"21","2107",2014,"male","Foreign",15,13,39,26,2,12,10,64,134,70,1
"21","2107",2014,"female","Austrian",29,-1,3,4,30,48,18,192,273,81,12
"21","2107",2014,"female","Foreign",16,17,33,16,-1,6,7,60,84,24,0
"21","2107",2015,"male","Austrian",19,22,50,28,-3,33,36,88,329,241,12
"21","2107",2015,"male","Foreign",44,24,56,32,20,26,6,68,155,87,2
"21","2107",2015,"female","Austrian",12,-3,3,6,15,39,24,68,192,124,19
"21","2107",2015,"female","Foreign",40,34,50,16,6,9,3,51,100,49,3
"21","2107",2016,"male","Austrian",-12,10,43,33,-22,29,51,4,236,232,4
"21","2107",2016,"male","Foreign",76,45,95,50,31,59,28,104,368,264,11
"21","2107",2016,"female","Austrian",-32,-2,6,8,-30,12,42,25,101,76,10
"21","2107",2016,"female","Foreign",99,70,106,36,29,45,16,52,231,179,15
"21","2107",2017,"male","Austrian",-21,4,36,32,-25,25,50,-6,239,245,5
"21","2107",2017,"male","Foreign",-6,-5,32,37,-1,22,23,-146,130,276,3
"21","2107",2017,"female","Austrian",-15,-3,2,5,-12,32,44,-17,67,84,4
"21","2107",2017,"female","Foreign",-3,-1,29,30,-2,15,17,-113,72,185,2
"21","2107",2018,"male","Austrian",-18,14,35,21,-32,23,55,99,361,262,28
"21","2107",2018,"male","Foreign",13,13,44,31,0,16,16,103,253,150,9
"21","2107",2018,"female","Austrian",-23,-4,1,5,-19,25,44,85,200,115,14
"21","2107",2018,"female","Foreign",11,9,35,26,2,12,10,129,205,76,4
"21","2107",2019,"male","Austrian",3,7,27,20,-4,33,37,-9,286,295,15
"21","2107",2019,"male","Foreign",22,20,53,33,2,18,16,29,178,149,5
"21","2107",2019,"female","Austrian",-17,0,6,6,-17,23,40,-30,109,139,13
"21","2107",2019,"female","Foreign",9,11,38,27,-2,14,16,12,107,95,6
"21","2107",2020,"male","Austrian",2,-8,14,22,10,67,57,393,689,296,22
"21","2107",2020,"male","Foreign",28,19,48,29,9,31,22,389,561,172,13
"21","2107",2020,"female","Austrian",13,6,12,6,7,64,57,370,525,155,17
"21","2107",2020,"female","Foreign",34,21,47,26,13,31,18,407,496,89,17
"21","2107",2021,"male","Austrian",17,3,21,18,14,74,60,292,618,326,16
"21","2107",2021,"male","Foreign",44,35,72,37,9,33,24,262,456,194,17
"21","2107",2021,"female","Austrian",25,2,4,2,23,75,52,241,377,136,11
"21","2107",2021,"female","Foreign",55,32,61,29,23,39,16,212,334,122,10
"21","2107",2022,"male","Austrian",-23,-11,19,30,-12,55,67,42,411,369,21
"21","2107",2022,"male","Foreign",91,78,133,55,13,49,36,154,375,221,19
"21","2107",2022,"female","Austrian",-13,1,8,7,-14,46,60,62,235,173,17
"21","2107",2022,"female","Foreign",88,81,122,41,7,36,29,140,283,143,11
"21","2107",2023,"male","Austrian",-36,-19,8,27,-17,45,62,-154,157,311,12
"21","2107",2023,"male","Foreign",61,49,115,66,12,39,27,-32,251,283,6
"21","2107",2023,"female","Austrian",-20,-2,6,8,-18,36,54,2,176,174,6
"21","2107",2023,"female","Foreign",68,54,122,68,14,40,26,61,259,198,6
"21","2108",2007,"male","Austrian",-9,3,3,0,-12,6,18,25,66,41,2
"21","2108",2007,"male","Foreign",1,2,6,4,-1,1,2,8,16,8,1
"21","2108",2007,"female","Austrian",-2,1,2,1,-3,6,9,18,66,48,4
"21","2108",2007,"female","Foreign",3,2,8,6,1,1,0,4,15,11,1
"21","2108",2008,"male","Austrian",-5,-4,4,8,-1,7,8,5,50,45,3
"21","2108",2008,"male","Foreign",-1,-4,4,8,3,5,2,1,18,17,1
"21","2108",2008,"female","Austrian",-1,1,1,0,-2,6,8,-8,43,51,1
"21","2108",2008,"female","Foreign",5,5,10,5,0,0,0,4,16,12,1
"21","2108",2009,"male","Austrian",-6,0,2,2,-6,12,18,18,62,44,5
"21","2108",2009,"male","Foreign",8,5,8,3,3,3,0,-2,12,14,0
"21","2108",2009,"female","Austrian",-7,-1,0,1,-6,7,13,8,55,47,2
"21","2108",2009,"female","Foreign",10,7,10,3,3,3,0,0,8,8,1
"21","2108",2010,"male","Austrian",-6,-5,0,5,-1,14,15,46,86,40,2
"21","2108",2010,"male","Foreign",4,3,8,5,1,3,2,9,20,11,0
"21","2108",2010,"female","Austrian",6,0,0,0,6,21,15,65,103,38,2
"21","2108",2010,"female","Foreign",2,5,9,4,-3,2,5,14,22,8,0
"21","2108",2011,"male","Austrian",-2,-2,4,6,0,10,10,53,100,47,2
"21","2108",2011,"male","Foreign",5,5,8,3,0,0,0,20,30,10,0
"21","2108",2011,"female","Austrian",-4,-1,2,3,-3,16,19,45,97,52,2
"21","2108",2011,"female","Foreign",13,11,13,2,2,2,0,13,18,5,0
"21","2108",2012,"male","Austrian",-15,0,3,3,-15,9,24,19,56,37,4
"21","2108",2012,"male","Foreign",0,0,7,7,0,2,2,8,23,15,0
"21","2108",2012,"female","Austrian",-12,-2,0,2,-10,12,22,-3,40,43,1
"21","2108",2012,"female","Foreign",-6,-6,4,10,0,0,0,5,17,12,0
"21","2108",2013,"male","Austrian",-9,-4,3,7,-5,7,12,16,62,46,4
"21","2108",2013,"male","Foreign",7,9,14,5,-2,1,3,14,30,16,1
"21","2108",2013,"female","Austrian",-11,-4,4,8,-7,9,16,5,46,41,2
"21","2108",2013,"female","Foreign",5,4,9,5,1,1,0,17,24,7,0
"21","2108",2014,"male","Austrian",-3,-1,2,3,-2,10,12,-14,39,53,3
"21","2108",2014,"male","Foreign",2,2,10,8,0,0,0,10,25,15,0
"21","2108",2014,"female","Austrian",-10,-1,2,3,-9,7,16,-20,46,66,4
"21","2108",2014,"female","Foreign",11,13,18,5,-2,0,2,4,15,11,0
"21","2108",2015,"male","Austrian",-10,-1,2,3,-9,13,22,-1,49,50,3
"21","2108",2015,"male","Foreign",19,18,23,5,1,2,1,15,40,25,0
"21","2108",2015,"female","Austrian",-5,1,2,1,-6,8,14,0,44,44,4
"21","2108",2015,"female","Foreign",19,19,22,3,0,1,1,15,28,13,0
"21","2108",2016,"male","Austrian",-13,3,5,2,-16,7,23,4,65,61,5
"21","2108",2016,"male","Foreign",2,2,11,9,0,2,2,4,29,25,4
"21","2108",2016,"female","Austrian",-10,1,1,0,-11,11,22,9,49,40,6
"21","2108",2016,"female","Foreign",5,3,8,5,2,9,7,12,25,13,3
"21","2108",2017,"male","Austrian",-10,-1,3,4,-9,7,16,-6,46,52,4
"21","2108",2017,"male","Foreign",-1,-1,14,15,0,2,2,15,34,19,0
"21","2108",2017,"female","Austrian",-15,-2,0,2,-13,8,21,10,53,43,1
"21","2108",2017,"female","Foreign",4,6,14,8,-2,1,3,14,32,18,1
"21","2108",2018,"male","Austrian",4,1,3,2,3,11,8,-7,38,45,4
"21","2108",2018,"male","Foreign",3,4,19,15,-1,2,3,8,28,20,0
"21","2108",2018,"female","Austrian",-9,-1,0,1,-8,16,24,-24,42,66,0
"21","2108",2018,"female","Foreign",-1,2,10,8,-3,3,6,8,23,15,2
"21","2108",2019,"male","Austrian",-2,0,1,1,-2,12,14,124,184,60,9
"21","2108",2019,"male","Foreign",7,11,23,12,-4,8,12,84,106,22,0
"21","2108",2019,"female","Austrian",-2,0,1,1,-2,11,13,166,216,50,7
"21","2108",2019,"female","Foreign",3,9,14,5,-6,2,8,78,104,26,1
"21","2108",2020,"male","Austrian",5,-3,2,5,8,36,28,268,311,43,10
"21","2108",2020,"male","Foreign",4,4,15,11,0,7,7,156,169,13,2
"21","2108",2020,"female","Austrian",19,-1,3,4,20,50,30,239,292,53,9
"21","2108",2020,"female","Foreign",7,4,9,5,3,10,7,166,181,15,3
"21","2108",2021,"male","Austrian",9,2,4,2,7,36,29,260,319,59,8
"21","2108",2021,"male","Foreign",1,4,10,6,-3,6,9,196,231,35,4
"21","2108",2021,"female","Austrian",-14,-3,1,4,-11,27,38,238,311,73,2
"21","2108",2021,"female","Foreign",11,6,15,9,5,10,5,187,220,33,7
"21","2108",2022,"male","Austrian",-14,0,5,5,-14,25,39,112,199,87,10
"21","2108",2022,"male","Foreign",31,30,38,8,1,17,16,93,133,40,2
"21","2108",2022,"female","Austrian",-20,-5,0,5,-15,21,36,113,191,78,12
"21","2108",2022,"female","Foreign",43,50,55,5,-7,7,14,113,145,32,3
"21","2108",2023,"male","Austrian",-23,-1,6,7,-22,19,41,22,110,88,9
"21","2108",2023,"male","Foreign",-2,3,27,24,-5,8,13,28,96,68,2
"21","2108",2023,"female","Austrian",-8,0,3,3,-8,16,24,-3,96,99,6
"21","2108",2023,"female","Foreign",7,7,25,18,0,6,6,26,76,50,2
"21","2109",2007,"male","Austrian",-37,-8,13,21,-29,30,59,10,167,157,21
"21","2109",2007,"male","Foreign",-1,0,8,8,-1,5,6,25,54,29,1
"21","2109",2007,"female","Austrian",-34,2,15,13,-36,31,67,-10,144,154,24
"21","2109",2007,"female","Foreign",9,3,18,15,6,7,1,31,52,21,2
"21","2109",2008,"male","Austrian",-20,-7,9,16,-13,29,42,-3,149,152,37
"21","2109",2008,"male","Foreign",0,0,14,14,0,1,1,25,54,29,5
"21","2109",2008,"female","Austrian",-21,-6,2,8,-15,31,46,-29,116,145,27
"21","2109",2008,"female","Foreign",13,10,21,11,3,5,2,17,46,29,4
"21","2109",2009,"male","Austrian",-26,-9,7,16,-17,22,39,-31,145,176,32
"21","2109",2009,"male","Foreign",9,10,23,13,-1,3,4,19,62,43,0
"21","2109",2009,"female","Austrian",-33,-6,7,13,-27,19,46,-8,134,142,14
"21","2109",2009,"female","Foreign",0,-3,13,16,3,5,2,24,54,30,0
"21","2109",2010,"male","Austrian",-33,-8,12,20,-25,19,44,-13,158,171,44
"21","2109",2010,"male","Foreign",8,14,25,11,-6,3,9,22,47,25,1
"21","2109",2010,"female","Austrian",-41,-3,4,7,-38,11,49,-17,150,167,53
"21","2109",2010,"female","Foreign",11,17,29,12,-6,3,9,12,51,39,5
"21","2109",2011,"male","Austrian",-27,-9,9,18,-18,21,39,4,171,167,23
"21","2109",2011,"male","Foreign",14,14,29,15,0,2,2,35,78,43,4
"21","2109",2011,"female","Austrian",-25,-5,1,6,-20,17,37,29,160,131,26
"21","2109",2011,"female","Foreign",13,16,25,9,-3,3,6,21,61,40,4
"21","2109",2012,"male","Austrian",-16,-2,13,15,-14,40,54,-9,152,161,38
"21","2109",2012,"male","Foreign",13,13,35,22,0,2,2,0,51,51,4
"21","2109",2012,"female","Austrian",-27,-1,6,7,-26,33,59,-12,142,154,42
"21","2109",2012,"female","Foreign",4,6,20,14,-2,3,5,25,61,36,4
"21","2109",2013,"male","Austrian",-25,-1,12,13,-24,26,50,15,138,123,24
"21","2109",2013,"male","Foreign",31,24,41,17,7,12,5,33,72,39,2
"21","2109",2013,"female","Austrian",-14,-1,4,5,-13,27,40,17,111,94,25
"21","2109",2013,"female","Foreign",10,9,22,13,1,4,3,38,77,39,4
"21","2109",2014,"male","Austrian",-8,4,15,11,-12,27,39,9,158,149,27
"21","2109",2014,"male","Foreign",10,9,34,25,1,8,7,16,80,64,2
"21","2109",2014,"female","Austrian",-15,-1,4,5,-14,23,37,4,148,144,19
"21","2109",2014,"female","Foreign",14,16,30,14,-2,5,7,26,74,48,6
"21","2109",2015,"male","Austrian",-20,0,12,12,-20,24,44,-2,133,135,21
"21","2109",2015,"male","Foreign",18,16,35,19,2,12,10,5,75,70,5
"21","2109",2015,"female","Austrian",-17,-2,4,6,-15,18,33,-45,105,150,19
"21","2109",2015,"female","Foreign",8,5,28,23,3,6,3,2,63,61,7
"21","2109",2016,"male","Austrian",-23,-3,11,14,-20,14,34,1,135,134,16
"21","2109",2016,"male","Foreign",19,31,48,17,-12,9,21,15,84,69,0
"21","2109",2016,"female","Austrian",-20,-1,4,5,-19,21,40,2,151,149,17
"21","2109",2016,"female","Foreign",3,9,24,15,-6,2,8,23,83,60,3
"21","2109",2017,"male","Austrian",-26,1,7,6,-27,17,44,10,160,150,23
"21","2109",2017,"male","Foreign",17,9,33,24,8,13,5,11,88,77,4
"21","2109",2017,"female","Austrian",-14,2,6,4,-16,19,35,1,138,137,20
"21","2109",2017,"female","Foreign",12,-2,17,19,14,17,3,62,113,51,5
"21","2109",2018,"male","Austrian",-19,6,17,11,-25,16,41,-7,138,145,18
"21","2109",2018,"male","Foreign",24,20,50,30,4,15,11,-6,76,82,2
"21","2109",2018,"female","Austrian",-5,5,10,5,-10,23,33,-26,128,154,22
"21","2109",2018,"female","Foreign",19,21,41,20,-2,7,9,6,80,74,2
"21","2109",2019,"male","Austrian",-23,3,15,12,-26,21,47,-11,132,143,24
"21","2109",2019,"male","Foreign",-19,-15,44,59,-4,4,8,31,99,68,7
"21","2109",2019,"female","Austrian",-19,-2,9,11,-17,23,40,-17,132,149,23
"21","2109",2019,"female","Foreign",1,7,28,21,-6,5,11,21,81,60,12
"21","2109",2020,"male","Austrian",-35,-3,6,9,-32,11,43,-12,138,150,30
"21","2109",2020,"male","Foreign",13,9,37,28,4,21,17,28,97,69,5
"21","2109",2020,"female","Austrian",-46,-9,4,13,-37,13,50,31,155,124,26
"21","2109",2020,"female","Foreign",-12,-7,21,28,-5,13,18,45,91,46,3
"21","2109",2021,"male","Austrian",-26,-5,11,16,-21,18,39,13,167,154,29
"21","2109",2021,"male","Foreign",18,10,29,19,8,16,8,35,113,78,11
"21","2109",2021,"female","Austrian",-15,-11,7,18,-4,31,35,17,160,143,39
"21","2109",2021,"female","Foreign",20,2,23,21,18,20,2,43,108,65,9
"21","2109",2022,"male","Austrian",-15,-3,10,13,-12,20,32,-9,117,126,34
"21","2109",2022,"male","Foreign",39,27,48,21,12,20,8,80,151,71,6
"21","2109",2022,"female","Austrian",-9,-6,4,10,-3,22,25,-7,127,134,38
"21","2109",2022,"female","Foreign",21,22,46,24,-1,12,13,71,120,49,7
"21","2109",2023,"male","Austrian",-17,-3,9,12,-14,23,37,15,151,136,14
"21","2109",2023,"male","Foreign",7,13,63,50,-6,11,17,60,145,85,8
"21","2109",2023,"female","Austrian",-17,-1,6,7,-16,20,36,11,135,124,14
"21","2109",2023,"female","Foreign",22,25,61,36,-3,5,8,50,116,66,4
"21","2110",2007,"male","Austrian",-11,0,22,22,-11,27,38,43,214,171,23
"21","2110",2007,"male","Foreign",5,10,24,14,-5,3,8,23,59,36,1
"21","2110",2007,"female","Austrian",-27,5,11,6,-32,23,55,2,165,163,25
"21","2110",2007,"female","Foreign",27,21,34,13,6,9,3,26,63,37,3
"21","2110",2008,"male","Austrian",-26,-9,15,24,-17,19,36,26,184,158,33
"21","2110",2008,"male","Foreign",-5,1,18,17,-6,2,8,30,68,38,2
"21","2110",2008,"female","Austrian",-5,-1,5,6,-4,25,29,2,141,139,19
"21","2110",2008,"female","Foreign",8,5,19,14,3,6,3,23,70,47,3
"21","2110",2009,"male","Austrian",-3,-9,10,19,6,33,27,46,219,173,15
"21","2110",2009,"male","Foreign",-8,-5,19,24,-3,2,5,21,66,45,6
"21","2110",2009,"female","Austrian",-9,-1,4,5,-8,28,36,6,174,168,10
"21","2110",2009,"female","Foreign",0,4,15,11,-4,4,8,18,69,51,2
"21","2110",2010,"male","Austrian",-30,-17,12,29,-13,16,29,-3,186,189,24
"21","2110",2010,"male","Foreign",13,10,25,15,3,4,1,19,65,46,0
"21","2110",2010,"female","Austrian",-24,-5,9,14,-19,15,34,-24,127,151,10
"21","2110",2010,"female","Foreign",14,17,29,12,-3,2,5,-9,46,55,1
"21","2110",2011,"male","Austrian",-32,-14,12,26,-18,17,35,-19,154,173,18
"21","2110",2011,"male","Foreign",20,16,25,9,4,8,4,19,69,50,7
"21","2110",2011,"female","Austrian",3,2,9,7,1,25,24,-12,132,144,7
"21","2110",2011,"female","Foreign",13,9,22,13,4,8,4,12,53,41,6
"21","2110",2012,"male","Austrian",-5,-4,16,20,-1,28,29,-22,161,183,23
"21","2110",2012,"male","Foreign",7,8,29,21,-1,5,6,23,73,50,3
"21","2110",2012,"female","Austrian",-10,-7,0,7,-3,22,25,-19,132,151,22
"21","2110",2012,"female","Foreign",5,7,30,23,-2,4,6,28,85,57,3
"21","2110",2013,"male","Austrian",-19,-11,10,21,-8,24,32,37,183,146,10
"21","2110",2013,"male","Foreign",16,12,25,13,4,5,1,12,74,62,0
"21","2110",2013,"female","Austrian",-26,-7,2,9,-19,17,36,19,138,119,4
"21","2110",2013,"female","Foreign",18,17,25,8,1,7,6,6,48,42,0
"21","2110",2014,"male","Austrian",-23,3,17,14,-26,14,40,-6,126,132,5
"21","2110",2014,"male","Foreign",38,29,50,21,9,11,2,14,78,64,3
"21","2110",2014,"female","Austrian",-31,-6,2,8,-25,21,46,-28,105,133,0
"21","2110",2014,"female","Foreign",27,22,30,8,5,11,6,14,70,56,3
"21","2110",2015,"male","Austrian",2,5,16,11,-3,27,30,10,150,140,11
"21","2110",2015,"male","Foreign",25,22,44,22,3,8,5,24,103,79,3
"21","2110",2015,"female","Austrian",-5,5,7,2,-10,19,29,12,136,124,2
"21","2110",2015,"female","Foreign",26,25,43,18,1,6,5,30,89,59,2
"21","2110",2016,"male","Austrian",-24,-2,6,8,-22,19,41,6,137,131,9
"21","2110",2016,"male","Foreign",23,17,40,23,6,14,8,7,94,87,1
"21","2110",2016,"female","Austrian",-18,3,5,2,-21,17,38,-20,98,118,2
"21","2110",2016,"female","Foreign",29,22,36,14,7,19,12,1,73,72,1
"21","2110",2017,"male","Austrian",-17,-6,5,11,-11,14,25,27,161,134,11
"21","2110",2017,"male","Foreign",13,7,42,35,6,17,11,24,126,102,1
"21","2110",2017,"female","Austrian",-1,-1,4,5,0,32,32,35,160,125,9
"21","2110",2017,"female","Foreign",15,11,30,19,4,11,7,27,108,81,1
"21","2110",2018,"male","Austrian",-8,-5,9,14,-3,25,28,57,185,128,11
"21","2110",2018,"male","Foreign",34,22,46,24,12,19,7,87,174,87,4
"21","2110",2018,"female","Austrian",-10,-6,4,10,-4,36,40,28,162,134,5
"21","2110",2018,"female","Foreign",46,27,47,20,19,24,5,77,163,86,5
"21","2110",2019,"male","Austrian",-9,-1,6,7,-8,25,33,9,166,157,7
"21","2110",2019,"male","Foreign",3,-6,35,41,9,21,12,46,147,101,3
"21","2110",2019,"female","Austrian",-16,0,5,5,-16,27,43,-12,140,152,5
"21","2110",2019,"female","Foreign",0,-3,27,30,3,17,14,33,114,81,5
"21","2110",2020,"male","Austrian",-24,-9,5,14,-15,28,43,-75,120,195,12
"21","2110",2020,"male","Foreign",6,16,41,25,-10,8,18,12,117,105,6
"21","2110",2020,"female","Austrian",-8,3,7,4,-11,18,29,-50,103,153,14
"21","2110",2020,"female","Foreign",8,12,27,15,-4,11,15,3,115,112,5
"21","2110",2021,"male","Austrian",-27,0,9,9,-27,18,45,9,159,150,13
"21","2110",2021,"male","Foreign",29,16,39,23,13,21,8,73,173,100,6
"21","2110",2021,"female","Austrian",-35,-4,7,11,-31,16,47,-14,113,127,15
"21","2110",2021,"female","Foreign",17,15,27,12,2,16,14,23,131,108,5
"21","2110",2022,"male","Austrian",-3,-2,8,10,-1,32,33,9,154,145,8
"21","2110",2022,"male","Foreign",40,30,59,29,10,26,16,44,153,109,6
"21","2110",2022,"female","Austrian",-3,-1,2,3,-2,29,31,-4,126,130,7
"21","2110",2022,"female","Foreign",30,28,59,31,2,21,19,33,121,88,1
"21","2110",2023,"male","Austrian",-21,-9,6,15,-12,17,29,-24,120,144,12
"21","2110",2023,"male","Foreign",5,0,36,36,5,23,18,22,169,147,5
"21","2110",2023,"female","Austrian",-9,0,7,7,-9,25,34,-36,89,125,8
"21","2110",2023,"female","Foreign",9,14,41,27,-5,10,15,8,126,118,4
"21","2111",2007,"male","Austrian",-20,2,8,6,-22,30,52,19,131,112,16
"21","2111",2007,"male","Foreign",25,13,33,20,12,16,4,-3,47,50,1
"21","2111",2007,"female","Austrian",-23,2,3,1,-25,31,56,28,127,99,22
"21","2111",2007,"female","Foreign",22,13,23,10,9,12,3,15,49,34,2
"21","2111",2008,"male","Austrian",-7,-4,10,14,-3,39,42,9,143,134,15
"21","2111",2008,"male","Foreign",27,16,41,25,11,18,7,-10,39,49,1
"21","2111",2008,"female","Austrian",-19,-4,3,7,-15,36,51,37,144,107,13
"21","2111",2008,"female","Foreign",25,16,31,15,9,15,6,-3,39,42,1
"21","2111",2009,"male","Austrian",-5,0,8,8,-5,36,41,-33,103,136,13
"21","2111",2009,"male","Foreign",4,2,31,29,2,7,5,-18,35,53,0
"21","2111",2009,"female","Austrian",-21,-3,3,6,-18,29,47,-1,126,127,14
"21","2111",2009,"female","Foreign",13,9,19,10,4,6,2,-8,30,38,0
"21","2111",2010,"male","Austrian",-3,-3,6,9,0,28,28,-17,118,135,11
"21","2111",2010,"male","Foreign",19,16,42,26,3,8,5,-32,36,68,5
"21","2111",2010,"female","Austrian",-1,-3,2,5,2,27,25,17,130,113,12
"21","2111",2010,"female","Foreign",21,12,30,18,9,12,3,-19,31,50,3
"21","2111",2011,"male","Austrian",3,-6,6,12,9,34,25,27,139,112,21
"21","2111",2011,"male","Foreign",22,17,42,25,5,11,6,-1,57,58,4
"21","2111",2011,"female","Austrian",-5,-3,2,5,-2,25,27,36,151,115,22
"21","2111",2011,"female","Foreign",23,15,34,19,8,8,0,-6,59,65,5
"21","2111",2012,"male","Austrian",-7,-2,5,7,-5,24,29,28,143,115,14
"21","2111",2012,"male","Foreign",-1,5,45,40,-6,10,16,17,82,65,7
"21","2111",2012,"female","Austrian",6,-2,6,8,8,34,26,33,156,123,17
"21","2111",2012,"female","Foreign",14,23,36,13,-9,8,17,6,61,55,6
"21","2111",2013,"male","Austrian",-3,0,11,11,-3,24,27,-25,102,127,12
"21","2111",2013,"male","Foreign",24,20,55,35,4,12,8,18,67,49,3
"21","2111",2013,"female","Austrian",-14,-2,3,5,-12,21,33,24,136,112,13
"21","2111",2013,"female","Foreign",32,28,45,17,4,13,9,-7,59,66,9
"21","2111",2014,"male","Austrian",-22,-2,7,9,-20,24,44,-24,108,132,6
"21","2111",2014,"male","Foreign",22,8,42,34,14,21,7,35,103,68,1
"21","2111",2014,"female","Austrian",-18,0,4,4,-18,33,51,1,119,118,8
"21","2111",2014,"female","Foreign",31,29,52,23,2,8,6,12,70,58,4
"21","2111",2015,"male","Austrian",-8,-1,7,8,-7,28,35,-4,106,110,9
"21","2111",2015,"male","Foreign",42,29,64,35,13,23,10,3,89,86,6
"21","2111",2015,"female","Austrian",-5,-3,3,6,-2,36,38,21,134,113,8
"21","2111",2015,"female","Foreign",40,30,52,22,10,17,7,18,80,62,6
"21","2111",2016,"male","Austrian",-19,2,8,6,-21,28,49,-15,105,120,2
"21","2111",2016,"male","Foreign",30,16,56,40,14,18,4,6,84,78,4
"21","2111",2016,"female","Austrian",-20,-3,5,8,-17,20,37,6,103,97,4
"21","2111",2016,"female","Foreign",19,12,39,27,7,15,8,-1,68,69,3
"21","2111",2017,"male","Austrian",-9,1,8,7,-10,22,32,-1,106,107,8
"21","2111",2017,"male","Foreign",25,12,39,27,13,25,12,1,85,84,3
"21","2111",2017,"female","Austrian",-26,-1,5,6,-25,17,42,17,116,99,11
"21","2111",2017,"female","Foreign",35,33,53,20,2,12,10,10,100,90,3
"21","2111",2018,"male","Austrian",-26,0,3,3,-26,25,51,-10,112,122,12
"21","2111",2018,"male","Foreign",-2,1,21,20,-3,12,15,16,115,99,6
"21","2111",2018,"female","Austrian",-14,-2,2,4,-12,33,45,6,112,106,11
"21","2111",2018,"female","Foreign",9,9,27,18,0,15,15,-12,68,80,7
"21","2111",2019,"male","Austrian",-38,-7,4,11,-31,16,47,16,106,90,6
"21","2111",2019,"male","Foreign",8,11,47,36,-3,12,15,16,133,117,1
"21","2111",2019,"female","Austrian",-18,-3,3,6,-15,23,38,17,107,90,3
"21","2111",2019,"female","Foreign",-14,-6,24,30,-8,5,13,-21,75,96,3
"21","2111",2020,"male","Austrian",-15,-1,5,6,-14,20,34,14,136,122,14
"21","2111",2020,"male","Foreign",0,-4,28,32,4,17,13,-14,81,95,4
"21","2111",2020,"female","Austrian",-12,2,6,4,-14,26,40,13,144,131,15
"21","2111",2020,"female","Foreign",20,15,31,16,5,11,6,-12,68,80,2
"21","2111",2021,"male","Austrian",-15,-2,7,9,-13,22,35,27,134,107,6
"21","2111",2021,"male","Foreign",8,8,32,24,0,13,13,57,123,66,4
"21","2111",2021,"female","Austrian",-10,-3,3,6,-7,26,33,36,130,94,7
"21","2111",2021,"female","Foreign",2,-3,22,25,5,8,3,54,117,63,4
"21","2111",2022,"male","Austrian",-26,-9,4,13,-17,28,45,40,124,84,6
"21","2111",2022,"male","Foreign",38,21,53,32,17,24,7,34,131,97,1
"21","2111",2022,"female","Austrian",-17,1,5,4,-18,24,42,58,141,83,11
"21","2111",2022,"female","Foreign",45,33,60,27,12,20,8,30,93,63,2
"21","2111",2023,"male","Austrian",-22,-2,7,9,-20,23,43,31,155,124,11
"21","2111",2023,"male","Foreign",37,25,63,38,12,39,27,78,193,115,5
"21","2111",2023,"female","Austrian",-13,1,6,5,-14,25,39,65,170,105,17
"21","2111",2023,"female","Foreign",19,24,49,25,-5,12,17,24,111,87,4
"21","2112",2007,"male","Austrian",-34,-4,10,14,-30,13,43,1,186,185,30
"21","2112",2007,"male","Foreign",5,6,21,15,-1,5,6,23,93,70,11
"21","2112",2007,"female","Austrian",-46,-4,1,5,-42,15,57,-34,149,183,35
"21","2112",2007,"female","Foreign",17,11,33,22,6,10,4,23,86,63,16
"21","2112",2008,"male","Austrian",-30,-3,13,16,-27,17,44,3,161,158,32
"21","2112",2008,"male","Foreign",8,7,19,12,1,5,4,28,92,64,20
"21","2112",2008,"female","Austrian",-40,-6,1,7,-34,22,56,33,162,129,21
"21","2112",2008,"female","Foreign",9,-1,20,21,10,11,1,43,111,68,17
"21","2112",2009,"male","Austrian",-11,-5,16,21,-6,34,40,119,287,168,42
"21","2112",2009,"male","Foreign",7,1,17,16,6,12,6,44,104,60,11
"21","2112",2009,"female","Austrian",-20,-5,8,13,-15,29,44,151,305,154,41
"21","2112",2009,"female","Foreign",14,-3,19,22,17,21,4,53,109,56,15
"21","2112",2010,"male","Austrian",-30,-12,8,20,-18,31,49,-10,155,165,25
"21","2112",2010,"male","Foreign",10,10,27,17,0,4,4,22,72,50,5
"21","2112",2010,"female","Austrian",-34,-14,1,15,-20,19,39,-26,142,168,41
"21","2112",2010,"female","Foreign",25,16,23,7,9,10,1,17,74,57,9
"21","2112",2011,"male","Austrian",-26,-2,12,14,-24,19,43,3,132,129,19
"21","2112",2011,"male","Foreign",29,18,37,19,11,17,6,31,79,48,6
"21","2112",2011,"female","Austrian",-31,-8,0,8,-23,16,39,-23,121,144,24
"21","2112",2011,"female","Foreign",17,9,24,15,8,16,8,38,93,55,7
"21","2112",2012,"male","Austrian",-4,3,17,14,-7,31,38,228,392,164,40
"21","2112",2012,"male","Foreign",30,19,42,23,11,17,6,77,138,61,12
"21","2112",2012,"female","Austrian",-20,-7,3,10,-13,35,48,273,412,139,67
"21","2112",2012,"female","Foreign",25,17,37,20,8,16,8,105,179,74,27
"21","2112",2013,"male","Austrian",-23,-10,13,23,-13,13,26,27,162,135,16
"21","2112",2013,"male","Foreign",15,14,37,23,1,7,6,19,99,80,5
"21","2112",2013,"female","Austrian",-17,-4,7,11,-13,17,30,-16,147,163,15
"21","2112",2013,"female","Foreign",32,34,50,16,-2,11,13,35,113,78,7
"21","2112",2014,"male","Austrian",-44,0,14,14,-44,24,68,-57,123,180,6
"21","2112",2014,"male","Foreign",42,39,58,19,3,11,8,21,88,67,10
"21","2112",2014,"female","Austrian",-30,4,10,6,-34,22,56,-20,119,139,12
"21","2112",2014,"female","Foreign",46,38,47,9,8,14,6,18,84,66,22
"21","2112",2015,"male","Austrian",-33,3,15,12,-36,15,51,-44,112,156,10
"21","2112",2015,"male","Foreign",48,46,69,23,2,13,11,7,92,85,7
"21","2112",2015,"female","Austrian",-34,-15,1,16,-19,18,37,-44,123,167,15
"21","2112",2015,"female","Foreign",46,51,70,19,-5,12,17,-24,88,112,8
"21","2112",2016,"male","Austrian",-39,-2,12,14,-37,17,54,-57,111,168,17
"21","2112",2016,"male","Foreign",-5,6,38,32,-11,5,16,20,114,94,5
"21","2112",2016,"female","Austrian",-52,-7,2,9,-45,16,61,-71,92,163,24
"21","2112",2016,"female","Foreign",5,12,29,17,-7,10,17,26,110,84,12
"21","2112",2017,"male","Austrian",-29,-10,9,19,-19,19,38,82,252,170,36
"21","2112",2017,"male","Foreign",18,17,45,28,1,13,12,123,212,89,4
"21","2112",2017,"female","Austrian",-30,0,5,5,-30,12,42,78,217,139,37
"21","2112",2017,"female","Foreign",-2,-3,32,35,1,17,16,133,230,97,13
"21","2112",2018,"male","Austrian",-51,-2,6,8,-49,14,63,-59,154,213,17
"21","2112",2018,"male","Foreign",-4,-4,37,41,0,13,13,53,170,117,13
"21","2112",2018,"female","Austrian",-57,-4,1,5,-53,10,63,-14,136,150,20
"21","2112",2018,"female","Foreign",14,10,34,24,4,13,9,54,187,133,12
"21","2112",2019,"male","Austrian",-49,-1,8,9,-48,10,58,-24,140,164,22
"21","2112",2019,"male","Foreign",-9,-6,27,33,-3,7,10,5,154,149,6
"21","2112",2019,"female","Austrian",-38,-11,4,15,-27,23,50,7,157,150,25
"21","2112",2019,"female","Foreign",-11,-7,20,27,-4,8,12,-15,116,131,5
"21","2112",2020,"male","Austrian",-29,-1,4,5,-28,22,50,171,328,157,22
"21","2112",2020,"male","Foreign",-4,0,19,19,-4,14,18,169,237,68,8
"21","2112",2020,"female","Austrian",-35,0,2,2,-35,22,57,139,301,162,38
"21","2112",2020,"female","Foreign",-8,5,21,16,-13,12,25,177,235,58,11
"21","2112",2021,"male","Austrian",-26,1,7,6,-27,28,55,8,176,168,25
"21","2112",2021,"male","Foreign",12,11,50,39,1,17,16,93,170,77,10
"21","2112",2021,"female","Austrian",-18,-5,0,5,-13,38,51,26,171,145,25
"21","2112",2021,"female","Foreign",11,8,25,17,3,17,14,85,149,64,9
"21","2112",2022,"male","Austrian",-18,7,14,7,-25,27,52,-35,121,156,18
"21","2112",2022,"male","Foreign",29,27,66,39,2,11,9,29,151,122,6
"21","2112",2022,"female","Austrian",-45,-8,3,11,-37,23,60,-36,108,144,21
"21","2112",2022,"female","Foreign",45,50,70,20,-5,8,13,22,149,127,7
"21","2112",2023,"male","Austrian",-43,-12,7,19,-31,17,48,40,210,170,30
"21","2112",2023,"male","Foreign",44,43,94,51,1,17,16,32,225,193,13
"21","2112",2023,"female","Austrian",-41,1,7,6,-42,18,60,5,173,168,31
"21","2112",2023,"female","Foreign",43,49,74,25,-6,12,18,81,218,137,9
"21","2113",2007,"male","Austrian",7,-3,1,4,10,31,21,143,198,55,8
"21","2113",2007,"male","Foreign",12,7,10,3,5,7,2,21,26,5,2
"21","2113",2007,"female","Austrian",23,2,3,1,21,42,21,187,228,41,18
"21","2113",2007,"female","Foreign",16,14,16,2,2,2,0,17,25,8,1
"21","2113",2008,"male","Austrian",-10,2,5,3,-12,11,23,9,62,53,5
"21","2113",2008,"male","Foreign",6,5,10,5,1,2,1,-5,11,16,2
"21","2113",2008,"female","Austrian",-10,1,2,1,-11,11,22,-5,57,62,7
"21","2113",2008,"female","Foreign",5,4,11,7,1,2,1,4,14,10,1
"21","2113",2009,"male","Austrian",22,-2,5,7,24,46,22,198,246,48,16
"21","2113",2009,"male","Foreign",8,3,12,9,5,6,1,22,32,10,4
"21","2113",2009,"female","Austrian",16,-2,1,3,18,46,28,209,257,48,17
"21","2113",2009,"female","Foreign",6,3,11,8,3,6,3,18,29,11,1
"21","2113",2010,"male","Austrian",15,-3,3,6,18,45,27,249,296,47,19
"21","2113",2010,"male","Foreign",2,2,10,8,0,1,1,20,32,12,0
"21","2113",2010,"female","Austrian",5,-5,0,5,10,43,33,248,307,59,40
"21","2113",2010,"female","Foreign",9,6,13,7,3,4,1,32,46,14,0
"21","2113",2011,"male","Austrian",-2,4,6,2,-6,31,37,45,118,73,13
"21","2113",2011,"male","Foreign",15,14,21,7,1,7,6,6,15,9,0
"21","2113",2011,"female","Austrian",-10,0,1,1,-10,34,44,40,115,75,11
"21","2113",2011,"female","Foreign",8,7,18,11,1,6,5,5,22,17,2
"21","2113",2012,"male","Austrian",-4,0,2,2,-4,27,31,10,92,82,8
"21","2113",2012,"male","Foreign",0,2,12,10,-2,0,2,14,25,11,0
"21","2113",2012,"female","Austrian",-16,1,5,4,-17,30,47,26,103,77,19
"21","2113",2012,"female","Foreign",4,5,17,12,-1,2,3,5,19,14,0
"21","2113",2013,"male","Austrian",-21,-2,2,4,-19,29,48,32,99,67,4
"21","2113",2013,"male","Foreign",3,4,15,11,-1,2,3,-5,17,22,2
"21","2113",2013,"female","Austrian",-15,-1,2,3,-14,20,34,17,91,74,7
"21","2113",2013,"female","Foreign",9,6,19,13,3,7,4,1,14,13,2
"21","2113",2014,"male","Austrian",-25,-7,2,9,-18,31,49,5,98,93,24
"21","2113",2014,"male","Foreign",13,14,23,9,-1,3,4,14,20,6,4
"21","2113",2014,"female","Austrian",-23,-1,3,4,-22,34,56,6,99,93,15
"21","2113",2014,"female","Foreign",24,23,30,7,1,8,7,3,13,10,11
"21","2113",2015,"male","Austrian",-12,-1,1,2,-11,28,39,-9,84,93,8
"21","2113",2015,"male","Foreign",22,21,30,9,1,4,3,7,25,18,4
"21","2113",2015,"female","Austrian",-24,0,1,1,-24,31,55,1,75,74,5
"21","2113",2015,"female","Foreign",18,17,34,17,1,6,5,0,25,25,4
"21","2113",2016,"male","Austrian",-26,-3,4,7,-23,32,55,7,97,90,15
"21","2113",2016,"male","Foreign",17,14,28,14,3,8,5,24,48,24,2
"21","2113",2016,"female","Austrian",-43,-3,2,5,-40,21,61,0,90,90,24
"21","2113",2016,"female","Foreign",12,9,24,15,3,7,4,13,32,19,2
"21","2113",2017,"male","Austrian",5,0,6,6,5,48,43,119,199,80,19
"21","2113",2017,"male","Foreign",7,4,39,35,3,13,10,43,85,42,3
"21","2113",2017,"female","Austrian",-3,-3,3,6,0,38,38,127,203,76,33
"21","2113",2017,"female","Foreign",14,10,36,26,4,12,8,54,86,32,5
"21","2113",2018,"male","Austrian",-14,1,6,5,-15,27,42,7,95,88,12
"21","2113",2018,"male","Foreign",-4,1,16,15,-5,2,7,17,37,20,0
"21","2113",2018,"female","Austrian",-25,2,4,2,-27,25,52,-3,86,89,22
"21","2113",2018,"female","Foreign",-2,-4,13,17,2,3,1,2,26,24,0
"21","2113",2019,"male","Austrian",-13,0,4,4,-13,22,35,-5,70,75,14
"21","2113",2019,"male","Foreign",4,12,30,18,-8,3,11,15,45,30,10
"21","2113",2019,"female","Austrian",-15,-2,2,4,-13,26,39,-10,84,94,17
"21","2113",2019,"female","Foreign",5,11,19,8,-6,1,7,33,54,21,7
"21","2113",2020,"male","Austrian",-29,0,5,5,-29,13,42,14,114,100,28
"21","2113",2020,"male","Foreign",0,-2,17,19,2,7,5,23,57,34,2
"21","2113",2020,"female","Austrian",-40,-1,3,4,-39,22,61,23,121,98,21
"21","2113",2020,"female","Foreign",9,9,16,7,0,4,4,14,46,32,7
"21","2113",2021,"male","Austrian",-1,-1,5,6,0,45,45,108,189,81,14
"21","2113",2021,"male","Foreign",7,7,26,19,0,12,12,76,95,19,5
"21","2113",2021,"female","Austrian",-10,-1,3,4,-9,45,54,136,216,80,18
"21","2113",2021,"female","Foreign",17,6,26,20,11,15,4,81,99,18,2
"21","2113",2022,"male","Austrian",4,3,8,5,1,28,27,-13,105,118,12
"21","2113",2022,"male","Foreign",33,30,48,18,3,14,11,5,52,47,3
"21","2113",2022,"female","Austrian",-3,0,2,2,-3,31,34,4,101,97,8
"21","2113",2022,"female","Foreign",62,58,72,14,4,15,11,-1,62,63,6
"21","2113",2023,"male","Austrian",-18,-3,8,11,-15,34,49,106,200,94,18
"21","2113",2023,"male","Foreign",9,16,44,28,-7,9,16,40,95,55,6
"21","2113",2023,"female","Austrian",-16,-3,5,8,-13,47,60,139,236,97,24
"21","2113",2023,"female","Foreign",8,17,39,22,-9,9,18,39,91,52,3
"21","2114",2007,"male","Austrian",-27,-8,9,17,-19,20,39,49,160,111,17
"21","2114",2007,"male","Foreign",2,2,10,8,0,3,3,10,32,22,11
"21","2114",2007,"female","Austrian",-24,3,7,4,-27,21,48,11,114,103,14
"21","2114",2007,"female","Foreign",10,6,11,5,4,6,2,31,48,17,1
"21","2114",2008,"male","Austrian",-13,4,16,12,-17,18,35,27,139,112,12
"21","2114",2008,"male","Foreign",3,2,10,8,1,2,1,16,44,28,3
"21","2114",2008,"female","Austrian",-27,1,5,4,-28,20,48,9,112,103,28
"21","2114",2008,"female","Foreign",6,3,15,12,3,4,1,9,47,38,0
"21","2114",2009,"male","Austrian",-24,-4,13,17,-20,31,51,4,127,123,28
"21","2114",2009,"male","Foreign",4,1,10,9,3,3,0,6,29,23,3
"21","2114",2009,"female","Austrian",-45,-11,4,15,-34,19,53,-25,96,121,21
"21","2114",2009,"female","Foreign",-3,1,10,9,-4,4,8,6,33,27,6
"21","2114",2010,"male","Austrian",-18,-7,7,14,-11,32,43,45,165,120,24
"21","2114",2010,"male","Foreign",1,0,11,11,1,3,2,19,46,27,5
"21","2114",2010,"female","Austrian",-19,0,7,7,-19,22,41,15,126,111,20
"21","2114",2010,"female","Foreign",2,0,13,13,2,8,6,40,68,28,3
"21","2114",2011,"male","Austrian",-14,-1,13,14,-13,24,37,6,117,111,30
"21","2114",2011,"male","Foreign",15,9,17,8,6,7,1,8,38,30,3
"21","2114",2011,"female","Austrian",-10,0,5,5,-10,20,30,-11,96,107,16
"21","2114",2011,"female","Foreign",19,16,27,11,3,8,5,13,51,38,1
"21","2114",2012,"male","Austrian",-18,-3,8,11,-15,28,43,-15,112,127,15
"21","2114",2012,"male","Foreign",13,11,23,12,2,5,3,54,76,22,2
"21","2114",2012,"female","Austrian",-22,-4,2,6,-18,20,38,15,118,103,14
"21","2114",2012,"female","Foreign",13,7,25,18,6,11,5,20,53,33,2
"21","2114",2013,"male","Austrian",-15,-5,9,14,-10,26,36,19,135,116,11
"21","2114",2013,"male","Foreign",6,8,26,18,-2,2,4,15,55,40,4
"21","2114",2013,"female","Austrian",-16,0,2,2,-16,29,45,41,123,82,25
"21","2114",2013,"female","Foreign",2,-1,16,17,3,5,2,39,83,44,4
"21","2114",2014,"male","Austrian",-15,-1,6,7,-14,26,40,16,117,101,19
"21","2114",2014,"male","Foreign",4,6,20,14,-2,1,3,29,72,43,2
"21","2114",2014,"female","Austrian",-29,-7,4,11,-22,29,51,-8,114,122,14
"21","2114",2014,"female","Foreign",20,20,29,9,0,5,5,17,64,47,2
"21","2114",2015,"male","Austrian",0,7,14,7,-7,30,37,5,107,102,12
"21","2114",2015,"male","Foreign",10,11,21,10,-1,7,8,36,75,39,2
"21","2114",2015,"female","Austrian",-24,2,4,2,-26,23,49,7,104,97,25
"21","2114",2015,"female","Foreign",14,10,18,8,4,8,4,30,85,55,4
"21","2114",2016,"male","Austrian",-3,-3,10,13,0,30,30,-2,127,129,15
"21","2114",2016,"male","Foreign",1,-2,16,18,3,7,4,39,82,43,5
"21","2114",2016,"female","Austrian",-12,-2,3,5,-10,21,31,-15,90,105,13
"21","2114",2016,"female","Foreign",3,-1,14,15,4,8,4,48,88,40,5
"21","2114",2017,"male","Austrian",-13,-4,7,11,-9,30,39,24,129,105,10
"21","2114",2017,"male","Foreign",8,6,28,22,2,11,9,24,80,56,3
"21","2114",2017,"female","Austrian",-17,-2,6,8,-15,22,37,-12,98,110,12
"21","2114",2017,"female","Foreign",26,17,31,14,9,11,2,33,79,46,2
"21","2114",2018,"male","Austrian",-21,-3,7,10,-18,26,44,-5,119,124,10
"21","2114",2018,"male","Foreign",10,5,18,13,5,10,5,56,125,69,1
"21","2114",2018,"female","Austrian",-36,-7,5,12,-29,18,47,-22,99,121,14
"21","2114",2018,"female","Foreign",-4,-1,16,17,-3,5,8,46,114,68,2
"21","2114",2019,"male","Austrian",-41,-7,10,17,-34,19,53,10,103,93,13
"21","2114",2019,"male","Foreign",1,1,28,27,0,12,12,44,99,55,5
"21","2114",2019,"female","Austrian",-35,-13,1,14,-22,14,36,1,101,100,9
"21","2114",2019,"female","Foreign",-3,0,26,26,-3,7,10,36,90,54,2
"21","2114",2020,"male","Austrian",-38,6,7,1,-44,16,60,0,97,97,7
"21","2114",2020,"male","Foreign",-1,0,13,13,-1,7,8,42,87,45,5
"21","2114",2020,"female","Austrian",-48,-1,6,7,-47,14,61,-7,83,90,17
"21","2114",2020,"female","Foreign",-5,-1,8,9,-4,8,12,28,83,55,4
"21","2114",2021,"male","Austrian",-34,-10,3,13,-24,21,45,-1,107,108,20
"21","2114",2021,"male","Foreign",0,6,19,13,-6,6,12,37,90,53,7
"21","2114",2021,"female","Austrian",-17,0,9,9,-17,18,35,-16,90,106,11
"21","2114",2021,"female","Foreign",8,18,25,7,-10,9,19,52,95,43,7
"21","2114",2022,"male","Austrian",-35,-8,6,14,-27,21,48,9,108,99,15
"21","2114",2022,"male","Foreign",14,17,33,16,-3,15,18,72,125,53,8
"21","2114",2022,"female","Austrian",-15,-3,1,4,-12,28,40,-12,86,98,13
"21","2114",2022,"female","Foreign",25,27,38,11,-2,8,10,57,118,61,9
"21","2114",2023,"male","Austrian",-36,-12,2,14,-24,19,43,-28,77,105,12
"21","2114",2023,"male","Foreign",11,5,21,16,6,20,14,33,119,86,4
"21","2114",2023,"female","Austrian",-35,-10,2,12,-25,20,45,-28,68,96,11
"21","2114",2023,"female","Foreign",16,19,38,19,-3,12,15,25,90,65,6
"21","2115",2007,"male","Austrian",23,-2,6,8,25,45,20,296,332,36,23
"21","2115",2007,"male","Foreign",4,4,8,4,0,2,2,45,56,11,0
"21","2115",2007,"female","Austrian",23,-3,0,3,26,38,12,318,367,49,16
"21","2115",2007,"female","Foreign",9,7,9,2,2,2,0,42,52,10,0
"21","2115",2008,"male","Austrian",-23,-5,4,9,-18,17,35,40,96,56,8
"21","2115",2008,"male","Foreign",2,2,7,5,0,3,3,14,27,13,2
"21","2115",2008,"female","Austrian",-5,-5,4,9,0,16,16,53,101,48,9
"21","2115",2008,"female","Foreign",6,7,11,4,-1,2,3,12,21,9,0
"21","2115",2009,"male","Austrian",-12,-3,2,5,-9,15,24,20,83,63,3
"21","2115",2009,"male","Foreign",2,2,3,1,0,2,2,3,13,10,1
"21","2115",2009,"female","Austrian",-7,-5,0,5,-2,26,28,32,93,61,4
"21","2115",2009,"female","Foreign",5,4,10,6,1,1,0,6,15,9,2
"21","2115",2010,"male","Austrian",5,-3,7,10,8,31,23,44,117,73,20
"21","2115",2010,"male","Foreign",2,2,8,6,0,1,1,19,27,8,0
"21","2115",2010,"female","Austrian",-12,-4,1,5,-8,22,30,39,111,72,18
"21","2115",2010,"female","Foreign",-3,-2,6,8,-1,0,1,11,22,11,3
"21","2115",2011,"male","Austrian",-16,-6,4,10,-10,21,31,8,103,95,9
"21","2115",2011,"male","Foreign",4,7,12,5,-3,2,5,23,38,15,3
"21","2115",2011,"female","Austrian",-7,-4,1,5,-3,33,36,6,113,107,9
"21","2115",2011,"female","Foreign",0,5,15,10,-5,2,7,30,39,9,4
"21","2115",2012,"male","Austrian",-8,1,10,9,-9,16,25,21,84,63,14
"21","2115",2012,"male","Foreign",11,9,19,10,2,4,2,19,40,21,0
"21","2115",2012,"female","Austrian",-31,0,6,6,-31,10,41,10,76,66,8
"21","2115",2012,"female","Foreign",13,10,19,9,3,4,1,14,37,23,2
"21","2115",2013,"male","Austrian",-1,1,6,5,-2,33,35,117,199,82,19
"21","2115",2013,"male","Foreign",6,2,15,13,4,4,0,35,70,35,4
"21","2115",2013,"female","Austrian",-19,2,2,0,-21,23,44,124,187,63,22
"21","2115",2013,"female","Foreign",19,18,24,6,1,2,1,45,75,30,2
"21","2115",2014,"male","Austrian",0,1,5,4,-1,17,18,-4,77,81,12
"21","2115",2014,"male","Foreign",-3,-7,16,23,4,7,3,13,45,32,2
"21","2115",2014,"female","Austrian",-3,1,2,1,-4,16,20,-12,63,75,13
"21","2115",2014,"female","Foreign",-6,-2,14,16,-4,3,7,25,44,19,1
"21","2115",2015,"male","Austrian",-23,-3,4,7,-20,10,30,4,92,88,12
"21","2115",2015,"male","Foreign",20,12,28,16,8,13,5,17,49,32,4
"21","2115",2015,"female","Austrian",-29,-7,1,8,-22,9,31,-13,90,103,12
"21","2115",2015,"female","Foreign",25,23,36,13,2,5,3,8,41,33,2
"21","2115",2016,"male","Austrian",-15,-2,4,6,-13,19,32,14,65,51,10
"21","2115",2016,"male","Foreign",10,8,22,14,2,9,7,25,66,41,1
"21","2115",2016,"female","Austrian",-17,-3,2,5,-14,22,36,-10,64,74,9
"21","2115",2016,"female","Foreign",3,1,16,15,2,9,7,27,55,28,2
"21","2115",2017,"male","Austrian",-23,-5,0,5,-18,11,29,-2,76,78,12
"21","2115",2017,"male","Foreign",25,20,36,16,5,9,4,19,58,39,0
"21","2115",2017,"female","Austrian",-31,-9,1,10,-22,9,31,-8,67,75,10
"21","2115",2017,"female","Foreign",21,16,25,9,5,7,2,3,35,32,0
"21","2115",2018,"male","Austrian",-15,-5,2,7,-10,15,25,-1,79,80,17
"21","2115",2018,"male","Foreign",2,-4,19,23,6,15,9,15,62,47,6
"21","2115",2018,"female","Austrian",-28,0,2,2,-28,9,37,10,80,70,21
"21","2115",2018,"female","Foreign",14,12,20,8,2,7,5,27,60,33,3
"21","2115",2019,"male","Austrian",-22,2,6,4,-24,21,45,61,139,78,6
"21","2115",2019,"male","Foreign",57,54,66,12,3,9,6,45,107,62,5
"21","2115",2019,"female","Austrian",-17,-2,2,4,-15,29,44,59,138,79,8
"21","2115",2019,"female","Foreign",26,22,36,14,4,9,5,54,100,46,3
"21","2115",2020,"male","Austrian",-6,3,8,5,-9,27,36,-10,88,98,13
"21","2115",2020,"male","Foreign",27,7,32,25,20,30,10,75,127,52,2
"21","2115",2020,"female","Austrian",-10,-1,0,1,-9,23,32,-33,84,117,13
"21","2115",2020,"female","Foreign",27,9,24,15,18,26,8,75,103,28,3
"21","2115",2021,"male","Austrian",-9,1,6,5,-10,16,26,-7,100,107,16
"21","2115",2021,"male","Foreign",27,32,49,17,-5,5,10,36,96,60,6
"21","2115",2021,"female","Austrian",-11,-2,1,3,-9,17,26,-21,99,120,12
"21","2115",2021,"female","Foreign",16,19,33,14,-3,3,6,26,92,66,8
"21","2115",2022,"male","Austrian",-27,-2,3,5,-25,25,50,17,109,92,16
"21","2115",2022,"male","Foreign",-16,-9,42,51,-7,8,15,52,119,67,2
"21","2115",2022,"female","Austrian",-29,-7,0,7,-22,21,43,9,109,100,14
"21","2115",2022,"female","Foreign",18,19,47,28,-1,13,14,62,124,62,6
"21","2115",2023,"male","Austrian",-25,-3,6,9,-22,18,40,-8,107,115,10
"21","2115",2023,"male","Foreign",3,9,43,34,-6,18,24,-8,87,95,3
"21","2115",2023,"female","Austrian",-33,1,6,5,-34,9,43,12,92,80,12
"21","2115",2023,"female","Foreign",-11,-10,26,36,-1,22,23,10,89,79,1
"21","2116",2007,"male","Austrian",-11,0,5,5,-11,11,22,-12,40,52,8
"21","2116",2007,"male","Foreign",-2,0,2,2,-2,0,2,3,8,5,0
"21","2116",2007,"female","Austrian",-10,-1,4,5,-9,12,21,6,48,42,12
"21","2116",2007,"female","Foreign",6,6,8,2,0,0,0,-1,5,6,0
"21","2116",2008,"male","Austrian",-9,0,4,4,-9,10,19,9,61,52,6
"21","2116",2008,"male","Foreign",5,4,6,2,1,1,0,4,9,5,0
"21","2116",2008,"female","Austrian",-7,0,3,3,-7,12,19,11,61,50,6
"21","2116",2008,"female","Foreign",13,11,13,2,2,2,0,1,8,7,0
"21","2116",2009,"male","Austrian",-5,-4,6,10,-1,11,12,16,44,28,6
"21","2116",2009,"male","Foreign",5,5,9,4,0,1,1,2,7,5,2
"21","2116",2009,"female","Austrian",-7,-2,5,7,-5,8,13,-4,41,45,5
"21","2116",2009,"female","Foreign",-4,-1,8,9,-3,1,4,7,13,6,0
"21","2116",2010,"male","Austrian",2,5,9,4,-3,18,21,3,38,35,11
"21","2116",2010,"male","Foreign",3,2,6,4,1,1,0,5,11,6,0
"21","2116",2010,"female","Austrian",-11,-2,1,3,-9,9,18,11,51,40,9
"21","2116",2010,"female","Foreign",6,3,7,4,3,3,0,1,4,3,0
"21","2116",2011,"male","Austrian",-4,-1,5,6,-3,18,21,13,51,38,2
"21","2116",2011,"male","Foreign",-3,-2,5,7,-1,1,2,-1,8,9,0
"21","2116",2011,"female","Austrian",3,0,2,2,3,11,8,14,56,42,7
"21","2116",2011,"female","Foreign",3,5,10,5,-2,0,2,0,5,5,0
"21","2116",2012,"male","Austrian",-11,-6,0,6,-5,12,17,-4,50,54,6
"21","2116",2012,"male","Foreign",4,4,7,3,0,0,0,5,13,8,0
"21","2116",2012,"female","Austrian",-2,1,1,0,-3,15,18,13,49,36,8
"21","2116",2012,"female","Foreign",-2,-2,3,5,0,0,0,7,13,6,0
"21","2116",2013,"male","Austrian",-4,-2,0,2,-2,11,13,-7,42,49,3
"21","2116",2013,"male","Foreign",7,7,8,1,0,0,0,5,10,5,0
"21","2116",2013,"female","Austrian",-3,0,1,1,-3,12,15,-10,35,45,4
"21","2116",2013,"female","Foreign",6,6,6,0,0,0,0,2,7,5,0
"21","2116",2014,"male","Austrian",4,-1,3,4,5,13,8,-14,30,44,6
"21","2116",2014,"male","Foreign",-4,-2,4,6,-2,1,3,13,17,4,3
"21","2116",2014,"female","Austrian",9,4,8,4,5,15,10,-5,39,44,8
"21","2116",2014,"female","Foreign",7,9,11,2,-2,2,4,11,14,3,2
"21","2116",2015,"male","Austrian",-2,-1,5,6,-1,11,12,-3,41,44,3
"21","2116",2015,"male","Foreign",2,3,15,12,-1,0,1,4,10,6,2
"21","2116",2015,"female","Austrian",-11,2,3,1,-13,8,21,15,51,36,2
"21","2116",2015,"female","Foreign",-2,4,10,6,-6,0,6,12,17,5,2
"21","2116",2016,"male","Austrian",-11,-3,4,7,-8,10,18,3,37,34,1
"21","2116",2016,"male","Foreign",12,12,15,3,0,2,2,7,17,10,0
"21","2116",2016,"female","Austrian",0,4,8,4,-4,11,15,0,43,43,1
"21","2116",2016,"female","Foreign",8,7,14,7,1,1,0,13,22,9,1
"21","2116",2017,"male","Austrian",3,4,6,2,-1,11,12,14,50,36,1
"21","2116",2017,"male","Foreign",7,4,13,9,3,5,2,8,25,17,0
"21","2116",2017,"female","Austrian",4,3,4,1,1,15,14,-5,44,49,2
"21","2116",2017,"female","Foreign",9,3,9,6,6,12,6,12,26,14,0
"21","2116",2018,"male","Austrian",-4,0,3,3,-4,8,12,-4,41,45,3
"21","2116",2018,"male","Foreign",1,3,10,7,-2,0,2,0,11,11,0
"21","2116",2018,"female","Austrian",-3,0,1,1,-3,8,11,-7,37,44,3
"21","2116",2018,"female","Foreign",1,-1,8,9,2,3,1,0,17,17,0
"21","2116",2019,"male","Austrian",-14,-1,3,4,-13,6,19,20,57,37,7
"21","2116",2019,"male","Foreign",3,2,9,7,1,6,5,9,18,9,0
"21","2116",2019,"female","Austrian",-14,-2,0,2,-12,8,20,4,53,49,7
"21","2116",2019,"female","Foreign",-1,0,5,5,-1,3,4,8,22,14,2
"21","2116",2020,"male","Austrian",2,-5,2,7,7,14,7,-4,32,36,3
"21","2116",2020,"male","Foreign",-1,0,7,7,-1,0,1,7,21,14,0
"21","2116",2020,"female","Austrian",0,-1,1,2,1,12,11,-8,37,45,3
"21","2116",2020,"female","Foreign",1,3,6,3,-2,1,3,10,23,13,1
"21","2116",2021,"male","Austrian",-7,-2,3,5,-5,8,13,21,56,35,9
"21","2116",2021,"male","Foreign",0,2,7,5,-2,1,3,13,19,6,0
"21","2116",2021,"female","Austrian",-4,-3,0,3,-1,14,15,4,42,38,7
"21","2116",2021,"female","Foreign",-2,0,7,7,-2,2,4,-1,11,12,0
"21","2116",2022,"male","Austrian",-5,4,6,2,-9,12,21,21,59,38,8
"21","2116",2022,"male","Foreign",5,3,10,7,2,2,0,-3,20,23,0
"21","2116",2022,"female","Austrian",-1,1,3,2,-2,9,11,16,56,40,4
"21","2116",2022,"female","Foreign",6,6,18,12,0,1,1,-6,17,23,0
"21","2116",2023,"male","Austrian",-1,-1,2,3,0,14,14,-14,36,50,8
"21","2116",2023,"male","Foreign",5,10,16,6,-5,1,6,-2,15,17,0
"21","2116",2023,"female","Austrian",-17,1,1,0,-18,10,28,11,41,30,6
"21","2116",2023,"female","Foreign",0,7,14,7,-7,0,7,0,18,18,2
"21","2117",2007,"male","Austrian",-8,-5,20,25,-3,31,34,-7,208,215,32
"21","2117",2007,"male","Foreign",4,5,27,22,-1,8,9,15,84,69,5
"21","2117",2007,"female","Austrian",-24,-3,8,11,-21,26,47,-45,159,204,29
"21","2117",2007,"female","Foreign",0,4,19,15,-4,5,9,3,60,57,3
"21","2117",2008,"male","Austrian",-21,3,28,25,-24,25,49,-31,184,215,33
"21","2117",2008,"male","Foreign",14,16,29,13,-2,3,5,18,82,64,12
"21","2117",2008,"female","Austrian",-34,-8,5,13,-26,24,50,-4,181,185,38
"21","2117",2008,"female","Foreign",13,12,24,12,1,2,1,43,84,41,3
"21","2117",2009,"male","Austrian",-27,5,18,13,-32,17,49,-25,179,204,12
"21","2117",2009,"male","Foreign",16,11,29,18,5,6,1,18,76,58,6
"21","2117",2009,"female","Austrian",-39,-4,7,11,-35,15,50,-69,148,217,22
"21","2117",2009,"female","Foreign",18,16,30,14,2,7,5,15,72,57,4
"21","2117",2010,"male","Austrian",-4,-8,11,19,4,33,29,-75,164,239,21
"21","2117",2010,"male","Foreign",18,16,30,14,2,3,1,14,69,55,3
"21","2117",2010,"female","Austrian",-19,-4,8,12,-15,30,45,-77,152,229,29
"21","2117",2010,"female","Foreign",13,11,22,11,2,3,1,22,72,50,4
"21","2117",2011,"male","Austrian",-26,-8,17,25,-18,28,46,-2,192,194,17
"21","2117",2011,"male","Foreign",-1,-1,25,26,0,6,6,22,88,66,7
"21","2117",2011,"female","Austrian",-31,-4,5,9,-27,23,50,-53,142,195,28
"21","2117",2011,"female","Foreign",8,9,23,14,-1,6,7,40,84,44,6
"21","2117",2012,"male","Austrian",-23,-10,12,22,-13,30,43,27,204,177,22
"21","2117",2012,"male","Foreign",24,28,50,22,-4,3,7,16,83,67,5
"21","2117",2012,"female","Austrian",-25,-5,6,11,-20,22,42,7,199,192,24
"21","2117",2012,"female","Foreign",11,14,30,16,-3,4,7,30,82,52,9
"21","2117",2013,"male","Austrian",-12,-14,12,26,2,33,31,-4,201,205,22
"21","2117",2013,"male","Foreign",38,38,66,28,0,9,9,34,110,76,11
"21","2117",2013,"female","Austrian",-9,4,8,4,-13,22,35,-20,168,188,15
"21","2117",2013,"female","Foreign",23,21,43,22,2,8,6,51,118,67,5
"21","2117",2014,"male","Austrian",-14,-1,15,16,-13,24,37,-34,129,163,8
"21","2117",2014,"male","Foreign",24,14,43,29,10,18,8,45,122,77,5
"21","2117",2014,"female","Austrian",-14,-5,4,9,-9,28,37,-29,148,177,14
"21","2117",2014,"female","Foreign",28,17,37,20,11,17,6,48,111,63,7
"21","2117",2015,"male","Austrian",-17,-3,12,15,-14,22,36,-35,124,159,22
"21","2117",2015,"male","Foreign",16,23,53,30,-7,8,15,12,97,85,3
"21","2117",2015,"female","Austrian",-39,-2,9,11,-37,22,59,-53,127,180,20
"21","2117",2015,"female","Foreign",3,11,31,20,-8,2,10,17,87,70,2
"21","2117",2016,"male","Austrian",-37,-9,10,19,-28,15,43,20,162,142,15
"21","2117",2016,"male","Foreign",8,9,42,33,-1,7,8,20,96,76,1
"21","2117",2016,"female","Austrian",-26,-1,7,8,-25,12,37,-32,127,159,24
"21","2117",2016,"female","Foreign",20,12,31,19,8,13,5,15,80,65,1
"21","2117",2017,"male","Austrian",-24,-1,15,16,-23,20,43,-28,174,202,20
"21","2117",2017,"male","Foreign",34,17,46,29,17,17,0,92,202,110,12
"21","2117",2017,"female","Austrian",-14,-3,4,7,-11,19,30,-10,149,159,26
"21","2117",2017,"female","Foreign",12,1,31,30,11,16,5,91,185,94,9
"21","2117",2018,"male","Austrian",-23,-3,11,14,-20,16,36,-1,162,163,14
"21","2117",2018,"male","Foreign",-10,-6,32,38,-4,5,9,30,128,98,5
"21","2117",2018,"female","Austrian",-43,-22,1,23,-21,13,34,-16,130,146,29
"21","2117",2018,"female","Foreign",9,4,30,26,5,8,3,33,116,83,8
"21","2117",2019,"male","Austrian",-21,2,17,15,-23,18,41,5,140,135,15
"21","2117",2019,"male","Foreign",29,11,46,35,18,21,3,49,148,99,8
"21","2117",2019,"female","Austrian",-29,-17,10,27,-12,27,39,-21,129,150,18
"21","2117",2019,"female","Foreign",27,14,34,20,13,21,8,34,123,89,5
"21","2117",2020,"male","Austrian",-22,-1,9,10,-21,19,40,-7,155,162,10
"21","2117",2020,"male","Foreign",27,27,57,30,0,14,14,19,170,151,6
"21","2117",2020,"female","Austrian",-23,1,7,6,-24,15,39,-10,160,170,20
"21","2117",2020,"female","Foreign",28,31,45,14,-3,11,14,27,157,130,5
"21","2117",2021,"male","Austrian",-19,-6,10,16,-13,19,32,36,158,122,24
"21","2117",2021,"male","Foreign",-8,1,38,37,-9,17,26,43,140,97,6
"21","2117",2021,"female","Austrian",-26,-7,3,10,-19,14,33,-4,113,117,33
"21","2117",2021,"female","Foreign",-9,-11,24,35,2,13,11,51,128,77,7
"21","2117",2022,"male","Austrian",-7,1,11,10,-8,33,41,-3,158,161,13
"21","2117",2022,"male","Foreign",22,29,75,46,-7,18,25,44,163,119,9
"21","2117",2022,"female","Austrian",-7,-3,4,7,-4,34,38,-30,136,166,16
"21","2117",2022,"female","Foreign",25,33,72,39,-8,12,20,55,159,104,7
"21","2117",2023,"male","Austrian",-19,-7,10,17,-12,27,39,-40,128,168,5
"21","2117",2023,"male","Foreign",24,8,56,48,16,39,23,49,201,152,5
"21","2117",2023,"female","Austrian",-18,4,8,4,-22,22,44,-59,89,148,10
"21","2117",2023,"female","Foreign",8,12,42,30,-4,14,18,80,193,113,11
"21","2118",2007,"male","Austrian",-26,-8,18,26,-18,38,56,-14,163,177,20
"21","2118",2007,"male","Foreign",33,28,51,23,5,16,11,13,92,79,9
"21","2118",2007,"female","Austrian",-28,-12,5,17,-16,32,48,-47,144,191,20
"21","2118",2007,"female","Foreign",53,41,68,27,12,15,3,12,89,77,12
"21","2118",2008,"male","Austrian",-2,-3,17,20,1,45,44,-8,187,195,16
"21","2118",2008,"male","Foreign",18,19,48,29,-1,14,15,26,109,83,9
"21","2118",2008,"female","Austrian",-1,-7,4,11,6,46,40,-11,172,183,21
"21","2118",2008,"female","Foreign",38,27,42,15,11,23,12,-5,75,80,4
"21","2118",2009,"male","Austrian",-18,-5,15,20,-13,29,42,-3,177,180,13
"21","2118",2009,"male","Foreign",12,7,44,37,5,15,10,-8,96,104,10
"21","2118",2009,"female","Austrian",-16,-6,9,15,-10,32,42,-42,138,180,14
"21","2118",2009,"female","Foreign",21,21,51,30,0,7,7,13,83,70,10
"21","2118",2010,"male","Austrian",-7,-9,16,25,2,59,57,42,203,161,20
"21","2118",2010,"male","Foreign",59,42,82,40,17,21,4,22,132,110,16
"21","2118",2010,"female","Austrian",12,-1,5,6,13,71,58,30,193,163,16
"21","2118",2010,"female","Foreign",35,28,57,29,7,14,7,21,122,101,15
"21","2118",2011,"male","Austrian",1,-7,15,22,8,47,39,-34,182,216,22
"21","2118",2011,"male","Foreign",16,15,66,51,1,17,16,-30,107,137,8
"21","2118",2011,"female","Austrian",-14,-6,7,13,-8,37,45,-44,190,234,23
"21","2118",2011,"female","Foreign",38,37,60,23,1,10,9,-14,90,104,6
"21","2118",2012,"male","Austrian",-26,-4,10,14,-22,33,55,-12,181,193,21
"21","2118",2012,"male","Foreign",44,39,94,55,5,23,18,-4,132,136,15
"21","2118",2012,"female","Austrian",-15,-10,5,15,-5,46,51,-16,149,165,12
"21","2118",2012,"female","Foreign",40,28,59,31,12,25,13,-1,104,105,18
"21","2118",2013,"male","Austrian",-4,1,13,12,-5,43,48,12,210,198,18
"21","2118",2013,"male","Foreign",55,34,94,60,21,26,5,56,174,118,6
"21","2118",2013,"female","Austrian",-11,-4,7,11,-7,49,56,-8,161,169,10
"21","2118",2013,"female","Foreign",55,35,79,44,20,28,8,40,147,107,8
"21","2118",2014,"male","Austrian",-10,-2,12,14,-8,53,61,-7,171,178,11
"21","2118",2014,"male","Foreign",72,59,101,42,13,34,21,25,183,158,7
"21","2118",2014,"female","Austrian",-13,-8,7,15,-5,35,40,-19,145,164,5
"21","2118",2014,"female","Foreign",73,76,104,28,-3,17,20,24,147,123,7
"21","2118",2015,"male","Austrian",-15,-2,12,14,-13,31,44,-25,175,200,17
"21","2118",2015,"male","Foreign",62,42,96,54,20,45,25,7,205,198,13
"21","2118",2015,"female","Austrian",-27,0,9,9,-27,31,58,-2,172,174,18
"21","2118",2015,"female","Foreign",54,46,88,42,8,24,16,-1,150,151,11
"21","2118",2016,"male","Austrian",-36,3,11,8,-39,29,68,-17,147,164,19
"21","2118",2016,"male","Foreign",57,61,104,43,-4,25,29,-21,184,205,10
"21","2118",2016,"female","Austrian",-28,-7,3,10,-21,39,60,-21,151,172,14
"21","2118",2016,"female","Foreign",37,35,80,45,2,25,23,12,147,135,12
"21","2118",2017,"male","Austrian",-38,2,16,14,-40,30,70,17,177,160,9
"21","2118",2017,"male","Foreign",52,33,92,59,19,49,30,49,230,181,8
"21","2118",2017,"female","Austrian",-44,-3,9,12,-41,27,68,-8,136,144,15
"21","2118",2017,"female","Foreign",59,54,80,26,5,32,27,6,151,145,9
"21","2118",2018,"male","Austrian",-43,-15,5,20,-28,39,67,-13,132,145,11
"21","2118",2018,"male","Foreign",19,24,87,63,-5,26,31,21,216,195,12
"21","2118",2018,"female","Austrian",-23,5,9,4,-28,33,61,-5,132,137,9
"21","2118",2018,"female","Foreign",27,27,74,47,0,26,26,-15,154,169,12
"21","2118",2019,"male","Austrian",-26,-7,11,18,-19,30,49,-14,153,167,34
"21","2118",2019,"male","Foreign",23,15,84,69,8,34,26,39,244,205,15
"21","2118",2019,"female","Austrian",-34,-6,3,9,-28,33,61,-40,147,187,26
"21","2118",2019,"female","Foreign",28,32,82,50,-4,23,27,11,162,151,18
"21","2118",2020,"male","Austrian",-30,-4,10,14,-26,26,52,-55,128,183,7
"21","2118",2020,"male","Foreign",11,13,60,47,-2,29,31,8,253,245,8
"21","2118",2020,"female","Austrian",-23,0,6,6,-23,36,59,-47,126,173,7
"21","2118",2020,"female","Foreign",-21,-3,46,49,-18,11,29,-24,151,175,9
"21","2118",2021,"male","Austrian",-27,1,9,8,-28,34,62,1,152,151,12
"21","2118",2021,"male","Foreign",60,46,103,57,14,44,30,3,224,221,15
"21","2118",2021,"female","Austrian",-37,-3,5,8,-34,32,66,-18,137,155,19
"21","2118",2021,"female","Foreign",40,29,82,53,11,35,24,15,156,141,9
"21","2118",2022,"male","Austrian",-12,-13,7,20,1,39,38,-20,134,154,14
"21","2118",2022,"male","Foreign",113,64,135,71,49,82,33,37,312,275,29
"21","2118",2022,"female","Austrian",2,-6,5,11,8,55,47,1,142,141,9
"21","2118",2022,"female","Foreign",98,115,161,46,-17,36,53,-17,173,190,15
"21","2118",2023,"male","Austrian",-26,-10,4,14,-16,30,46,-9,140,149,10
"21","2118",2023,"male","Foreign",45,29,112,83,16,71,55,70,376,306,22
"21","2118",2023,"female","Austrian",-19,6,11,5,-25,24,49,-33,117,150,14
"21","2118",2023,"female","Foreign",39,38,92,54,1,38,37,8,196,188,12
"21","2119",2007,"male","Austrian",-15,4,6,2,-19,13,32,9,84,75,3
"21","2119",2007,"male","Foreign",6,3,13,10,3,6,3,0,28,28,4
"21","2119",2007,"female","Austrian",-19,2,3,1,-21,8,29,18,83,65,5
"21","2119",2007,"female","Foreign",8,11,15,4,-3,3,6,0,25,25,3
"21","2119",2008,"male","Austrian",-14,-5,8,13,-9,9,18,-8,76,84,6
"21","2119",2008,"male","Foreign",16,18,27,9,-2,2,4,2,31,29,0
"21","2119",2008,"female","Austrian",-16,2,3,1,-18,12,30,-11,71,82,4
"21","2119",2008,"female","Foreign",2,5,12,7,-3,0,3,-13,16,29,1
"21","2119",2009,"male","Austrian",-7,0,3,3,-7,18,25,-24,65,89,8
"21","2119",2009,"male","Foreign",6,5,20,15,1,7,6,7,45,38,2
"21","2119",2009,"female","Austrian",-4,1,2,1,-5,17,22,-12,69,81,8
"21","2119",2009,"female","Foreign",8,6,16,10,2,8,6,11,32,21,2
"21","2119",2010,"male","Austrian",10,3,7,4,7,24,17,-16,68,84,6
"21","2119",2010,"male","Foreign",7,13,28,15,-6,5,11,15,50,35,0
"21","2119",2010,"female","Austrian",-10,0,4,4,-10,6,16,-16,52,68,9
"21","2119",2010,"female","Foreign",12,14,25,11,-2,4,6,-1,43,44,0
"21","2119",2011,"male","Austrian",-5,-2,3,5,-3,16,19,-12,61,73,14
"21","2119",2011,"male","Foreign",31,26,50,24,5,12,7,-13,34,47,4
"21","2119",2011,"female","Austrian",-15,0,0,0,-15,16,31,-28,55,83,13
"21","2119",2011,"female","Foreign",34,30,43,13,4,7,3,-14,18,32,2
"21","2119",2012,"male","Austrian",-16,-4,3,7,-12,21,33,0,75,75,12
"21","2119",2012,"male","Foreign",-19,-20,34,54,1,4,3,0,43,43,7
"21","2119",2012,"female","Austrian",-18,1,1,0,-19,8,27,20,79,59,6
"21","2119",2012,"female","Foreign",-8,-8,23,31,0,0,0,-1,46,47,11
"21","2119",2013,"male","Austrian",-18,-2,3,5,-16,14,30,47,99,52,15
"21","2119",2013,"male","Foreign",8,15,32,17,-7,4,11,40,61,21,1
"21","2119",2013,"female","Austrian",-16,-5,3,8,-11,12,23,41,85,44,12
"21","2119",2013,"female","Foreign",8,10,18,8,-2,4,6,36,51,15,3
"21","2119",2014,"male","Austrian",-6,0,5,5,-6,11,17,-8,59,67,9
"21","2119",2014,"male","Foreign",14,11,35,24,3,6,3,-11,38,49,4
"21","2119",2014,"female","Austrian",-12,-2,1,3,-10,11,21,-21,58,79,12
"21","2119",2014,"female","Foreign",11,11,17,6,0,1,1,5,30,25,4
"21","2119",2015,"male","Austrian",6,5,6,1,1,14,13,7,65,58,16
"21","2119",2015,"male","Foreign",43,33,46,13,10,17,7,2,60,58,2
"21","2119",2015,"female","Austrian",-5,-1,1,2,-4,12,16,-7,65,72,14
"21","2119",2015,"female","Foreign",21,24,30,6,-3,3,6,18,51,33,4
"21","2119",2016,"male","Austrian",-3,4,6,2,-7,21,28,84,143,59,10
"21","2119",2016,"male","Foreign",40,33,57,24,7,16,9,41,103,62,2
"21","2119",2016,"female","Austrian",-1,2,4,2,-3,26,29,90,155,65,7
"21","2119",2016,"female","Foreign",28,25,40,15,3,8,5,36,80,44,1
"21","2119",2017,"male","Austrian",-2,-2,1,3,0,37,37,16,105,89,8
"21","2119",2017,"male","Foreign",41,19,40,21,22,36,14,17,101,84,5
"21","2119",2017,"female","Austrian",-4,0,2,2,-4,33,37,-14,79,93,10
"21","2119",2017,"female","Foreign",35,25,35,10,10,18,8,36,102,66,10
"21","2119",2018,"male","Austrian",-19,1,4,3,-20,32,52,259,313,54,14
"21","2119",2018,"male","Foreign",5,8,39,31,-3,21,24,157,225,68,9
"21","2119",2018,"female","Austrian",-21,-3,3,6,-18,33,51,259,348,89,24
"21","2119",2018,"female","Foreign",10,9,28,19,1,9,8,165,207,42,8
"21","2119",2019,"male","Austrian",-20,-2,3,5,-18,25,43,52,134,82,15
"21","2119",2019,"male","Foreign",26,16,39,23,10,15,5,31,109,78,5
"21","2119",2019,"female","Austrian",-24,-3,1,4,-21,21,42,58,148,90,10
"21","2119",2019,"female","Foreign",24,13,35,22,11,17,6,53,112,59,6
"21","2119",2020,"male","Austrian",-16,4,6,2,-20,17,37,-18,83,101,8
"21","2119",2020,"male","Foreign",-1,7,30,23,-8,13,21,21,112,91,6
"21","2119",2020,"female","Austrian",-16,0,4,4,-16,15,31,-21,87,108,5
"21","2119",2020,"female","Foreign",8,7,20,13,1,13,12,12,86,74,4
"21","2119",2021,"male","Austrian",-14,-6,2,8,-8,27,35,37,149,112,14
"21","2119",2021,"male","Foreign",10,9,36,27,1,17,16,45,120,75,3
"21","2119",2021,"female","Austrian",-8,-5,1,6,-3,39,42,38,131,93,14
"21","2119",2021,"female","Foreign",19,12,33,21,7,15,8,17,84,67,2
"21","2119",2022,"male","Austrian",-5,-1,2,3,-4,35,39,101,202,101,11
"21","2119",2022,"male","Foreign",49,36,75,39,13,29,16,96,189,93,11
"21","2119",2022,"female","Austrian",-23,-3,3,6,-20,34,54,87,196,109,14
"21","2119",2022,"female","Foreign",85,74,105,31,11,24,13,107,183,76,18
"21","2119",2023,"male","Austrian",-23,-5,3,8,-18,26,44,26,137,111,8
"21","2119",2023,"male","Foreign",19,13,52,39,6,34,28,77,202,125,7
"21","2119",2023,"female","Austrian",-27,-8,0,8,-19,27,46,40,133,93,7
"21","2119",2023,"female","Foreign",29,25,66,41,4,22,18,56,168,112,10
"21","2120",2007,"male","Austrian",-6,2,4,2,-8,9,17,26,62,36,2
"21","2120",2007,"male","Foreign",10,7,17,10,3,6,3,2,34,32,1
"21","2120",2007,"female","Austrian",8,2,3,1,6,17,11,26,72,46,8
"21","2120",2007,"female","Foreign",5,7,14,7,-2,1,3,15,34,19,2
"21","2120",2008,"male","Austrian",-1,-1,1,2,0,15,15,24,54,30,3
"21","2120",2008,"male","Foreign",8,10,13,3,-2,1,3,11,32,21,4
"21","2120",2008,"female","Austrian",-5,-5,0,5,0,13,13,8,54,46,4
"21","2120",2008,"female","Foreign",8,7,9,2,1,1,0,-11,20,31,2
"21","2120",2009,"male","Austrian",-4,-6,1,7,2,19,17,0,41,41,5
"21","2120",2009,"male","Foreign",4,2,12,10,2,4,2,11,32,21,3
"21","2120",2009,"female","Austrian",15,-3,1,4,18,33,15,8,46,38,3
"21","2120",2009,"female","Foreign",8,8,16,8,0,1,1,7,16,9,5
"21","2120",2010,"male","Austrian",-1,0,4,4,-1,17,18,-24,40,64,8
"21","2120",2010,"male","Foreign",1,5,19,14,-4,0,4,-10,23,33,8
"21","2120",2010,"female","Austrian",-13,-1,0,1,-12,9,21,3,54,51,3
"21","2120",2010,"female","Foreign",12,13,23,10,-1,1,2,-6,26,32,4
"21","2120",2011,"male","Austrian",-4,0,1,1,-4,9,13,-11,46,57,2
"21","2120",2011,"male","Foreign",1,0,12,12,1,4,3,-1,33,34,1
"21","2120",2011,"female","Austrian",1,1,3,2,0,14,14,-28,37,65,5
"21","2120",2011,"female","Foreign",2,5,7,2,-3,1,4,-7,25,32,2
"21","2120",2012,"male","Austrian",-4,2,5,3,-6,8,14,13,55,42,2
"21","2120",2012,"male","Foreign",15,14,19,5,1,2,1,8,40,32,1
"21","2120",2012,"female","Austrian",-8,-4,1,5,-4,21,25,5,48,43,3
"21","2120",2012,"female","Foreign",12,11,17,6,1,1,0,23,39,16,1
"21","2120",2013,"male","Austrian",-6,3,4,1,-9,5,14,-7,30,37,2
"21","2120",2013,"male","Foreign",22,18,30,12,4,8,4,-2,30,32,2
"21","2120",2013,"female","Austrian",0,1,3,2,-1,11,12,-3,33,36,1
"21","2120",2013,"female","Foreign",5,0,12,12,5,7,2,4,28,24,2
"21","2120",2014,"male","Austrian",10,1,2,1,9,25,16,96,125,29,6
"21","2120",2014,"male","Foreign",20,14,29,15,6,15,9,21,69,48,5
"21","2120",2014,"female","Austrian",7,4,5,1,3,26,23,80,130,50,6
"21","2120",2014,"female","Foreign",16,15,23,8,1,5,4,42,62,20,3
"21","2120",2015,"male","Austrian",4,0,2,2,4,24,20,66,113,47,4
"21","2120",2015,"male","Foreign",116,103,114,11,13,15,2,16,119,103,6
"21","2120",2015,"female","Austrian",6,-1,0,1,7,22,15,49,101,52,7
"21","2120",2015,"female","Foreign",18,16,18,2,2,3,1,31,66,35,12
"21","2120",2016,"male","Austrian",-1,0,2,2,-1,15,16,-1,42,43,0
"21","2120",2016,"male","Foreign",13,13,36,23,0,9,9,-70,69,139,1
"21","2120",2016,"female","Austrian",-7,2,2,0,-9,19,28,3,38,35,2
"21","2120",2016,"female","Foreign",12,13,22,9,-1,6,7,-8,37,45,5
"21","2120",2017,"male","Austrian",-18,-5,1,6,-13,7,20,2,48,46,1
"21","2120",2017,"male","Foreign",26,9,27,18,17,21,4,16,67,51,3
"21","2120",2017,"female","Austrian",-11,-3,0,3,-8,9,17,-17,48,65,1
"21","2120",2017,"female","Foreign",29,19,30,11,10,16,6,8,44,36,4
"21","2120",2018,"male","Austrian",-10,-2,2,4,-8,11,19,-6,48,54,3
"21","2120",2018,"male","Foreign",7,7,23,16,0,9,9,-3,61,64,1
"21","2120",2018,"female","Austrian",-20,0,4,4,-20,8,28,-1,47,48,4
"21","2120",2018,"female","Foreign",6,4,17,13,2,8,6,-14,39,53,0
"21","2120",2019,"male","Austrian",-20,-3,1,4,-17,13,30,-21,48,69,2
"21","2120",2019,"male","Foreign",10,13,31,18,-3,10,13,7,48,41,2
"21","2120",2019,"female","Austrian",-23,-1,0,1,-22,10,32,10,59,49,1
"21","2120",2019,"female","Foreign",3,6,18,12,-3,11,14,13,39,26,2
"21","2120",2020,"male","Austrian",-10,2,3,1,-12,12,24,15,66,51,7
"21","2120",2020,"male","Foreign",9,12,22,10,-3,5,8,-11,55,66,3
"21","2120",2020,"female","Austrian",-19,1,3,2,-20,7,27,5,60,55,0
"21","2120",2020,"female","Foreign",10,14,20,6,-4,5,9,-3,44,47,6
"21","2120",2021,"male","Austrian",-8,2,3,1,-10,8,18,-16,39,55,5
"21","2120",2021,"male","Foreign",-6,-3,16,19,-3,7,10,10,54,44,2
"21","2120",2021,"female","Austrian",-15,0,1,1,-15,8,23,-10,42,52,5
"21","2120",2021,"female","Foreign",13,11,18,7,2,8,6,2,40,38,6
"21","2120",2022,"male","Austrian",-3,-1,2,3,-2,11,13,2,48,46,2
"21","2120",2022,"male","Foreign",4,7,34,27,-3,1,4,-1,60,61,1
"21","2120",2022,"female","Austrian",-17,-4,1,5,-13,5,18,-6,34,40,1
"21","2120",2022,"female","Foreign",23,23,37,14,0,2,2,15,62,47,2
"21","2120",2023,"male","Austrian",-13,1,3,2,-14,4,18,-31,40,71,0
"21","2120",2023,"male","Foreign",6,9,26,17,-3,5,8,9,48,39,2
"21","2120",2023,"female","Austrian",-4,-1,1,2,-3,13,16,-12,42,54,2
"21","2120",2023,"female","Foreign",9,11,23,12,-2,5,7,6,49,43,4
"21","2121",2007,"male","Austrian",-4,-6,20,26,2,51,49,25,182,157,23
"21","2121",2007,"male","Foreign",37,37,63,26,0,11,11,17,90,73,1
"21","2121",2007,"female","Austrian",5,-2,7,9,7,48,41,-2,154,156,14
"21","2121",2007,"female","Foreign",33,33,48,15,0,9,9,16,90,74,7
"21","2121",2008,"male","Austrian",-27,-3,14,17,-24,29,53,-2,183,185,19
"21","2121",2008,"male","Foreign",20,17,64,47,3,11,8,25,100,75,10
"21","2121",2008,"female","Austrian",-22,-7,6,13,-15,33,48,-37,154,191,14
"21","2121",2008,"female","Foreign",24,21,49,28,3,6,3,12,88,76,7
"21","2121",2009,"male","Austrian",-16,-8,19,27,-8,42,50,10,181,171,17
"21","2121",2009,"male","Foreign",14,14,51,37,0,14,14,5,93,88,8
"21","2121",2009,"female","Austrian",-4,-3,8,11,-1,41,42,-12,152,164,17
"21","2121",2009,"female","Foreign",28,28,54,26,0,13,13,-8,77,85,9
"21","2121",2010,"male","Austrian",1,-2,19,21,3,47,44,-32,149,181,21
"21","2121",2010,"male","Foreign",31,28,79,51,3,14,11,-21,84,105,13
"21","2121",2010,"female","Austrian",-9,-7,6,13,-2,56,58,-34,141,175,15
"21","2121",2010,"female","Foreign",49,42,69,27,7,10,3,6,79,73,14
"21","2121",2011,"male","Austrian",-10,-6,9,15,-4,43,47,12,199,187,18
"21","2121",2011,"male","Foreign",15,21,77,56,-6,10,16,16,99,83,6
"21","2121",2011,"female","Austrian",28,-2,5,7,30,58,28,-13,155,168,17
"21","2121",2011,"female","Foreign",12,14,50,36,-2,9,11,9,89,80,4
"21","2121",2012,"male","Austrian",-31,-8,11,19,-23,29,52,-12,175,187,13
"21","2121",2012,"male","Foreign",27,27,80,53,0,11,11,17,131,114,5
"21","2121",2012,"female","Austrian",-4,-2,7,9,-2,46,48,-30,153,183,6
"21","2121",2012,"female","Foreign",6,15,49,34,-9,8,17,24,111,87,6
"21","2121",2013,"male","Austrian",-15,-10,11,21,-5,40,45,-25,159,184,9
"21","2121",2013,"male","Foreign",31,20,71,51,11,25,14,11,143,132,9
"21","2121",2013,"female","Austrian",-7,-4,8,12,-3,44,47,-44,125,169,6
"21","2121",2013,"female","Foreign",48,49,82,33,-1,16,17,-3,92,95,11
"21","2121",2014,"male","Austrian",-12,5,19,14,-17,38,55,-63,138,201,10
"21","2121",2014,"male","Foreign",59,49,93,44,10,24,14,-3,133,136,16
"21","2121",2014,"female","Austrian",-18,-4,6,10,-14,34,48,-37,132,169,13
"21","2121",2014,"female","Foreign",49,42,70,28,7,27,20,-11,119,130,12
"21","2121",2015,"male","Austrian",-25,-11,13,24,-14,33,47,-3,176,179,11
"21","2121",2015,"male","Foreign",81,70,120,50,11,24,13,-5,167,172,16
"21","2121",2015,"female","Austrian",-9,5,10,5,-14,33,47,-65,111,176,4
"21","2121",2015,"female","Foreign",57,58,93,35,-1,10,11,-20,118,138,11
"21","2121",2016,"male","Austrian",-4,-1,14,15,-3,45,48,86,260,174,21
"21","2121",2016,"male","Foreign",81,66,129,63,15,39,24,60,239,179,19
"21","2121",2016,"female","Austrian",-11,-3,8,11,-8,41,49,74,230,156,14
"21","2121",2016,"female","Foreign",43,47,95,48,-4,15,19,56,188,132,14
"21","2121",2017,"male","Austrian",-15,3,10,7,-18,33,51,28,204,176,19
"21","2121",2017,"male","Foreign",64,49,125,76,15,38,23,53,251,198,24
"21","2121",2017,"female","Austrian",-8,1,10,9,-9,42,51,25,170,145,11
"21","2121",2017,"female","Foreign",58,47,93,46,11,28,17,24,169,145,26
"21","2121",2018,"male","Austrian",-1,7,19,12,-8,28,36,-48,126,174,7
"21","2121",2018,"male","Foreign",13,14,105,91,-1,29,30,-9,200,209,4
"21","2121",2018,"female","Austrian",-13,-1,7,8,-12,30,42,-48,109,157,8
"21","2121",2018,"female","Foreign",1,17,69,52,-16,11,27,13,168,155,6
"21","2121",2019,"male","Austrian",-17,-9,9,18,-8,33,41,8,164,156,20
"21","2121",2019,"male","Foreign",32,32,119,87,0,22,22,29,227,198,5
"21","2121",2019,"female","Austrian",-9,-4,8,12,-5,38,43,-7,130,137,14
"21","2121",2019,"female","Foreign",57,41,82,41,16,23,7,7,151,144,2
"21","2121",2020,"male","Austrian",-15,-1,13,14,-14,39,53,-58,124,182,5
"21","2121",2020,"male","Foreign",64,37,105,68,27,57,30,33,230,197,28
"21","2121",2020,"female","Austrian",-12,3,7,4,-15,32,47,-64,99,163,3
"21","2121",2020,"female","Foreign",28,5,65,60,23,51,28,38,183,145,21
"21","2121",2021,"male","Austrian",-28,-2,18,20,-26,29,55,-25,124,149,13
"21","2121",2021,"male","Foreign",25,20,91,71,5,32,27,-29,188,217,25
"21","2121",2021,"female","Austrian",-28,-6,2,8,-22,29,51,-37,92,129,7
"21","2121",2021,"female","Foreign",4,1,52,51,3,20,17,-37,116,153,14
"21","2121",2022,"male","Austrian",-23,-12,11,23,-11,43,54,-10,142,152,8
"21","2121",2022,"male","Foreign",72,46,118,72,26,62,36,11,227,216,14
"21","2121",2022,"female","Austrian",-23,-9,5,14,-14,36,50,-33,102,135,6
"21","2121",2022,"female","Foreign",58,48,91,43,10,40,30,1,158,157,9
"21","2121",2023,"male","Austrian",-19,-3,12,15,-16,30,46,-15,122,137,10
"21","2121",2023,"male","Foreign",66,24,119,95,42,69,27,35,307,272,20
"21","2121",2023,"female","Austrian",-13,-6,4,10,-7,37,44,-43,84,127,10
"21","2121",2023,"female","Foreign",55,37,83,46,18,38,20,13,198,185,19
"21","2122",2007,"male","Austrian",-1,2,16,14,-3,53,56,-4,199,203,21
"21","2122",2007,"male","Foreign",66,52,86,34,14,23,9,14,123,109,22
"21","2122",2007,"female","Austrian",2,-1,11,12,3,51,48,-32,184,216,23
"21","2122",2007,"female","Foreign",57,48,71,23,9,18,9,13,105,92,15
"21","2122",2008,"male","Austrian",-33,-11,8,19,-22,51,73,18,225,207,11
"21","2122",2008,"male","Foreign",21,16,69,53,5,16,11,-9,116,125,9
"21","2122",2008,"female","Austrian",-17,-6,8,14,-11,48,59,-27,210,237,13
"21","2122",2008,"female","Foreign",37,34,74,40,3,10,7,-4,114,118,5
"21","2122",2009,"male","Austrian",-21,-1,18,19,-20,45,65,9,197,188,26
"21","2122",2009,"male","Foreign",58,47,94,47,11,21,10,-16,135,151,8
"21","2122",2009,"female","Austrian",-19,-10,6,16,-9,66,75,-14,187,201,20
"21","2122",2009,"female","Foreign",44,28,68,40,16,22,6,-13,109,122,6
"21","2122",2010,"male","Austrian",-17,3,21,18,-20,55,75,-21,173,194,18
"21","2122",2010,"male","Foreign",72,58,122,64,14,24,10,-8,131,139,10
"21","2122",2010,"female","Austrian",-20,-13,10,23,-7,69,76,2,186,184,30
"21","2122",2010,"female","Foreign",60,50,94,44,10,26,16,-1,95,96,2
"21","2122",2011,"male","Austrian",6,-3,21,24,9,74,65,22,229,207,29
"21","2122",2011,"male","Foreign",33,12,119,107,21,39,18,13,156,143,9
"21","2122",2011,"female","Austrian",11,-2,10,12,13,86,73,23,228,205,20
"21","2122",2011,"female","Foreign",21,20,86,66,1,22,21,-13,120,133,12
"21","2122",2012,"male","Austrian",-10,-8,18,26,-2,68,70,5,222,217,17
"21","2122",2012,"male","Foreign",56,55,129,74,1,17,16,19,195,176,6
"21","2122",2012,"female","Austrian",8,-7,7,14,15,80,65,20,226,206,13
"21","2122",2012,"female","Foreign",72,76,122,46,-4,13,17,23,161,138,6
"21","2122",2013,"male","Austrian",2,2,17,15,0,73,73,61,242,181,14
"21","2122",2013,"male","Foreign",63,55,140,85,8,29,21,25,184,159,12
"21","2122",2013,"female","Austrian",-2,-3,10,13,1,66,65,9,217,208,18
"21","2122",2013,"female","Foreign",59,57,125,68,2,26,24,73,198,125,14
"21","2122",2014,"male","Austrian",-10,-3,17,20,-7,57,64,-52,151,203,24
"21","2122",2014,"male","Foreign",74,39,104,65,35,52,17,-21,204,225,13
"21","2122",2014,"female","Austrian",9,-1,10,11,10,65,55,-38,156,194,28
"21","2122",2014,"female","Foreign",49,46,100,54,3,21,18,13,181,168,10
"21","2122",2015,"male","Austrian",-2,6,20,14,-8,54,62,-35,191,226,50
"21","2122",2015,"male","Foreign",84,56,125,69,28,55,27,4,256,252,33
"21","2122",2015,"female","Austrian",-51,-10,5,15,-41,44,85,4,192,188,40
"21","2122",2015,"female","Foreign",74,66,126,60,8,31,23,-34,162,196,31
"21","2122",2016,"male","Austrian",-19,-6,16,22,-13,58,71,-14,191,205,15
"21","2122",2016,"male","Foreign",78,42,122,80,36,64,28,40,296,256,16
"21","2122",2016,"female","Austrian",-24,-7,5,12,-17,55,72,-6,171,177,15
"21","2122",2016,"female","Foreign",64,57,151,94,7,33,26,8,205,197,16
"21","2122",2017,"male","Austrian",-17,-1,14,15,-16,49,65,21,207,186,18
"21","2122",2017,"male","Foreign",62,48,140,92,14,64,50,67,315,248,15
"21","2122",2017,"female","Austrian",-3,5,16,11,-8,60,68,4,172,168,14
"21","2122",2017,"female","Foreign",60,51,120,69,9,31,22,74,231,157,22
"21","2122",2018,"male","Austrian",-15,-4,12,16,-11,66,77,1,211,210,19
"21","2122",2018,"male","Foreign",38,41,132,91,-3,37,40,-3,311,314,26
"21","2122",2018,"female","Austrian",1,6,15,9,-5,76,81,2,193,191,22
"21","2122",2018,"female","Foreign",84,78,146,68,6,36,30,14,233,219,15
"21","2122",2019,"male","Austrian",-20,-6,5,11,-14,57,71,5,188,183,24
"21","2122",2019,"male","Foreign",53,47,142,95,6,44,38,72,328,256,21
"21","2122",2019,"female","Austrian",-23,-3,5,8,-20,52,72,-27,191,218,27
"21","2122",2019,"female","Foreign",48,45,112,67,3,27,24,22,224,202,17
"21","2122",2020,"male","Austrian",1,5,9,4,-4,68,72,-21,184,205,12
"21","2122",2020,"male","Foreign",34,17,92,75,17,52,35,-21,279,300,25
"21","2122",2020,"female","Austrian",-19,-1,6,7,-18,60,78,-53,167,220,12
"21","2122",2020,"female","Foreign",33,19,94,75,14,41,27,-16,207,223,11
"21","2122",2021,"male","Austrian",-10,4,10,6,-14,65,79,-27,158,185,8
"21","2122",2021,"male","Foreign",47,20,101,81,27,60,33,17,289,272,17
"21","2122",2021,"female","Austrian",-28,4,8,4,-32,41,73,-16,175,191,10
"21","2122",2021,"female","Foreign",15,4,87,83,11,39,28,-17,190,207,22
"21","2122",2022,"male","Austrian",-16,-3,13,16,-13,67,80,-37,154,191,13
"21","2122",2022,"male","Foreign",79,47,141,94,32,62,30,77,363,286,17
"21","2122",2022,"female","Austrian",-23,0,14,14,-23,55,78,-33,158,191,16
"21","2122",2022,"female","Foreign",142,109,190,81,33,49,16,40,244,204,27
"21","2122",2023,"male","Austrian",-1,6,17,11,-7,63,70,-9,193,202,17
"21","2122",2023,"male","Foreign",66,34,143,109,32,77,45,150,435,285,14
"21","2122",2023,"female","Austrian",-12,-1,18,19,-11,55,66,-13,182,195,18
"21","2122",2023,"female","Foreign",105,65,151,86,40,63,23,70,288,218,17
"21","2123",2007,"male","Austrian",-29,-5,18,23,-24,57,81,-29,233,262,23
"21","2123",2007,"male","Foreign",62,47,103,56,15,26,11,39,198,159,13
"21","2123",2007,"female","Austrian",-28,-6,6,12,-22,64,86,-9,234,243,23
"21","2123",2007,"female","Foreign",67,60,99,39,7,11,4,39,153,114,13
"21","2123",2008,"male","Austrian",-15,-13,18,31,-2,66,68,-30,237,267,32
"21","2123",2008,"male","Foreign",22,11,92,81,11,27,16,-29,152,181,16
"21","2123",2008,"female","Austrian",-10,-10,11,21,0,76,76,6,232,226,37
"21","2123",2008,"female","Foreign",77,45,96,51,32,42,10,-5,142,147,18
"21","2123",2009,"male","Austrian",-30,-12,19,31,-18,59,77,-38,229,267,28
"21","2123",2009,"male","Foreign",43,21,94,73,22,39,17,-9,142,151,15
"21","2123",2009,"female","Austrian",-17,-3,8,11,-14,64,78,-18,242,260,24
"21","2123",2009,"female","Foreign",43,24,80,56,19,42,23,11,146,135,8
"21","2123",2010,"male","Austrian",-9,-5,16,21,-4,74,78,47,262,215,14
"21","2123",2010,"male","Foreign",20,15,80,65,5,17,12,33,185,152,19
"21","2123",2010,"female","Austrian",-8,-10,7,17,2,94,92,41,272,231,19
"21","2123",2010,"female","Foreign",23,24,69,45,-1,18,19,8,180,172,14
"21","2123",2011,"male","Austrian",23,3,24,21,20,90,70,31,236,205,22
"21","2123",2011,"male","Foreign",36,40,111,71,-4,18,22,35,197,162,28
"21","2123",2011,"female","Austrian",7,-1,10,11,8,88,80,6,230,224,22
"21","2123",2011,"female","Foreign",59,36,96,60,23,34,11,-18,157,175,22
"21","2123",2012,"male","Austrian",-7,-6,25,31,-1,68,69,-17,235,252,32
"21","2123",2012,"male","Foreign",73,59,142,83,14,43,29,-48,170,218,10
"21","2123",2012,"female","Austrian",-26,-6,13,19,-20,66,86,-45,216,261,17
"21","2123",2012,"female","Foreign",104,97,151,54,7,33,26,-17,149,166,15
"21","2123",2013,"male","Austrian",-3,-7,16,23,4,67,63,4,216,212,21
"21","2123",2013,"male","Foreign",99,83,152,69,16,37,21,-17,186,203,9
"21","2123",2013,"female","Austrian",-33,-23,6,29,-10,61,71,-35,186,221,25
"21","2123",2013,"female","Foreign",72,61,125,64,11,27,16,-11,174,185,4
"21","2123",2014,"male","Austrian",-16,-7,19,26,-9,66,75,-26,240,266,18
"21","2123",2014,"male","Foreign",103,79,159,80,24,44,20,-9,217,226,17
"21","2123",2014,"female","Austrian",-23,-8,10,18,-15,76,91,-43,210,253,15
"21","2123",2014,"female","Foreign",123,112,181,69,11,30,19,-21,163,184,10
"21","2123",2015,"male","Austrian",-22,-11,14,25,-11,69,80,-9,226,235,14
"21","2123",2015,"male","Foreign",142,120,195,75,22,62,40,12,287,275,24
"21","2123",2015,"female","Austrian",-13,1,13,12,-14,64,78,-36,215,251,22
"21","2123",2015,"female","Foreign",139,137,192,55,2,26,24,-29,202,231,19
"21","2123",2016,"male","Austrian",-55,-9,11,20,-46,57,103,-35,192,227,10
"21","2123",2016,"male","Foreign",51,35,142,107,16,62,46,16,322,306,12
"21","2123",2016,"female","Austrian",-47,-5,7,12,-42,55,97,-60,185,245,8
"21","2123",2016,"female","Foreign",48,33,120,87,15,47,32,6,242,236,12
"21","2123",2017,"male","Austrian",-36,-10,9,19,-26,57,83,-4,230,234,12
"21","2123",2017,"male","Foreign",92,69,175,106,23,78,55,103,419,316,24
"21","2123",2017,"female","Austrian",-17,-6,6,12,-11,69,80,-24,215,239,13
"21","2123",2017,"female","Foreign",86,73,141,68,13,71,58,58,313,255,29
"21","2123",2018,"male","Austrian",-38,-11,13,24,-27,65,92,-43,194,237,20
"21","2123",2018,"male","Foreign",26,48,134,86,-22,39,61,38,393,355,20
"21","2123",2018,"female","Austrian",-25,-2,13,15,-23,62,85,-46,187,233,18
"21","2123",2018,"female","Foreign",14,31,117,86,-17,35,52,28,285,257,22
"21","2123",2019,"male","Austrian",-55,-9,11,20,-46,52,98,-23,200,223,16
"21","2123",2019,"male","Foreign",67,61,152,91,6,57,51,-52,329,381,20
"21","2123",2019,"female","Austrian",-51,-4,5,9,-47,48,95,-31,189,220,13
"21","2123",2019,"female","Foreign",33,32,98,66,1,42,41,0,262,262,16
"21","2123",2020,"male","Austrian",-25,-1,12,13,-24,47,71,-72,158,230,10
"21","2123",2020,"male","Foreign",28,9,104,95,19,54,35,-24,308,332,25
"21","2123",2020,"female","Austrian",-31,-7,7,14,-24,45,69,-74,146,220,13
"21","2123",2020,"female","Foreign",63,34,98,64,29,61,32,-63,232,295,22
"21","2123",2021,"male","Austrian",-25,-3,10,13,-22,55,77,-12,219,231,17
"21","2123",2021,"male","Foreign",82,6,128,122,76,123,47,4,340,336,22
"21","2123",2021,"female","Austrian",-10,2,6,4,-12,57,69,-10,179,189,18
"21","2123",2021,"female","Foreign",116,51,127,76,65,97,32,-49,248,297,18
"21","2123",2022,"male","Austrian",-6,3,10,7,-9,67,76,2,215,213,12
"21","2123",2022,"male","Foreign",211,163,277,114,48,105,57,-32,387,419,21
"21","2123",2022,"female","Austrian",-23,-10,7,17,-13,79,92,-31,193,224,15
"21","2123",2022,"female","Foreign",218,191,276,85,27,77,50,-45,291,336,31
"21","2123",2023,"male","Austrian",-28,1,13,12,-29,56,85,-67,168,235,13
"21","2123",2023,"male","Foreign",138,88,226,138,50,113,63,49,465,416,46
"21","2123",2023,"female","Austrian",-45,-3,12,15,-42,48,90,-31,177,208,8
"21","2123",2023,"female","Foreign",111,67,186,119,44,90,46,14,308,294,33
"21","2124",2007,"male","Austrian",-10,1,2,1,-11,8,19,-19,53,72,6
"21","2124",2007,"male","Foreign",7,7,13,6,0,3,3,3,21,18,1
"21","2124",2007,"female","Austrian",-12,-1,1,2,-11,8,19,-2,55,57,9
"21","2124",2007,"female","Foreign",5,6,12,6,-1,0,1,1,16,15,0
"21","2124",2008,"male","Austrian",-14,-3,3,6,-11,7,18,-9,53,62,10
"21","2124",2008,"male","Foreign",3,-1,11,12,4,5,1,8,20,12,1
"21","2124",2008,"female","Austrian",-7,-9,2,11,2,17,15,21,73,52,20
"21","2124",2008,"female","Foreign",-4,-4,5,9,0,2,2,9,19,10,0
"21","2124",2009,"male","Austrian",6,-2,2,4,8,19,11,6,80,74,5
"21","2124",2009,"male","Foreign",6,4,12,8,2,3,1,10,23,13,0
"21","2124",2009,"female","Austrian",6,0,3,3,6,19,13,-3,73,76,7
"21","2124",2009,"female","Foreign",2,2,13,11,0,0,0,12,29,17,0
"21","2124",2010,"male","Austrian",-12,-4,2,6,-8,12,20,1,67,66,8
"21","2124",2010,"male","Foreign",9,10,16,6,-1,2,3,1,24,23,1
"21","2124",2010,"female","Austrian",-16,-4,0,4,-12,10,22,41,98,57,9
"21","2124",2010,"female","Foreign",8,11,17,6,-3,0,3,14,30,16,1
"21","2124",2011,"male","Austrian",34,4,5,1,30,40,10,221,286,65,5
"21","2124",2011,"male","Foreign",19,17,23,6,2,2,0,59,76,17,0
"21","2124",2011,"female","Austrian",39,3,4,1,36,49,13,266,330,64,5
"21","2124",2011,"female","Foreign",8,7,16,9,1,3,2,79,94,15,1
"21","2124",2012,"male","Austrian",25,-7,3,10,32,46,14,156,215,59,16
"21","2124",2012,"male","Foreign",17,15,27,12,2,4,2,34,59,25,0
"21","2124",2012,"female","Austrian",16,-10,2,12,26,39,13,176,225,49,17
"21","2124",2012,"female","Foreign",22,10,22,12,12,13,1,53,74,21,0
"21","2124",2013,"male","Austrian",-4,4,6,2,-8,10,18,22,72,50,7
"21","2124",2013,"male","Foreign",7,8,22,14,-1,0,1,20,33,13,0
"21","2124",2013,"female","Austrian",-16,-1,1,2,-15,11,26,-11,64,75,9
"21","2124",2013,"female","Foreign",14,16,32,16,-2,0,2,3,26,23,0
"21","2124",2014,"male","Austrian",-15,-4,2,6,-11,18,29,-28,73,101,4
"21","2124",2014,"male","Foreign",22,24,32,8,-2,1,3,14,44,30,2
"21","2124",2014,"female","Austrian",-15,2,2,0,-17,12,29,34,97,63,5
"21","2124",2014,"female","Foreign",22,20,30,10,2,5,3,19,49,30,3
"21","2124",2015,"male","Austrian",10,-4,3,7,14,35,21,151,226,75,11
"21","2124",2015,"male","Foreign",13,10,22,12,3,8,5,84,117,33,1
"21","2124",2015,"female","Austrian",10,4,6,2,6,31,25,175,259,84,10
"21","2124",2015,"female","Foreign",32,26,36,10,6,6,0,93,121,28,3
"21","2124",2016,"male","Austrian",-2,3,6,3,-5,26,31,40,129,89,10
"21","2124",2016,"male","Foreign",16,14,32,18,2,10,8,37,83,46,5
"21","2124",2016,"female","Austrian",2,0,4,4,2,35,33,57,131,74,17
"21","2124",2016,"female","Foreign",20,24,48,24,-4,7,11,59,94,35,14
"21","2124",2017,"male","Austrian",-8,0,5,5,-8,21,29,134,212,78,20
"21","2124",2017,"male","Foreign",16,20,37,17,-4,9,13,75,125,50,2
"21","2124",2017,"female","Austrian",-16,-5,2,7,-11,27,38,177,242,65,20
"21","2124",2017,"female","Foreign",11,16,39,23,-5,6,11,73,113,40,8
"21","2124",2018,"male","Austrian",-5,6,14,8,-11,29,40,125,215,90,17
"21","2124",2018,"male","Foreign",36,35,56,21,1,19,18,79,142,63,8
"21","2124",2018,"female","Austrian",-25,1,3,2,-26,22,48,183,272,89,27
"21","2124",2018,"female","Foreign",24,23,45,22,1,9,8,54,127,73,4
"21","2124",2019,"male","Austrian",-6,1,5,4,-7,27,34,17,114,97,27
"21","2124",2019,"male","Foreign",8,7,37,30,1,8,7,17,89,72,12
"21","2124",2019,"female","Austrian",-9,0,2,2,-9,33,42,54,137,83,32
"21","2124",2019,"female","Foreign",-6,1,37,36,-7,4,11,26,86,60,7
"21","2124",2020,"male","Austrian",-11,0,4,4,-11,21,32,-17,95,112,11
"21","2124",2020,"male","Foreign",4,3,33,30,1,8,7,19,80,61,4
"21","2124",2020,"female","Austrian",-7,-2,3,5,-5,25,30,5,124,119,12
"21","2124",2020,"female","Foreign",19,16,38,22,3,10,7,17,77,60,1
"21","2124",2021,"male","Austrian",-20,2,8,6,-22,17,39,-18,87,105,12
"21","2124",2021,"male","Foreign",1,2,34,32,-1,8,9,52,100,48,0
"21","2124",2021,"female","Austrian",-20,-2,5,7,-18,25,43,23,121,98,10
"21","2124",2021,"female","Foreign",1,10,30,20,-9,6,15,21,75,54,4
"21","2124",2022,"male","Austrian",-13,-3,6,9,-10,35,45,3,111,108,10
"21","2124",2022,"male","Foreign",25,32,57,25,-7,18,25,65,148,83,2
"21","2124",2022,"female","Austrian",-20,3,5,2,-23,26,49,41,135,94,15
"21","2124",2022,"female","Foreign",43,48,81,33,-5,15,20,40,119,79,6
"21","2124",2023,"male","Austrian",-25,-3,2,5,-22,23,45,-35,90,125,14
"21","2124",2023,"male","Foreign",24,21,48,27,3,21,18,41,133,92,2
"21","2124",2023,"female","Austrian",-30,-7,1,8,-23,30,53,20,129,109,10
"21","2124",2023,"female","Foreign",33,25,63,38,8,23,15,32,110,78,4
"21","2125",2007,"male","Austrian",-16,0,5,5,-16,20,36,5,89,84,3
"21","2125",2007,"male","Foreign",-7,-9,12,21,2,7,5,12,31,19,0
"21","2125",2007,"female","Austrian",-24,-4,1,5,-20,15,35,-3,80,83,8
"21","2125",2007,"female","Foreign",-1,0,12,12,-1,3,4,18,33,15,2
"21","2125",2008,"male","Austrian",-18,-3,2,5,-15,18,33,3,79,76,6
"21","2125",2008,"male","Foreign",8,7,16,9,1,2,1,11,34,23,1
"21","2125",2008,"female","Austrian",-13,-1,2,3,-12,23,35,-23,54,77,6
"21","2125",2008,"female","Foreign",9,11,15,4,-2,1,3,10,25,15,1
"21","2125",2009,"male","Austrian",-1,-1,4,5,0,34,34,99,189,90,20
"21","2125",2009,"male","Foreign",8,6,20,14,2,4,2,33,58,25,2
"21","2125",2009,"female","Austrian",6,0,3,3,6,37,31,171,235,64,25
"21","2125",2009,"female","Foreign",13,10,19,9,3,6,3,54,64,10,5
"21","2125",2010,"male","Austrian",6,5,7,2,1,33,32,65,142,77,18
"21","2125",2010,"male","Foreign",-2,0,16,16,-2,6,8,11,37,26,2
"21","2125",2010,"female","Austrian",3,1,4,3,2,39,37,97,176,79,12
"21","2125",2010,"female","Foreign",10,4,14,10,6,11,5,15,30,15,1
"21","2125",2011,"male","Austrian",-3,-4,1,5,1,37,36,52,155,103,17
"21","2125",2011,"male","Foreign",25,29,39,10,-4,0,4,24,44,20,2
"21","2125",2011,"female","Austrian",-6,-1,2,3,-5,35,40,73,150,77,17
"21","2125",2011,"female","Foreign",11,17,25,8,-6,4,10,19,45,26,2
"21","2125",2012,"male","Austrian",-20,-4,5,9,-16,22,38,5,96,91,14
"21","2125",2012,"male","Foreign",-3,3,25,22,-6,5,11,2,34,32,3
"21","2125",2012,"female","Austrian",-10,-2,5,7,-8,38,46,-14,90,104,16
"21","2125",2012,"female","Foreign",7,13,27,14,-6,3,9,19,42,23,2
"21","2125",2013,"male","Austrian",0,-4,4,8,4,25,21,0,73,73,3
"21","2125",2013,"male","Foreign",7,11,31,20,-4,2,6,0,43,43,1
"21","2125",2013,"female","Austrian",-10,-3,1,4,-7,22,29,9,90,81,6
"21","2125",2013,"female","Foreign",27,31,44,13,-4,1,5,5,37,32,1
"21","2125",2014,"male","Austrian",-13,-1,8,9,-12,26,38,-22,81,103,10
"21","2125",2014,"male","Foreign",14,20,48,28,-6,4,10,-5,31,36,2
"21","2125",2014,"female","Austrian",-12,-1,2,3,-11,23,34,-24,77,101,8
"21","2125",2014,"female","Foreign",-6,1,30,29,-7,3,10,-2,28,30,2
"21","2125",2015,"male","Austrian",-14,0,3,3,-14,17,31,-28,77,105,6
"21","2125",2015,"male","Foreign",10,0,26,26,10,17,7,26,59,33,2
"21","2125",2015,"female","Austrian",-14,1,5,4,-15,21,36,-19,73,92,5
"21","2125",2015,"female","Foreign",32,31,49,18,1,9,8,8,40,32,2
"21","2125",2016,"male","Austrian",-14,1,4,3,-15,16,31,80,171,91,8
"21","2125",2016,"male","Foreign",12,5,27,22,7,13,6,34,78,44,7
"21","2125",2016,"female","Austrian",-10,-4,0,4,-6,28,34,53,161,108,16
"21","2125",2016,"female","Foreign",9,7,25,18,2,9,7,47,90,43,3
"21","2125",2017,"male","Austrian",-12,-3,4,7,-9,23,32,135,227,92,15
"21","2125",2017,"male","Foreign",5,2,19,17,3,8,5,91,135,44,5
"21","2125",2017,"female","Austrian",-6,0,7,7,-6,22,28,175,260,85,17
"21","2125",2017,"female","Foreign",9,8,28,20,1,10,9,83,121,38,5
"21","2125",2018,"male","Austrian",-14,-3,2,5,-11,18,29,-1,92,93,4
"21","2125",2018,"male","Foreign",17,16,32,16,1,10,9,8,62,54,4
"21","2125",2018,"female","Austrian",-34,-6,0,6,-28,20,48,-6,93,99,11
"21","2125",2018,"female","Foreign",20,20,35,15,0,10,10,20,76,56,3
"21","2125",2019,"male","Austrian",-29,-5,4,9,-24,21,45,5,113,108,13
"21","2125",2019,"male","Foreign",6,6,23,17,0,8,8,22,75,53,6
"21","2125",2019,"female","Austrian",-23,1,4,3,-24,26,50,-18,88,106,13
"21","2125",2019,"female","Foreign",9,11,24,13,-2,9,11,11,62,51,6
"21","2125",2020,"male","Austrian",2,-6,7,13,8,52,44,328,423,95,25
"21","2125",2020,"male","Foreign",38,28,47,19,10,14,4,228,280,52,1
"21","2125",2020,"female","Austrian",8,-6,4,10,14,55,41,323,425,102,25
"21","2125",2020,"female","Foreign",46,29,51,22,17,24,7,225,283,58,1
"21","2125",2021,"male","Austrian",-39,-5,2,7,-34,28,62,34,141,107,9
"21","2125",2021,"male","Foreign",5,5,26,21,0,16,16,38,101,63,2
"21","2125",2021,"female","Austrian",-14,1,4,3,-15,34,49,-13,125,138,12
"21","2125",2021,"female","Foreign",15,21,34,13,-6,11,17,47,99,52,0
"21","2125",2022,"male","Austrian",0,4,9,5,-4,40,44,64,177,113,20
"21","2125",2022,"male","Foreign",44,45,61,16,-1,17,18,48,134,86,5
"21","2125",2022,"female","Austrian",-6,4,8,4,-10,46,56,30,152,122,26
"21","2125",2022,"female","Foreign",79,73,90,17,6,20,14,30,116,86,10
"21","2125",2023,"male","Austrian",-24,-2,6,8,-22,26,48,-12,120,132,7
"21","2125",2023,"male","Foreign",-5,-1,40,41,-4,16,20,3,91,88,7
"21","2125",2023,"female","Austrian",-28,-1,4,5,-27,22,49,5,110,105,10
"21","2125",2023,"female","Foreign",11,14,58,44,-3,17,20,27,106,79,6
"21","2126",2007,"male","Austrian",-42,-9,11,20,-33,36,69,-27,146,173,26
"21","2126",2007,"male","Foreign",17,14,37,23,3,7,4,-5,51,56,4
"21","2126",2007,"female","Austrian",-8,-8,2,10,0,53,53,-40,161,201,23
"21","2126",2007,"female","Foreign",27,23,54,31,4,8,4,14,61,47,7
"21","2126",2008,"male","Austrian",-24,-8,10,18,-16,30,46,-29,147,176,25
"21","2126",2008,"male","Foreign",31,27,47,20,4,5,1,-1,77,78,6
"21","2126",2008,"female","Austrian",-34,-2,4,6,-32,28,60,-8,150,158,18
"21","2126",2008,"female","Foreign",39,32,63,31,7,9,2,19,60,41,3
"21","2126",2009,"male","Austrian",-23,-6,10,16,-17,33,50,-16,140,156,16
"21","2126",2009,"male","Foreign",2,5,50,45,-3,1,4,-16,65,81,6
"21","2126",2009,"female","Austrian",-12,-1,12,13,-11,48,59,-23,134,157,28
"21","2126",2009,"female","Foreign",6,8,38,30,-2,5,7,-6,66,72,4
"21","2126",2010,"male","Austrian",7,0,14,14,7,51,44,-47,136,183,13
"21","2126",2010,"male","Foreign",21,20,51,31,1,6,5,-7,71,78,4
"21","2126",2010,"female","Austrian",4,4,11,7,0,52,52,-52,146,198,16
"21","2126",2010,"female","Foreign",3,7,50,43,-4,4,8,-4,49,53,3
"21","2126",2011,"male","Austrian",-9,-8,13,21,-1,47,48,-14,162,176,19
"21","2126",2011,"male","Foreign",-1,6,47,41,-7,2,9,8,87,79,4
"21","2126",2011,"female","Austrian",-24,-11,1,12,-13,42,55,-24,181,205,34
"21","2126",2011,"female","Foreign",15,10,65,55,5,10,5,24,84,60,3
"21","2126",2012,"male","Austrian",-4,-1,19,20,-3,37,40,2,171,169,18
"21","2126",2012,"male","Foreign",75,72,105,33,3,9,6,43,102,59,1
"21","2126",2012,"female","Austrian",-11,1,6,5,-12,37,49,28,170,142,25
"21","2126",2012,"female","Foreign",55,51,91,40,4,8,4,12,84,72,2
"21","2126",2013,"male","Austrian",-8,2,13,11,-10,45,55,57,203,146,14
"21","2126",2013,"male","Foreign",23,26,88,62,-3,8,11,1,93,92,6
"21","2126",2013,"female","Austrian",-10,-5,4,9,-5,41,46,45,202,157,13
"21","2126",2013,"female","Foreign",25,27,76,49,-2,8,10,10,86,76,6
"21","2126",2014,"male","Austrian",-20,-9,12,21,-11,39,50,102,268,166,38
"21","2126",2014,"male","Foreign",7,18,93,75,-11,7,18,46,145,99,9
"21","2126",2014,"female","Austrian",-27,-5,7,12,-22,42,64,166,308,142,41
"21","2126",2014,"female","Foreign",36,39,85,46,-3,9,12,63,147,84,12
"21","2126",2015,"male","Austrian",-7,-2,18,20,-5,44,49,19,187,168,22
"21","2126",2015,"male","Foreign",69,65,110,45,4,15,11,26,131,105,6
"21","2126",2015,"female","Austrian",-7,-5,6,11,-2,48,50,6,181,175,23
"21","2126",2015,"female","Foreign",59,60,110,50,-1,9,10,30,131,101,4
"21","2126",2016,"male","Austrian",-17,-10,10,20,-7,30,37,48,208,160,31
"21","2126",2016,"male","Foreign",53,43,113,70,10,25,15,42,169,127,8
"21","2126",2016,"female","Austrian",9,8,12,4,1,41,40,82,233,151,22
"21","2126",2016,"female","Foreign",57,55,97,42,2,19,17,28,144,116,14
"21","2126",2017,"male","Austrian",-32,-3,9,12,-29,23,52,-16,135,151,29
"21","2126",2017,"male","Foreign",91,68,112,44,23,34,11,-2,157,159,11
"21","2126",2017,"female","Austrian",-32,-11,1,12,-21,42,63,-18,151,169,27
"21","2126",2017,"female","Foreign",56,39,92,53,17,25,8,20,130,110,5
"21","2126",2018,"male","Austrian",-15,-7,4,11,-8,39,47,2,171,169,24
"21","2126",2018,"male","Foreign",43,38,109,71,5,13,8,12,129,117,9
"21","2126",2018,"female","Austrian",-19,-8,4,12,-11,40,51,22,168,146,26
"21","2126",2018,"female","Foreign",50,42,95,53,8,16,8,-14,88,102,7
"21","2126",2019,"male","Austrian",-34,-5,5,10,-29,31,60,8,159,151,15
"21","2126",2019,"male","Foreign",18,20,100,80,-2,10,12,-17,134,151,13
"21","2126",2019,"female","Austrian",-44,-2,6,8,-42,31,73,13,166,153,17
"21","2126",2019,"female","Foreign",63,64,120,56,-1,15,16,-6,110,116,5
"21","2126",2020,"male","Austrian",9,5,8,3,4,42,38,-30,143,173,13
"21","2126",2020,"male","Foreign",44,43,97,54,1,17,16,13,148,135,9
"21","2126",2020,"female","Austrian",-14,3,5,2,-17,45,62,-34,149,183,22
"21","2126",2020,"female","Foreign",18,14,79,65,4,13,9,12,136,124,7
"21","2126",2021,"male","Austrian",-24,-1,13,14,-23,29,52,-43,132,175,18
"21","2126",2021,"male","Foreign",27,34,75,41,-7,15,22,-22,126,148,6
"21","2126",2021,"female","Austrian",-67,-6,3,9,-61,21,82,-8,154,162,14
"21","2126",2021,"female","Foreign",47,50,83,33,-3,13,16,-9,101,110,9
"21","2126",2022,"male","Austrian",-14,0,10,10,-14,38,52,-11,158,169,16
"21","2126",2022,"male","Foreign",65,68,133,65,-3,24,27,-14,144,158,7
"21","2126",2022,"female","Austrian",-39,-9,7,16,-30,29,59,25,177,152,16
"21","2126",2022,"female","Foreign",96,97,151,54,-1,18,19,6,139,133,8
"21","2126",2023,"male","Austrian",-29,1,14,13,-30,23,53,12,148,136,19
"21","2126",2023,"male","Foreign",37,48,117,69,-11,18,29,17,139,122,9
"21","2126",2023,"female","Austrian",-35,-3,5,8,-32,22,54,15,143,128,22
"21","2126",2023,"female","Foreign",42,46,105,59,-4,13,17,24,150,126,8
"21","2127",2007,"male","Austrian",-3,1,1,0,-4,4,8,-1,23,24,2
"21","2127",2007,"male","Foreign",3,4,7,3,-1,1,2,5,10,5,1
"21","2127",2007,"female","Austrian",-8,-3,0,3,-5,2,7,8,26,18,0
"21","2127",2007,"female","Foreign",-3,-4,6,10,1,1,0,9,12,3,1
"21","2127",2008,"male","Austrian",-3,-1,3,4,-2,4,6,8,28,20,3
"21","2127",2008,"male","Foreign",-4,-3,3,6,-1,0,1,3,10,7,0
"21","2127",2008,"female","Austrian",-2,-4,0,4,2,3,1,10,34,24,5
"21","2127",2008,"female","Foreign",0,-1,8,9,1,1,0,8,10,2,1
"21","2127",2009,"male","Austrian",1,0,1,1,1,6,5,8,31,23,3
"21","2127",2009,"male","Foreign",-5,-6,8,14,1,1,0,0,6,6,1
"21","2127",2009,"female","Austrian",-1,-3,0,3,2,9,7,3,23,20,6
"21","2127",2009,"female","Foreign",-5,-5,6,11,0,0,0,1,12,11,0
"21","2127",2010,"male","Austrian",4,0,2,2,4,6,2,19,35,16,4
"21","2127",2010,"male","Foreign",8,7,14,7,1,1,0,2,5,3,0
"21","2127",2010,"female","Austrian",1,4,5,1,-3,3,6,11,22,11,4
"21","2127",2010,"female","Foreign",7,6,11,5,1,1,0,-1,9,10,1
"21","2127",2011,"male","Austrian",-2,1,4,3,-3,5,8,9,27,18,0
"21","2127",2011,"male","Foreign",3,1,14,13,2,2,0,1,9,8,0
"21","2127",2011,"female","Austrian",-3,-2,0,2,-1,6,7,6,33,27,3
"21","2127",2011,"female","Foreign",6,7,16,9,-1,2,3,-7,8,15,0
"21","2127",2012,"male","Austrian",-3,0,1,1,-3,4,7,16,32,16,3
"21","2127",2012,"male","Foreign",5,4,14,10,1,1,0,6,12,6,0
"21","2127",2012,"female","Austrian",1,0,1,1,1,4,3,7,36,29,1
"21","2127",2012,"female","Foreign",5,5,11,6,0,1,1,9,15,6,0
"21","2127",2013,"male","Austrian",-1,-3,0,3,2,7,5,16,30,14,0
"21","2127",2013,"male","Foreign",13,9,16,7,4,4,0,2,8,6,0
"21","2127",2013,"female","Austrian",1,0,1,1,1,3,2,28,40,12,0
"21","2127",2013,"female","Foreign",13,12,20,8,1,2,1,1,10,9,0
"21","2127",2014,"male","Austrian",5,1,3,2,4,6,2,8,25,17,1
"21","2127",2014,"male","Foreign",16,11,19,8,5,5,0,5,13,8,0
"21","2127",2014,"female","Austrian",-4,-1,1,2,-3,1,4,-5,20,25,2
"21","2127",2014,"female","Foreign",4,1,18,17,3,4,1,6,14,8,0
"21","2127",2015,"male","Austrian",4,3,3,0,1,5,4,11,30,19,3
"21","2127",2015,"male","Foreign",0,1,21,20,-1,1,2,3,12,9,1
"21","2127",2015,"female","Austrian",2,1,1,0,1,5,4,22,36,14,2
"21","2127",2015,"female","Foreign",-3,-3,18,21,0,2,2,1,14,13,2
"21","2127",2016,"male","Austrian",-2,-1,3,4,-1,6,7,3,19,16,1
"21","2127",2016,"male","Foreign",-5,-3,13,16,-2,1,3,10,22,12,2
"21","2127",2016,"female","Austrian",0,0,1,1,0,5,5,8,25,17,4
"21","2127",2016,"female","Foreign",8,8,23,15,0,0,0,5,25,20,3
"21","2127",2017,"male","Austrian",-4,-9,1,10,5,8,3,4,25,21,5
"21","2127",2017,"male","Foreign",4,2,10,8,2,2,0,5,19,14,0
"21","2127",2017,"female","Austrian",1,-2,0,2,3,4,1,10,26,16,8
"21","2127",2017,"female","Foreign",5,0,10,10,5,6,1,9,21,12,1
"21","2127",2018,"male","Austrian",5,3,4,1,2,4,2,-2,24,26,5
"21","2127",2018,"male","Foreign",-5,-3,10,13,-2,0,2,7,19,12,0
"21","2127",2018,"female","Austrian",-1,1,1,0,-2,1,3,-3,24,27,2
"21","2127",2018,"female","Foreign",1,4,19,15,-3,1,4,5,17,12,0
"21","2127",2019,"male","Austrian",1,2,2,0,-1,2,3,3,24,21,1
"21","2127",2019,"male","Foreign",18,17,25,8,1,2,1,0,9,9,0
"21","2127",2019,"female","Austrian",2,1,1,0,1,3,2,9,25,16,2
"21","2127",2019,"female","Foreign",11,11,22,11,0,1,1,-4,7,11,0
"21","2127",2020,"male","Austrian",-4,-2,1,3,-2,5,7,5,25,20,1
"21","2127",2020,"male","Foreign",5,5,16,11,0,0,0,1,15,14,3
"21","2127",2020,"female","Austrian",-3,-2,0,2,-1,5,6,5,27,22,7
"21","2127",2020,"female","Foreign",12,11,19,8,1,2,1,-4,10,14,0
"21","2127",2021,"male","Austrian",-6,0,3,3,-6,4,10,7,28,21,2
"21","2127",2021,"male","Foreign",2,0,21,21,2,3,1,3,17,14,2
"21","2127",2021,"female","Austrian",-2,1,1,0,-3,5,8,12,30,18,1
"21","2127",2021,"female","Foreign",9,3,20,17,6,6,0,9,22,13,0
"21","2127",2022,"male","Austrian",-5,-2,2,4,-3,5,8,15,36,21,4
"21","2127",2022,"male","Foreign",21,22,46,24,-1,1,2,6,28,22,4
"21","2127",2022,"female","Austrian",-11,-3,1,4,-8,0,8,20,44,24,4
"21","2127",2022,"female","Foreign",50,53,75,22,-3,2,5,0,24,24,5
"21","2127",2023,"male","Austrian",-3,-3,2,5,0,5,5,9,17,8,1
"21","2127",2023,"male","Foreign",3,3,12,9,0,2,2,3,12,9,0
"21","2127",2023,"female","Austrian",3,0,1,1,3,7,4,2,20,18,1
"21","2127",2023,"female","Foreign",-4,-1,10,11,-3,1,4,4,20,16,0
"21","2128",2007,"male","Austrian",3,-1,1,2,4,8,4,-3,8,11,0
"21","2128",2007,"male","Foreign",-4,-2,2,4,-2,4,6,13,20,7,2
"21","2128",2007,"female","Austrian",1,0,1,1,1,4,3,-3,8,11,0
"21","2128",2007,"female","Foreign",7,6,7,1,1,4,3,1,8,7,2
"21","2128",2008,"male","Austrian",-6,-3,1,4,-3,2,5,-5,5,10,0
"21","2128",2008,"male","Foreign",8,7,8,1,1,2,1,-1,6,7,0
"21","2128",2008,"female","Austrian",2,0,1,1,2,2,0,-6,8,14,0
"21","2128",2008,"female","Foreign",0,2,2,0,-2,0,2,0,7,7,0
"21","2128",2009,"male","Austrian",-5,-1,1,2,-4,1,5,-2,9,11,0
"21","2128",2009,"male","Foreign",0,-2,4,6,2,3,1,1,8,7,0
"21","2128",2009,"female","Austrian",-2,0,0,0,-2,2,4,-1,6,7,0
"21","2128",2009,"female","Foreign",-1,-1,1,2,0,0,0,-1,3,4,0
"21","2128",2010,"male","Austrian",0,1,2,1,-1,2,3,0,8,8,0
"21","2128",2010,"male","Foreign",3,3,8,5,0,1,1,3,10,7,0
"21","2128",2010,"female","Austrian",-2,0,1,1,-2,1,3,-3,8,11,0
"21","2128",2010,"female","Foreign",3,2,4,2,1,1,0,-1,5,6,0
"21","2128",2011,"male","Austrian",2,1,2,1,1,1,0,-2,6,8,0
"21","2128",2011,"male","Foreign",-1,-1,1,2,0,0,0,-6,6,12,1
"21","2128",2011,"female","Austrian",1,0,0,0,1,2,1,-5,5,10,0
"21","2128",2011,"female","Foreign",1,1,1,0,0,0,0,-1,0,1,1
"21","2128",2012,"male","Austrian",0,-1,0,1,1,2,1,-4,10,14,0
"21","2128",2012,"male","Foreign",2,1,8,7,1,3,2,0,11,11,0
"21","2128",2012,"female","Austrian",-1,0,0,0,-1,0,1,-2,8,10,0
"21","2128",2012,"female","Foreign",-5,1,2,1,-6,0,6,1,7,6,0
"21","2128",2013,"male","Austrian",1,0,2,2,1,3,2,-2,7,9,0
"21","2128",2013,"male","Foreign",11,7,11,4,4,4,0,-6,7,13,3
"21","2128",2013,"female","Austrian",1,0,2,2,1,2,1,-3,7,10,0
"21","2128",2013,"female","Foreign",2,-1,0,1,3,4,1,-3,4,7,1
"21","2128",2014,"male","Austrian",-1,0,0,0,-1,1,2,-5,3,8,0
"21","2128",2014,"male","Foreign",5,7,11,4,-2,2,4,6,15,9,0
"21","2128",2014,"female","Austrian",-1,0,0,0,-1,0,1,-2,3,5,0
"21","2128",2014,"female","Foreign",9,8,8,0,1,1,0,-9,7,16,0
"21","2128",2015,"male","Austrian",0,0,0,0,0,2,2,1,10,9,0
"21","2128",2015,"male","Foreign",2,3,11,8,-1,0,1,-6,9,15,1
"21","2128",2015,"female","Austrian",-1,2,2,0,-3,0,3,4,5,1,0
"21","2128",2015,"female","Foreign",5,5,6,1,0,0,0,-4,8,12,0
"21","2128",2016,"male","Austrian",-4,-3,0,3,-1,0,1,-1,6,7,1
"21","2128",2016,"male","Foreign",4,3,12,9,1,5,4,8,15,7,0
"21","2128",2016,"female","Austrian",-1,0,0,0,-1,1,2,2,6,4,0
"21","2128",2016,"female","Foreign",6,4,6,2,2,3,1,-2,6,8,0
"21","2128",2017,"male","Austrian",-4,0,0,0,-4,0,4,2,12,10,1
"21","2128",2017,"male","Foreign",7,0,7,7,7,7,0,-8,22,30,1
"21","2128",2017,"female","Austrian",0,0,0,0,0,1,1,2,8,6,0
"21","2128",2017,"female","Foreign",10,10,11,1,0,0,0,0,13,13,1
"21","2128",2018,"male","Austrian",4,-1,0,1,5,5,0,3,21,18,0
"21","2128",2018,"male","Foreign",-4,-3,6,9,-1,4,5,5,31,26,0
"21","2128",2018,"female","Austrian",0,-1,0,1,1,3,2,8,18,10,0
"21","2128",2018,"female","Foreign",1,-1,3,4,2,4,2,-4,17,21,0
"21","2128",2019,"male","Austrian",0,-1,1,2,1,2,1,7,10,3,1
"21","2128",2019,"male","Foreign",-5,-4,6,10,-1,0,1,-17,4,21,0
"21","2128",2019,"female","Austrian",-1,0,0,0,-1,1,2,0,4,4,0
"21","2128",2019,"female","Foreign",-1,0,2,2,-1,0,1,-14,0,14,0
"21","2128",2020,"male","Austrian",2,1,1,0,1,3,2,0,5,5,0
"21","2128",2020,"male","Foreign",-5,-4,0,4,-1,0,1,-16,2,18,0
"21","2128",2020,"female","Austrian",-2,0,0,0,-2,1,3,1,4,3,1
"21","2128",2020,"female","Foreign",-5,-3,1,4,-2,0,2,-11,2,13,0
"21","2128",2021,"male","Austrian",1,0,0,0,1,4,3,-4,8,12,0
"21","2128",2021,"male","Foreign",-2,0,1,1,-2,0,2,1,9,8,0
"21","2128",2021,"female","Austrian",1,0,0,0,1,2,1,2,7,5,0
"21","2128",2021,"female","Foreign",-2,-2,0,2,0,0,0,-1,1,2,0
"21","2128",2022,"male","Austrian",-1,-1,0,1,0,2,2,0,11,11,0
"21","2128",2022,"male","Foreign",-3,0,1,1,-3,1,4,4,7,3,0
"21","2128",2022,"female","Austrian",-1,0,0,0,-1,1,2,4,13,9,1
"21","2128",2022,"female","Foreign",0,1,2,1,-1,1,2,-1,2,3,0
"21","2128",2023,"male","Austrian",-3,0,0,0,-3,0,3,-3,7,10,0
"21","2128",2023,"male","Foreign",32,9,13,4,23,28,5,30,62,32,0
"21","2128",2023,"female","Austrian",2,0,0,0,2,5,3,4,7,3,0
"21","2128",2023,"female","Foreign",11,4,9,5,7,7,0,-1,5,6,0
"21","2129",2007,"male","Austrian",1,0,0,0,1,1,0,8,14,6,0
"21","2129",2007,"male","Foreign",0,1,1,0,-1,0,1,0,0,0,0
"21","2129",2007,"female","Austrian",-1,0,0,0,-1,0,1,5,8,3,0
"21","2129",2007,"female","Foreign",0,0,0,0,0,0,0,0,0,0,0
"21","2129",2008,"male","Austrian",-1,0,0,0,-1,2,3,2,6,4,0
"21","2129",2008,"male","Foreign",0,0,0,0,0,0,0,2,2,0,0
"21","2129",2008,"female","Austrian",-1,0,0,0,-1,1,2,6,11,5,0
"21","2129",2008,"female","Foreign",0,0,0,0,0,0,0,1,1,0,0
"21","2129",2009,"male","Austrian",-4,0,0,0,-4,0,4,4,11,7,0
"21","2129",2009,"male","Foreign",0,0,0,0,0,0,0,0,0,0,0
"21","2129",2009,"female","Austrian",0,0,0,0,0,1,1,2,7,5,0
"21","2129",2009,"female","Foreign",0,0,0,0,0,0,0,0,0,0,0
"21","2129",2010,"male","Austrian",1,0,0,0,1,1,0,5,8,3,0
"21","2129",2010,"male","Foreign",0,0,0,0,0,0,0,-1,0,1,0
"21","2129",2010,"female","Austrian",0,0,0,0,0,0,0,1,6,5,0
"21","2129",2010,"female","Foreign",0,0,0,0,0,0,0,0,0,0,0
"21","2129",2011,"male","Austrian",-2,0,0,0,-2,0,2,4,5,1,0
"21","2129",2011,"male","Foreign",1,1,1,0,0,0,0,-1,1,2,0
"21","2129",2011,"female","Austrian",0,0,0,0,0,0,0,2,5,3,0
"21","2129",2011,"female","Foreign",0,0,0,0,0,0,0,-1,0,1,0
"21","2129",2012,"male","Austrian",-1,-1,0,1,0,0,0,3,5,2,0
"21","2129",2012,"male","Foreign",0,0,0,0,0,0,0,0,0,0,0
"21","2129",2012,"female","Austrian",2,0,0,0,2,2,0,0,5,5,0
"21","2129",2012,"female","Foreign",0,0,0,0,0,0,0,0,0,0,0
"21","2129",2013,"male","Austrian",2,0,0,0,2,3,1,-1,3,4,0
"21","2129",2013,"male","Foreign",0,0,0,0,0,0,0,0,0,0,0
"21","2129",2013,"female","Austrian",0,0,0,0,0,1,1,-1,1,2,0
"21","2129",2013,"female","Foreign",0,0,0,0,0,0,0,0,0,0,0
"21","2129",2014,"male","Austrian",-1,0,0,0,-1,0,1,8,11,3,0
"21","2129",2014,"male","Foreign",0,0,0,0,0,0,0,1,1,0,0
"21","2129",2014,"female","Austrian",1,0,0,0,1,1,0,5,9,4,0
"21","2129",2014,"female","Foreign",1,1,1,0,0,0,0,1,1,0,0
"21","2129",2015,"male","Austrian",1,0,0,0,1,3,2,6,7,1,1
"21","2129",2015,"male","Foreign",0,0,0,0,0,0,0,0,0,0,1
"21","2129",2015,"female","Austrian",1,0,0,0,1,1,0,4,7,3,3
"21","2129",2015,"female","Foreign",1,1,2,1,0,0,0,0,0,0,0
"21","2129",2016,"male","Austrian",0,0,0,0,0,0,0,6,8,2,0
"21","2129",2016,"male","Foreign",0,0,0,0,0,0,0,0,0,0,0
"21","2129",2016,"female","Austrian",0,0,0,0,0,0,0,3,4,1,0
"21","2129",2016,"female","Foreign",0,0,0,0,0,0,0,0,0,0,0
"21","2129",2017,"male","Austrian",-2,0,0,0,-2,1,3,1,3,2,0
"21","2129",2017,"male","Foreign",0,0,0,0,0,0,0,1,2,1,0
"21","2129",2017,"female","Austrian",-1,0,0,0,-1,0,1,-1,2,3,0
"21","2129",2017,"female","Foreign",0,0,0,0,0,0,0,-1,3,4,0
"21","2129",2018,"male","Austrian",-3,0,0,0,-3,0,3,1,3,2,0
"21","2129",2018,"male","Foreign",1,1,1,0,0,0,0,0,0,0,0
"21","2129",2018,"female","Austrian",-1,0,0,0,-1,1,2,-1,3,4,0
"21","2129",2018,"female","Foreign",0,0,0,0,0,0,0,1,1,0,0
"21","2129",2019,"male","Austrian",1,0,0,0,1,1,0,33,37,4,1
"21","2129",2019,"male","Foreign",2,0,0,0,2,2,0,9,9,0,0
"21","2129",2019,"female","Austrian",5,-1,0,1,6,6,0,42,43,1,0
"21","2129",2019,"female","Foreign",2,2,2,0,0,0,0,10,10,0,0
"21","2129",2020,"male","Austrian",9,2,2,0,7,10,3,164,168,4,0
"21","2129",2020,"male","Foreign",16,10,13,3,6,6,0,122,125,3,0
"21","2129",2020,"female","Austrian",16,0,0,0,16,17,1,169,176,7,1
"21","2129",2020,"female","Foreign",12,6,6,0,6,6,0,144,145,1,0
"21","2129",2021,"male","Austrian",0,0,0,0,0,2,2,57,64,7,0
"21","2129",2021,"male","Foreign",1,2,4,2,-1,1,2,20,28,8,0
"21","2129",2021,"female","Austrian",3,1,1,0,2,6,4,32,38,6,3
"21","2129",2021,"female","Foreign",1,2,5,3,-1,1,2,26,31,5,0
"21","2129",2022,"male","Austrian",-8,-2,0,2,-6,4,10,2,23,21,1
"21","2129",2022,"male","Foreign",2,4,8,4,-2,2,4,0,12,12,1
"21","2129",2022,"female","Austrian",-2,-1,0,1,-1,5,6,5,20,15,2
"21","2129",2022,"female","Foreign",4,7,9,2,-3,0,3,-7,9,16,0
"21","2129",2023,"male","Austrian",-2,0,1,1,-2,5,7,-8,23,31,0
"21","2129",2023,"male","Foreign",8,1,4,3,7,9,2,6,24,18,0
"21","2129",2023,"female","Austrian",-7,-1,0,1,-6,3,9,1,22,21,2
"21","2129",2023,"female","Foreign",-1,0,4,4,-1,4,5,6,19,13,0
"21","2130",2007,"male","Austrian",0,0,0,0,0,0,0,0,0,0,0
"21","2130",2007,"male","Foreign",0,0,0,0,0,0,0,-1,0,1,0
"21","2130",2007,"female","Austrian",0,0,0,0,0,0,0,0,0,0,0
"21","2130",2007,"female","Foreign",0,0,0,0,0,0,0,0,0,0,0
"21","2130",2008,"male","Austrian",0,0,0,0,0,0,0,0,0,0,0
"21","2130",2008,"male","Foreign",0,0,0,0,0,0,0,0,0,0,0
"21","2130",2008,"female","Austrian",0,0,0,0,0,0,0,-2,0,2,0
"21","2130",2008,"female","Foreign",0,0,0,0,0,0,0,0,0,0,0
"21","2130",2009,"male","Austrian",0,0,0,0,0,0,0,0,0,0,0
"21","2130",2009,"male","Foreign",3,3,3,0,0,0,0,1,2,1,0
"21","2130",2009,"female","Austrian",0,0,0,0,0,0,0,0,0,0,0
"21","2130",2009,"female","Foreign",0,0,0,0,0,0,0,0,0,0,0
"21","2130",2010,"male","Austrian",0,0,0,0,0,0,0,-1,0,1,0
"21","2130",2010,"male","Foreign",-1,-1,0,1,0,0,0,1,1,0,0
"21","2130",2010,"female","Austrian",0,0,0,0,0,0,0,-1,1,2,0
"21","2130",2010,"female","Foreign",0,0,0,0,0,0,0,0,0,0,0
"21","2130",2011,"male","Austrian",0,0,0,0,0,1,1,-2,0,2,0
"21","2130",2011,"male","Foreign",-1,-1,0,1,0,0,0,0,2,2,0
"21","2130",2011,"female","Austrian",-2,0,0,0,-2,0,2,-3,0,3,0
"21","2130",2011,"female","Foreign",1,0,0,0,1,1,0,0,0,0,0
"21","2130",2012,"male","Austrian",0,0,0,0,0,0,0,3,3,0,0
"21","2130",2012,"male","Foreign",0,0,0,0,0,0,0,-1,0,1,0
"21","2130",2012,"female","Austrian",0,0,0,0,0,0,0,0,0,0,0
"21","2130",2012,"female","Foreign",1,1,1,0,0,0,0,0,0,0,0
"21","2130",2013,"male","Austrian",0,0,0,0,0,0,0,0,0,0,0
"21","2130",2013,"male","Foreign",2,2,2,0,0,0,0,1,1,0,0
"21","2130",2013,"female","Austrian",0,0,0,0,0,0,0,0,0,0,0
"21","2130",2013,"female","Foreign",1,1,1,0,0,0,0,0,0,0,0
"21","2130",2014,"male","Austrian",1,1,1,0,0,0,0,1,1,0,0
"21","2130",2014,"male","Foreign",0,0,0,0,0,0,0,-2,0,2,0
"21","2130",2014,"female","Austrian",0,0,0,0,0,0,0,0,0,0,0
"21","2130",2014,"female","Foreign",0,0,0,0,0,0,0,0,0,0,0
"21","2130",2015,"male","Austrian",0,0,0,0,0,0,0,0,0,0,0
"21","2130",2015,"male","Foreign",0,0,0,0,0,0,0,0,1,1,0
"21","2130",2015,"female","Austrian",0,0,0,0,0,0,0,1,1,0,0
"21","2130",2015,"female","Foreign",0,0,0,0,0,0,0,3,3,0,0
"21","2130",2016,"male","Austrian",-1,0,0,0,-1,0,1,0,0,0,0
"21","2130",2016,"male","Foreign",0,1,2,1,-1,0,1,-1,0,1,0
"21","2130",2016,"female","Austrian",0,0,0,0,0,0,0,-1,0,1,0
"21","2130",2016,"female","Foreign",0,0,0,0,0,0,0,0,0,0,0
"21","2130",2017,"male","Austrian",1,0,0,0,1,1,0,-1,0,1,0
"21","2130",2017,"male","Foreign",0,0,0,0,0,0,0,0,0,0,0
"21","2130",2017,"female","Austrian",0,0,0,0,0,0,0,-1,0,1,0
"21","2130",2017,"female","Foreign",0,0,0,0,0,0,0,0,0,0,0
"21","2130",2018,"male","Austrian",2,0,0,0,2,3,1,-3,0,3,0
"21","2130",2018,"male","Foreign",-1,-1,1,2,0,0,0,0,3,3,0
"21","2130",2018,"female","Austrian",0,0,0,0,0,0,0,-1,0,1,0
"21","2130",2018,"female","Foreign",1,0,0,0,1,1,0,-2,2,4,0
"21","2130",2019,"male","Austrian",1,1,1,0,0,1,1,1,1,0,0
"21","2130",2019,"male","Foreign",-2,-2,0,2,0,0,0,0,0,0,0
"21","2130",2019,"female","Austrian",0,0,0,0,0,0,0,0,0,0,0
"21","2130",2019,"female","Foreign",0,0,0,0,0,0,0,1,1,0,0
"21","2130",2020,"male","Austrian",0,0,0,0,0,0,0,0,1,1,0
"21","2130",2020,"male","Foreign",-1,0,0,0,-1,0,1,-1,1,2,0
"21","2130",2020,"female","Austrian",0,0,0,0,0,0,0,0,0,0,0
"21","2130",2020,"female","Foreign",0,0,0,0,0,0,0,-3,0,3,0
"21","2130",2021,"male","Austrian",0,0,0,0,0,0,0,0,0,0,0
"21","2130",2021,"male","Foreign",1,1,1,0,0,0,0,0,0,0,0
"21","2130",2021,"female","Austrian",0,0,0,0,0,0,0,0,0,0,0
"21","2130",2021,"female","Foreign",1,1,1,0,0,0,0,0,0,0,0
"21","2130",2022,"male","Austrian",-1,0,0,0,-1,0,1,-1,0,1,0
"21","2130",2022,"male","Foreign",1,1,1,0,0,0,0,0,0,0,0
"21","2130",2022,"female","Austrian",0,0,0,0,0,0,0,0,0,0,0
"21","2130",2022,"female","Foreign",2,3,3,0,-1,0,1,-2,0,2,0
"21","2130",2023,"male","Austrian",0,0,0,0,0,0,0,1,1,0,0
"21","2130",2023,"male","Foreign",-1,-1,0,1,0,0,0,0,0,0,0
"21","2130",2023,"female","Austrian",0,0,0,0,0,0,0,0,0,0,0
"21","2130",2023,"female","Foreign",0,0,0,0,0,0,0,0,0,0,0
"21","2199",2007,"male","Austrian",-35,-10,0,10,-25,9,34,-87,36,123,1
"21","2199",2007,"male","Foreign",-13,-6,1,7,-7,0,7,-22,5,27,0
"21","2199",2007,"female","Austrian",-28,-5,0,5,-23,7,30,-59,37,96,1
"21","2199",2007,"female","Foreign",-4,-2,6,8,-2,1,3,-18,9,27,2
"21","2199",2008,"male","Austrian",4,-1,0,1,5,6,1,14,33,19,0
"21","2199",2008,"male","Foreign",1,1,2,1,0,0,0,2,5,3,0
"21","2199",2008,"female","Austrian",8,0,1,1,8,9,1,16,28,12,0
"21","2199",2008,"female","Foreign",-1,-2,1,3,1,1,0,-4,6,10,0
"21","2199",2009,"male","Austrian",-1,-1,1,2,0,2,2,9,24,15,1
"21","2199",2009,"male","Foreign",3,2,2,0,1,1,0,2,5,3,0
"21","2199",2009,"female","Austrian",-4,-1,1,2,-3,1,4,20,34,14,0
"21","2199",2009,"female","Foreign",3,2,4,2,1,1,0,1,6,5,1
"21","2199",2010,"male","Austrian",-8,-4,0,4,-4,1,5,6,16,10,0
"21","2199",2010,"male","Foreign",0,0,3,3,0,0,0,-4,3,7,0
"21","2199",2010,"female","Austrian",-8,-2,1,3,-6,1,7,0,16,16,0
"21","2199",2010,"female","Foreign",3,3,3,0,0,0,0,-4,4,8,0
"21","2199",2011,"male","Austrian",-2,1,1,0,-3,1,4,0,17,17,0
"21","2199",2011,"male","Foreign",0,0,0,0,0,0,0,-1,3,4,0
"21","2199",2011,"female","Austrian",-2,0,0,0,-2,0,2,2,17,15,0
"21","2199",2011,"female","Foreign",-2,-2,0,2,0,0,0,-1,4,5,0
"21","2199",2012,"male","Austrian",-5,-1,0,1,-4,0,4,-3,9,12,0
"21","2199",2012,"male","Foreign",2,-1,0,1,3,3,0,3,8,5,0
"21","2199",2012,"female","Austrian",-8,-1,0,1,-7,0,7,-4,9,13,0
"21","2199",2012,"female","Foreign",3,1,1,0,2,2,0,-6,2,8,0
"21","2199",2013,"male","Austrian",-27,-7,1,8,-20,4,24,-54,21,75,0
"21","2199",2013,"male","Foreign",-9,-7,4,11,-2,3,5,-22,10,32,0
"21","2199",2013,"female","Austrian",-29,-4,0,4,-25,3,28,-54,24,78,0
"21","2199",2013,"female","Foreign",-9,-6,6,12,-3,2,5,-27,7,34,0
"21","2199",2014,"male","Austrian",-6,1,2,1,-7,1,8,-9,22,31,0
"21","2199",2014,"male","Foreign",1,-1,3,4,2,3,1,-2,13,15,0
"21","2199",2014,"female","Austrian",0,0,0,0,0,4,4,-1,33,34,0
"21","2199",2014,"female","Foreign",1,0,1,1,1,1,0,-3,7,10,0
"21","2199",2015,"male","Austrian",-6,0,0,0,-6,0,6,-1,4,5,0
"21","2199",2015,"male","Foreign",-1,0,0,0,-1,0,1,-2,1,3,0
"21","2199",2015,"female","Austrian",-3,-2,0,2,-1,1,2,-5,4,9,0
"21","2199",2015,"female","Foreign",-1,0,0,0,-1,0,1,-2,0,2,0
"21","2199",2016,"male","Austrian",0,1,2,1,-1,2,3,-4,4,8,0
"21","2199",2016,"male","Foreign",-1,0,0,0,-1,0,1,4,5,1,0
"21","2199",2016,"female","Austrian",-5,-2,0,2,-3,2,5,-7,3,10,0
"21","2199",2016,"female","Foreign",0,0,0,0,0,0,0,6,6,0,0
"21","2199",2017,"male","Austrian",-10,-1,0,1,-9,4,13,1,28,27,2
"21","2199",2017,"male","Foreign",-4,-3,2,5,-1,4,5,-5,9,14,0
"21","2199",2017,"female","Austrian",-3,-1,0,1,-2,11,13,1,29,28,0
"21","2199",2017,"female","Foreign",-3,-2,1,3,-1,3,4,1,10,9,1
"21","2199",2018,"male","Austrian",-2,1,1,0,-3,0,3,5,11,6,0
"21","2199",2018,"male","Foreign",-3,0,0,0,-3,0,3,3,3,0,0
"21","2199",2018,"female","Austrian",-1,0,0,0,-1,0,1,2,11,9,0
"21","2199",2018,"female","Foreign",-2,0,0,0,-2,0,2,1,2,1,0
"21","2199",2019,"male","Austrian",0,0,0,0,0,0,0,4,7,3,0
"21","2199",2019,"male","Foreign",1,0,0,0,1,1,0,3,4,1,0
"21","2199",2019,"female","Austrian",1,0,0,0,1,1,0,1,5,4,0
"21","2199",2019,"female","Foreign",0,0,0,0,0,0,0,7,7,0,0
"21","2199",2020,"male","Austrian",0,0,0,0,0,0,0,3,4,1,0
"21","2199",2020,"male","Foreign",3,3,3,0,0,0,0,0,0,0,0
"21","2199",2020,"female","Austrian",2,0,0,0,2,2,0,2,4,2,0
"21","2199",2020,"female","Foreign",1,1,1,0,0,0,0,1,2,1,1
"21","2199",2021,"male","Austrian",1,0,0,0,1,1,0,1,2,1,0
"21","2199",2021,"male","Foreign",1,1,1,0,0,0,0,3,3,0,0
"21","2199",2021,"female","Austrian",3,0,0,0,3,3,0,2,4,2,0
"21","2199",2021,"female","Foreign",3,0,0,0,3,3,0,7,9,2,0
"21","2199",2022,"male","Austrian",1,0,0,0,1,1,0,2,2,0,0
"21","2199",2022,"male","Foreign",0,-1,1,2,1,1,0,4,5,1,0
"21","2199",2022,"female","Austrian",2,0,0,0,2,2,0,1,3,2,0
"21","2199",2022,"female","Foreign",0,0,2,2,0,0,0,3,4,1,0
"21","2199",2023,"male","Austrian",5,0,0,0,5,5,0,-5,7,12,0
"21","2199",2023,"male","Foreign",1,1,2,1,0,0,0,-1,7,8,0
"21","2199",2023,"female","Austrian",3,0,0,0,3,3,0,-3,6,9,0
"21","2199",2023,"female","Foreign",2,1,1,0,1,1,0,-2,7,9,0
"22","2201",2007,"male","Austrian",-6,1,3,2,-7,8,15,18,54,36,5
"22","2201",2007,"male","Foreign",4,4,7,3,0,2,2,2,8,6,1
"22","2201",2007,"female","Austrian",-7,1,1,0,-8,6,14,30,56,26,4
"22","2201",2007,"female","Foreign",3,5,12,7,-2,2,4,-3,1,4,0
"22","2201",2008,"male","Austrian",-2,0,4,4,-2,10,12,49,71,22,7
"22","2201",2008,"male","Foreign",6,6,11,5,0,3,3,1,13,12,1
"22","2201",2008,"female","Austrian",2,-1,1,2,3,17,14,46,77,31,6
"22","2201",2008,"female","Foreign",7,7,8,1,0,4,4,2,9,7,1
"22","2201",2009,"male","Austrian",3,4,5,1,-1,15,16,16,45,29,2
"22","2201",2009,"male","Foreign",-3,1,6,5,-4,0,4,6,13,7,0
"22","2201",2009,"female","Austrian",3,3,6,3,0,12,12,18,43,25,2
"22","2201",2009,"female","Foreign",1,4,6,2,-3,2,5,2,12,10,0
"22","2201",2010,"male","Austrian",-5,-1,0,1,-4,16,20,4,40,36,6
"22","2201",2010,"male","Foreign",0,5,10,5,-5,0,5,6,9,3,1
"22","2201",2010,"female","Austrian",-9,0,1,1,-9,13,22,9,47,38,2
"22","2201",2010,"female","Foreign",2,3,9,6,-1,1,2,8,14,6,0
"22","2201",2011,"male","Austrian",-10,-1,2,3,-9,6,15,9,34,25,5
"22","2201",2011,"male","Foreign",-5,1,9,8,-6,0,6,1,7,6,3
"22","2201",2011,"female","Austrian",-10,0,1,1,-10,13,23,-7,18,25,4
"22","2201",2011,"female","Foreign",-9,-3,6,9,-6,0,6,3,8,5,3
"22","2201",2012,"male","Austrian",-11,-2,1,3,-9,12,21,2,39,37,5
"22","2201",2012,"male","Foreign",9,1,11,10,8,8,0,8,17,9,1
"22","2201",2012,"female","Austrian",-10,-1,1,2,-9,8,17,27,57,30,7
"22","2201",2012,"female","Foreign",6,3,12,9,3,6,3,0,10,10,0
"22","2201",2013,"male","Austrian",-1,3,3,0,-4,15,19,21,44,23,2
"22","2201",2013,"male","Foreign",2,-1,11,12,3,4,1,0,4,4,0
"22","2201",2013,"female","Austrian",-3,2,2,0,-5,10,15,7,37,30,3
"22","2201",2013,"female","Foreign",4,7,12,5,-3,2,5,0,4,4,2
"22","2201",2014,"male","Austrian",-16,-4,6,10,-12,10,22,-9,31,40,6
"22","2201",2014,"male","Foreign",10,1,20,19,9,15,6,23,32,9,2
"22","2201",2014,"female","Austrian",-7,-1,1,2,-6,13,19,5,39,34,8
"22","2201",2014,"female","Foreign",12,9,14,5,3,6,3,1,11,10,0
"22","2201",2015,"male","Austrian",0,2,3,1,-2,14,16,4,36,32,6
"22","2201",2015,"male","Foreign",13,5,23,18,8,13,5,-17,22,39,6
"22","2201",2015,"female","Austrian",-6,-1,0,1,-5,6,11,14,51,37,4
"22","2201",2015,"female","Foreign",5,6,15,9,-1,2,3,2,14,12,6
"22","2201",2016,"male","Austrian",4,-2,1,3,6,13,7,-6,25,31,5
"22","2201",2016,"male","Foreign",15,13,20,7,2,9,7,-6,23,29,3
"22","2201",2016,"female","Austrian",-3,2,3,1,-5,8,13,7,29,22,2
"22","2201",2016,"female","Foreign",4,3,12,9,1,2,1,10,24,14,4
"22","2201",2017,"male","Austrian",-10,-5,3,8,-5,10,15,12,37,25,7
"22","2201",2017,"male","Foreign",4,0,14,14,4,8,4,-10,30,40,0
"22","2201",2017,"female","Austrian",-5,-1,1,2,-4,12,16,19,35,16,7
"22","2201",2017,"female","Foreign",-1,4,12,8,-5,1,6,-4,12,16,0
"22","2201",2018,"male","Austrian",-2,2,3,1,-4,15,19,9,33,24,4
"22","2201",2018,"male","Foreign",4,1,16,15,3,7,4,4,26,22,0
"22","2201",2018,"female","Austrian",-7,-2,1,3,-5,13,18,-9,30,39,5
"22","2201",2018,"female","Foreign",3,3,16,13,0,5,5,19,29,10,0
"22","2201",2019,"male","Austrian",-4,-3,2,5,-1,17,18,1,40,39,6
"22","2201",2019,"male","Foreign",2,10,18,8,-8,3,11,11,28,17,0
"22","2201",2019,"female","Austrian",-8,-2,1,3,-6,11,17,23,48,25,11
"22","2201",2019,"female","Foreign",-3,3,11,8,-6,2,8,-4,14,18,0
"22","2201",2020,"male","Austrian",-15,-5,1,6,-10,13,23,3,41,38,2
"22","2201",2020,"male","Foreign",6,6,18,12,0,6,6,-7,22,29,0
"22","2201",2020,"female","Austrian",-4,-4,0,4,0,15,15,8,40,32,4
"22","2201",2020,"female","Foreign",7,13,18,5,-6,1,7,4,24,20,1
"22","2201",2021,"male","Austrian",-1,-3,3,6,2,10,8,-14,29,43,1
"22","2201",2021,"male","Foreign",-2,-4,5,9,2,5,3,10,20,10,1
"22","2201",2021,"female","Austrian",-1,-3,0,3,2,10,8,-6,31,37,2
"22","2201",2021,"female","Foreign",1,2,6,4,-1,2,3,2,12,10,0
"22","2201",2022,"male","Austrian",0,0,1,1,0,22,22,31,54,23,13
"22","2201",2022,"male","Foreign",15,8,26,18,7,11,4,7,36,29,5
"22","2201",2022,"female","Austrian",0,0,4,4,0,14,14,18,44,26,9
"22","2201",2022,"female","Foreign",29,23,36,13,6,9,3,-6,22,28,3
"22","2201",2023,"male","Austrian",8,3,8,5,5,14,9,-15,34,49,0
"22","2201",2023,"male","Foreign",14,2,20,18,12,18,6,8,51,43,5
"22","2201",2023,"female","Austrian",2,3,4,1,-1,10,11,-2,38,40,1
"22","2201",2023,"female","Foreign",14,-5,16,21,19,21,2,-2,32,34,3
"22","2202",2007,"male","Austrian",-9,4,7,3,-13,5,18,115,155,40,11
"22","2202",2007,"male","Foreign",13,11,17,6,2,3,1,20,29,9,4
"22","2202",2007,"female","Austrian",0,1,2,1,-1,9,10,137,175,38,9
"22","2202",2007,"female","Foreign",16,14,17,3,2,2,0,18,24,6,3
"22","2202",2008,"male","Austrian",11,0,4,4,11,25,14,136,204,68,8
"22","2202",2008,"male","Foreign",10,8,14,6,2,2,0,19,30,11,3
"22","2202",2008,"female","Austrian",7,0,1,1,7,18,11,186,244,58,6
"22","2202",2008,"female","Foreign",8,7,13,6,1,1,0,25,34,9,3
"22","2202",2009,"male","Austrian",31,-1,3,4,32,47,15,322,387,65,19
"22","2202",2009,"male","Foreign",15,10,25,15,5,5,0,38,53,15,2
"22","2202",2009,"female","Austrian",33,-4,0,4,37,50,13,344,405,61,19
"22","2202",2009,"female","Foreign",28,26,33,7,2,2,0,28,50,22,2
"22","2202",2010,"male","Austrian",3,-2,2,4,5,26,21,78,142,64,6
"22","2202",2010,"male","Foreign",5,6,15,9,-1,3,4,10,20,10,1
"22","2202",2010,"female","Austrian",3,2,5,3,1,18,17,65,127,62,10
"22","2202",2010,"female","Foreign",6,11,25,14,-5,4,9,8,20,12,0
"22","2202",2011,"male","Austrian",-1,-5,4,9,4,20,16,54,125,71,8
"22","2202",2011,"male","Foreign",8,11,24,13,-3,4,7,15,34,19,4
"22","2202",2011,"female","Austrian",-16,-2,0,2,-14,9,23,56,136,80,15
"22","2202",2011,"female","Foreign",-1,2,14,12,-3,3,6,18,36,18,2
"22","2202",2012,"male","Austrian",-4,-2,5,7,-2,33,35,100,185,85,15
"22","2202",2012,"male","Foreign",17,23,30,7,-6,1,7,5,26,21,1
"22","2202",2012,"female","Austrian",6,4,4,0,2,28,26,126,205,79,15
"22","2202",2012,"female","Foreign",15,21,28,7,-6,0,6,5,31,26,4
"22","2202",2013,"male","Austrian",-4,3,8,5,-7,12,19,14,79,65,12
"22","2202",2013,"male","Foreign",5,10,25,15,-5,5,10,11,31,20,2
"22","2202",2013,"female","Austrian",-16,-4,1,5,-12,7,19,29,87,58,14
"22","2202",2013,"female","Foreign",15,16,28,12,-1,1,2,21,33,12,4
"22","2202",2014,"male","Austrian",-3,-1,3,4,-2,20,22,16,91,75,7
"22","2202",2014,"male","Foreign",15,18,31,13,-3,4,7,-1,23,24,3
"22","2202",2014,"female","Austrian",-16,2,5,3,-18,7,25,39,105,66,6
"22","2202",2014,"female","Foreign",-2,3,27,24,-5,5,10,13,40,27,3
"22","2202",2015,"male","Austrian",-26,-1,3,4,-25,15,40,27,114,87,13
"22","2202",2015,"male","Foreign",9,13,24,11,-4,2,6,4,35,31,5
"22","2202",2015,"female","Austrian",-12,1,5,4,-13,19,32,35,115,80,14
"22","2202",2015,"female","Foreign",24,27,38,11,-3,4,7,-6,22,28,3
"22","2202",2016,"male","Austrian",-9,1,4,3,-10,24,34,17,105,88,6
"22","2202",2016,"male","Foreign",12,13,33,20,-1,8,9,-1,34,35,3
"22","2202",2016,"female","Austrian",-7,-3,3,6,-4,16,20,0,114,114,10
"22","2202",2016,"female","Foreign",10,10,30,20,0,7,7,12,36,24,1
"22","2202",2017,"male","Austrian",-30,-1,8,9,-29,14,43,83,151,68,10
"22","2202",2017,"male","Foreign",-8,-9,14,23,1,5,4,-1,43,44,4
"22","2202",2017,"female","Austrian",-24,-2,3,5,-22,18,40,86,146,60,11
"22","2202",2017,"female","Foreign",4,0,18,18,4,7,3,7,49,42,4
"22","2202",2018,"male","Austrian",-27,-2,5,7,-25,10,35,17,87,70,5
"22","2202",2018,"male","Foreign",23,23,30,7,0,7,7,1,22,21,0
"22","2202",2018,"female","Austrian",-21,-1,2,3,-20,14,34,42,126,84,5
"22","2202",2018,"female","Foreign",7,9,21,12,-2,4,6,3,21,18,0
"22","2202",2019,"male","Austrian",-6,-2,6,8,-4,30,34,243,336,93,31
"22","2202",2019,"male","Foreign",20,16,36,20,4,9,5,81,115,34,1
"22","2202",2019,"female","Austrian",-20,-5,2,7,-15,29,44,312,398,86,35
"22","2202",2019,"female","Foreign",12,12,27,15,0,6,6,64,99,35,2
"22","2202",2020,"male","Austrian",-3,3,6,3,-6,27,33,88,176,88,24
"22","2202",2020,"male","Foreign",2,2,21,19,0,9,9,23,53,30,1
"22","2202",2020,"female","Austrian",-22,-1,0,1,-21,20,41,100,188,88,22
"22","2202",2020,"female","Foreign",2,1,15,14,1,8,7,38,57,19,4
"22","2202",2021,"male","Austrian",-14,0,4,4,-14,20,34,5,105,100,5
"22","2202",2021,"male","Foreign",8,11,23,12,-3,4,7,14,46,32,3
"22","2202",2021,"female","Austrian",-5,0,1,1,-5,26,31,69,159,90,2
"22","2202",2021,"female","Foreign",13,13,20,7,0,5,5,4,39,35,3
"22","2202",2022,"male","Austrian",-1,-4,3,7,3,46,43,114,226,112,15
"22","2202",2022,"male","Foreign",46,48,71,23,-2,16,18,48,104,56,0
"22","2202",2022,"female","Austrian",-3,-6,2,8,3,47,44,128,227,99,19
"22","2202",2022,"female","Foreign",60,57,78,21,3,15,12,65,112,47,0
"22","2202",2023,"male","Austrian",-19,-1,5,6,-18,32,50,147,257,110,17
"22","2202",2023,"male","Foreign",9,16,37,21,-7,7,14,96,131,35,1
"22","2202",2023,"female","Austrian",-17,2,6,4,-19,29,48,186,308,122,21
"22","2202",2023,"female","Foreign",17,11,29,18,6,12,6,101,134,33,0
"22","2203",2007,"male","Austrian",-2,1,2,1,-3,2,5,21,45,24,6
"22","2203",2007,"male","Foreign",4,1,2,1,3,3,0,3,13,10,0
"22","2203",2007,"female","Austrian",-4,-1,0,1,-3,2,5,4,36,32,6
"22","2203",2007,"female","Foreign",2,0,1,1,2,2,0,0,5,5,0
"22","2203",2008,"male","Austrian",-11,-3,0,3,-8,1,9,11,36,25,3
"22","2203",2008,"male","Foreign",2,3,3,0,-1,0,1,1,6,5,0
"22","2203",2008,"female","Austrian",-5,-1,0,1,-4,1,5,13,34,21,3
"22","2203",2008,"female","Foreign",2,2,3,1,0,0,0,0,5,5,1
"22","2203",2009,"male","Austrian",-2,2,4,2,-4,5,9,8,32,24,3
"22","2203",2009,"male","Foreign",11,8,10,2,3,5,2,-1,3,4,2
"22","2203",2009,"female","Austrian",-4,-2,2,4,-2,3,5,-1,27,28,3
"22","2203",2009,"female","Foreign",10,10,10,0,0,2,2,0,3,3,2
"22","2203",2010,"male","Austrian",-8,-3,0,3,-5,4,9,-7,22,29,0
"22","2203",2010,"male","Foreign",0,0,5,5,0,0,0,-1,4,5,0
"22","2203",2010,"female","Austrian",-8,1,1,0,-9,6,15,10,25,15,1
"22","2203",2010,"female","Foreign",-3,-3,0,3,0,0,0,3,6,3,0
"22","2203",2011,"male","Austrian",-1,0,1,1,-1,3,4,11,27,16,4
"22","2203",2011,"male","Foreign",1,0,7,7,1,1,0,2,6,4,0
"22","2203",2011,"female","Austrian",-4,0,0,0,-4,3,7,5,35,30,3
"22","2203",2011,"female","Foreign",-3,-2,4,6,-1,0,1,4,6,2,0
"22","2203",2012,"male","Austrian",-3,-2,0,2,-1,3,4,21,41,20,0
"22","2203",2012,"male","Foreign",1,-1,5,6,2,2,0,6,7,1,0
"22","2203",2012,"female","Austrian",-3,-5,0,5,2,6,4,18,34,16,0
"22","2203",2012,"female","Foreign",6,5,6,1,1,1,0,4,5,1,0
"22","2203",2013,"male","Austrian",0,2,3,1,-2,4,6,11,25,14,2
"22","2203",2013,"male","Foreign",-4,-2,2,4,-2,0,2,2,4,2,1
"22","2203",2013,"female","Austrian",-5,-1,2,3,-4,1,5,13,31,18,2
"22","2203",2013,"female","Foreign",2,2,4,2,0,0,0,-2,0,2,0
"22","2203",2014,"male","Austrian",-5,0,4,4,-5,5,10,27,47,20,2
"22","2203",2014,"male","Foreign",4,2,6,4,2,2,0,-6,1,7,0
"22","2203",2014,"female","Austrian",0,2,3,1,-2,3,5,7,36,29,0
"22","2203",2014,"female","Foreign",4,3,4,1,1,1,0,3,7,4,0
"22","2203",2015,"male","Austrian",5,3,4,1,2,7,5,18,42,24,2
"22","2203",2015,"male","Foreign",3,5,6,1,-2,0,2,3,11,8,0
"22","2203",2015,"female","Austrian",0,-1,2,3,1,6,5,8,32,24,1
"22","2203",2015,"female","Foreign",5,5,9,4,0,1,1,2,8,6,1
"22","2203",2016,"male","Austrian",-4,-2,2,4,-2,6,8,24,40,16,2
"22","2203",2016,"male","Foreign",7,7,12,5,0,0,0,7,11,4,0
"22","2203",2016,"female","Austrian",-6,-1,1,2,-5,5,10,3,25,22,0
"22","2203",2016,"female","Foreign",3,2,5,3,1,1,0,7,11,4,1
"22","2203",2017,"male","Austrian",-6,0,2,2,-6,6,12,9,28,19,1
"22","2203",2017,"male","Foreign",-1,0,10,10,-1,2,3,6,12,6,2
"22","2203",2017,"female","Austrian",-8,-1,0,1,-7,2,9,-5,28,33,3
"22","2203",2017,"female","Foreign",4,4,8,4,0,1,1,6,13,7,6
"22","2203",2018,"male","Austrian",-3,1,1,0,-4,5,9,-2,29,31,1
"22","2203",2018,"male","Foreign",-5,-4,4,8,-1,1,2,4,8,4,0
"22","2203",2018,"female","Austrian",-1,1,1,0,-2,3,5,11,37,26,3
"22","2203",2018,"female","Foreign",-1,1,3,2,-2,0,2,0,10,10,0
"22","2203",2019,"male","Austrian",-1,2,3,1,-3,5,8,13,33,20,1
"22","2203",2019,"male","Foreign",-7,-7,2,9,0,0,0,12,18,6,0
"22","2203",2019,"female","Austrian",6,2,3,1,4,8,4,11,35,24,4
"22","2203",2019,"female","Foreign",0,-1,2,3,1,1,0,13,18,5,0
"22","2203",2020,"male","Austrian",-2,-1,1,2,-1,4,5,11,28,17,4
"22","2203",2020,"male","Foreign",1,4,7,3,-3,0,3,11,18,7,2
"22","2203",2020,"female","Austrian",2,0,1,1,2,5,3,-2,25,27,3
"22","2203",2020,"female","Foreign",2,0,3,3,2,5,3,3,12,9,3
"22","2203",2021,"male","Austrian",0,-1,0,1,1,13,12,26,52,26,1
"22","2203",2021,"male","Foreign",4,5,12,7,-1,2,3,1,12,11,1
"22","2203",2021,"female","Austrian",-1,0,1,1,-1,9,10,17,41,24,1
"22","2203",2021,"female","Foreign",0,2,8,6,-2,0,2,-5,10,15,1
"22","2203",2022,"male","Austrian",2,0,0,0,2,10,8,26,54,28,4
"22","2203",2022,"male","Foreign",8,0,7,7,8,11,3,-3,13,16,0
"22","2203",2022,"female","Austrian",-9,-4,0,4,-5,5,10,18,39,21,3
"22","2203",2022,"female","Foreign",10,3,7,4,7,8,1,2,12,10,0
"22","2203",2023,"male","Austrian",-8,0,2,2,-8,4,12,-3,24,27,2
"22","2203",2023,"male","Foreign",12,8,15,7,4,5,1,0,17,17,1
"22","2203",2023,"female","Austrian",-5,1,1,0,-6,3,9,-3,22,25,2
"22","2203",2023,"female","Foreign",12,9,11,2,3,4,1,0,9,9,1
"22","2204",2007,"male","Austrian",-23,3,4,1,-26,21,47,53,119,66,19
"22","2204",2007,"male","Foreign",-2,-3,6,9,1,4,3,2,10,8,1
"22","2204",2007,"female","Austrian",-6,1,1,0,-7,28,35,36,102,66,18
"22","2204",2007,"female","Foreign",8,8,13,5,0,1,1,6,11,5,1
"22","2204",2008,"male","Austrian",-14,-3,2,5,-11,28,39,20,89,69,10
"22","2204",2008,"male","Foreign",1,1,14,13,0,1,1,13,21,8,2
"22","2204",2008,"female","Austrian",-20,-7,1,8,-13,20,33,7,96,89,8
"22","2204",2008,"female","Foreign",-2,-1,6,7,-1,3,4,9,17,8,0
"22","2204",2009,"male","Austrian",-2,1,3,2,-3,21,24,-14,81,95,9
"22","2204",2009,"male","Foreign",7,6,11,5,1,2,1,1,11,10,0
"22","2204",2009,"female","Austrian",0,-2,0,2,2,22,20,-4,79,83,9
"22","2204",2009,"female","Foreign",3,3,8,5,0,1,1,0,15,15,0
"22","2204",2010,"male","Austrian",-12,-2,3,5,-10,15,25,13,80,67,8
"22","2204",2010,"male","Foreign",5,5,16,11,0,1,1,5,16,11,2
"22","2204",2010,"female","Austrian",-13,-6,2,8,-7,20,27,9,57,48,10
"22","2204",2010,"female","Foreign",9,8,13,5,1,2,1,4,17,13,0
"22","2204",2011,"male","Austrian",-25,2,6,4,-27,16,43,13,79,66,8
"22","2204",2011,"male","Foreign",10,7,14,7,3,4,1,2,13,11,2
"22","2204",2011,"female","Austrian",-13,1,1,0,-14,19,33,21,79,58,9
"22","2204",2011,"female","Foreign",4,4,10,6,0,2,2,12,24,12,3
"22","2204",2012,"male","Austrian",-7,-3,2,5,-4,19,23,33,84,51,8
"22","2204",2012,"male","Foreign",0,0,7,7,0,2,2,11,19,8,0
"22","2204",2012,"female","Austrian",-5,0,1,1,-5,22,27,36,85,49,10
"22","2204",2012,"female","Foreign",4,1,7,6,3,5,2,10,18,8,1
"22","2204",2013,"male","Austrian",-5,3,6,3,-8,22,30,0,64,64,8
"22","2204",2013,"male","Foreign",-1,0,4,4,-1,0,1,7,11,4,0
"22","2204",2013,"female","Austrian",-28,-3,0,3,-25,14,39,5,64,59,5
"22","2204",2013,"female","Foreign",-2,0,5,5,-2,1,3,2,9,7,0
"22","2204",2014,"male","Austrian",-27,-1,3,4,-26,17,43,7,68,61,2
"22","2204",2014,"male","Foreign",6,5,9,4,1,2,1,2,18,16,2
"22","2204",2014,"female","Austrian",-19,-1,0,1,-18,13,31,22,80,58,4
"22","2204",2014,"female","Foreign",13,14,18,4,-1,1,2,7,18,11,2
"22","2204",2015,"male","Austrian",-13,-1,5,6,-12,19,31,-9,75,84,14
"22","2204",2015,"male","Foreign",7,8,11,3,-1,2,3,13,24,11,4
"22","2204",2015,"female","Austrian",-13,1,1,0,-14,11,25,-8,68,76,12
"22","2204",2015,"female","Foreign",4,7,9,2,-3,2,5,11,27,16,8
"22","2204",2016,"male","Austrian",-15,3,5,2,-18,14,32,22,77,55,17
"22","2204",2016,"male","Foreign",12,9,16,7,3,6,3,-7,26,33,0
"22","2204",2016,"female","Austrian",-12,-2,1,3,-10,15,25,5,70,65,13
"22","2204",2016,"female","Foreign",3,5,16,11,-2,2,4,-5,22,27,1
"22","2204",2017,"male","Austrian",-33,0,2,2,-33,12,45,21,87,66,15
"22","2204",2017,"male","Foreign",7,1,13,12,6,8,2,17,39,22,0
"22","2204",2017,"female","Austrian",-22,6,7,1,-28,7,35,-9,72,81,14
"22","2204",2017,"female","Foreign",9,7,12,5,2,7,5,11,30,19,1
"22","2204",2018,"male","Austrian",-7,2,9,7,-9,22,31,23,93,70,10
"22","2204",2018,"male","Foreign",-5,-3,9,12,-2,7,9,20,61,41,1
"22","2204",2018,"female","Austrian",-14,5,7,2,-19,21,40,17,93,76,13
"22","2204",2018,"female","Foreign",-1,3,10,7,-4,4,8,1,55,54,0
"22","2204",2019,"male","Austrian",-22,-3,2,5,-19,10,29,17,105,88,5
"22","2204",2019,"male","Foreign",13,9,16,7,4,8,4,10,46,36,4
"22","2204",2019,"female","Austrian",-14,1,3,2,-15,11,26,22,94,72,3
"22","2204",2019,"female","Foreign",4,2,10,8,2,5,3,18,54,36,2
"22","2204",2020,"male","Austrian",-21,-5,0,5,-16,15,31,26,98,72,10
"22","2204",2020,"male","Foreign",6,-2,10,12,8,10,2,21,39,18,8
"22","2204",2020,"female","Austrian",-17,-1,2,3,-16,17,33,23,82,59,15
"22","2204",2020,"female","Foreign",12,6,13,7,6,10,4,13,31,18,7
"22","2204",2021,"male","Austrian",-19,2,3,1,-21,15,36,31,107,76,18
"22","2204",2021,"male","Foreign",3,0,12,12,3,6,3,16,37,21,0
"22","2204",2021,"female","Austrian",-21,-1,1,2,-20,9,29,54,115,61,21
"22","2204",2021,"female","Foreign",1,-4,8,12,5,10,5,23,38,15,0
"22","2204",2022,"male","Austrian",-4,-2,3,5,-2,19,21,34,89,55,7
"22","2204",2022,"male","Foreign",20,16,24,8,4,12,8,17,38,21,0
"22","2204",2022,"female","Austrian",4,2,6,4,2,16,14,33,88,55,12
"22","2204",2022,"female","Foreign",31,32,41,9,-1,10,11,13,31,18,2
"22","2204",2023,"male","Austrian",-33,-5,1,6,-28,13,41,4,101,97,12
"22","2204",2023,"male","Foreign",18,17,25,8,1,5,4,8,36,28,5
"22","2204",2023,"female","Austrian",-25,-4,0,4,-21,13,34,-7,88,95,5
"22","2204",2023,"female","Foreign",10,14,26,12,-4,3,7,14,41,27,3
"22","2205",2007,"male","Austrian",-15,2,6,4,-17,18,35,15,108,93,21
"22","2205",2007,"male","Foreign",6,6,9,3,0,0,0,6,17,11,0
"22","2205",2007,"female","Austrian",-25,-4,0,4,-21,14,35,34,120,86,17
"22","2205",2007,"female","Foreign",9,11,19,8,-2,0,2,-10,13,23,4
"22","2205",2008,"male","Austrian",-26,-2,4,6,-24,22,46,-16,89,105,26
"22","2205",2008,"male","Foreign",-5,-6,4,10,1,1,0,4,10,6,1
"22","2205",2008,"female","Austrian",-27,-3,3,6,-24,12,36,4,106,102,16
"22","2205",2008,"female","Foreign",-3,-3,9,12,0,1,1,9,14,5,3
"22","2205",2009,"male","Austrian",-24,-2,3,5,-22,21,43,-12,93,105,19
"22","2205",2009,"male","Foreign",4,3,9,6,1,1,0,13,21,8,1
"22","2205",2009,"female","Austrian",-20,-2,2,4,-18,14,32,-2,119,121,23
"22","2205",2009,"female","Foreign",6,5,13,8,1,1,0,19,28,9,2
"22","2205",2010,"male","Austrian",-20,0,6,6,-20,10,30,8,76,68,12
"22","2205",2010,"male","Foreign",8,9,14,5,-1,3,4,1,10,9,0
"22","2205",2010,"female","Austrian",-25,-3,2,5,-22,12,34,-7,81,88,6
"22","2205",2010,"female","Foreign",11,10,17,7,1,1,0,11,20,9,1
"22","2205",2011,"male","Austrian",2,3,6,3,-1,17,18,76,164,88,12
"22","2205",2011,"male","Foreign",11,7,16,9,4,5,1,22,33,11,3
"22","2205",2011,"female","Austrian",1,0,4,4,1,24,23,61,147,86,10
"22","2205",2011,"female","Foreign",6,5,17,12,1,2,1,18,35,17,0
"22","2205",2012,"male","Austrian",-5,-5,2,7,0,18,18,55,124,69,16
"22","2205",2012,"male","Foreign",10,9,16,7,1,3,2,14,25,11,3
"22","2205",2012,"female","Austrian",2,-2,1,3,4,25,21,59,134,75,18
"22","2205",2012,"female","Foreign",4,6,18,12,-2,0,2,10,23,13,2
"22","2205",2013,"male","Austrian",-22,-4,1,5,-18,16,34,-6,83,89,16
"22","2205",2013,"male","Foreign",-4,0,12,12,-4,3,7,8,24,16,0
"22","2205",2013,"female","Austrian",-19,5,11,6,-24,15,39,-11,68,79,9
"22","2205",2013,"female","Foreign",2,-1,8,9,3,6,3,-5,13,18,0
"22","2205",2014,"male","Austrian",2,-2,4,6,4,38,34,148,230,82,19
"22","2205",2014,"male","Foreign",3,6,15,9,-3,4,7,77,87,10,0
"22","2205",2014,"female","Austrian",8,-3,4,7,11,39,28,149,245,96,18
"22","2205",2014,"female","Foreign",26,13,18,5,13,13,0,71,86,15,3
"22","2205",2015,"male","Austrian",177,17,22,5,160,200,40,1322,1438,116,40
"22","2205",2015,"male","Foreign",197,147,177,30,50,57,7,784,866,82,6
"22","2205",2015,"female","Austrian",181,9,10,1,172,213,41,1368,1474,106,36
"22","2205",2015,"female","Foreign",210,160,193,33,50,56,6,823,875,52,11
"22","2205",2016,"male","Austrian",-9,-2,11,13,-7,53,60,65,235,170,28
"22","2205",2016,"male","Foreign",53,37,110,73,16,24,8,39,152,113,7
"22","2205",2016,"female","Austrian",-7,-7,4,11,0,65,65,105,270,165,22
"22","2205",2016,"female","Foreign",35,27,104,77,8,23,15,53,146,93,13
"22","2205",2017,"male","Austrian",-3,-2,8,10,-1,72,73,69,259,190,31
"22","2205",2017,"male","Foreign",39,43,121,78,-4,10,14,94,217,123,20
"22","2205",2017,"female","Austrian",-23,0,6,6,-23,54,77,138,308,170,29
"22","2205",2017,"female","Foreign",67,66,137,71,1,15,14,73,174,101,13
"22","2205",2018,"male","Austrian",-36,-10,8,18,-26,61,87,75,272,197,49
"22","2205",2018,"male","Foreign",41,55,143,88,-14,17,31,63,215,152,15
"22","2205",2018,"female","Austrian",-24,-5,4,9,-19,69,88,21,236,215,51
"22","2205",2018,"female","Foreign",73,93,186,93,-20,17,37,109,229,120,22
"22","2205",2019,"male","Austrian",-32,5,13,8,-37,82,119,108,378,270,62
"22","2205",2019,"male","Foreign",110,109,211,102,1,21,20,136,320,184,23
"22","2205",2019,"female","Austrian",-27,-5,7,12,-22,87,109,102,370,268,64
"22","2205",2019,"female","Foreign",111,104,198,94,7,27,20,111,305,194,33
"22","2205",2020,"male","Austrian",-32,4,21,17,-36,83,119,26,329,303,57
"22","2205",2020,"male","Foreign",31,30,140,110,1,24,23,118,288,170,33
"22","2205",2020,"female","Austrian",14,7,10,3,7,92,85,30,325,295,60
"22","2205",2020,"female","Foreign",75,63,158,95,12,34,22,62,251,189,29
"22","2205",2021,"male","Austrian",-34,-11,10,21,-23,95,118,313,554,241,99
"22","2205",2021,"male","Foreign",47,45,155,110,2,36,34,217,399,182,94
"22","2205",2021,"female","Austrian",-39,-9,5,14,-30,92,122,342,595,253,116
"22","2205",2021,"female","Foreign",84,75,195,120,9,43,34,213,376,163,99
"22","2205",2022,"male","Austrian",-22,3,16,13,-25,86,111,246,475,229,86
"22","2205",2022,"male","Foreign",198,176,309,133,22,65,43,160,383,223,71
"22","2205",2022,"female","Austrian",-17,-1,10,11,-16,88,104,184,449,265,90
"22","2205",2022,"female","Foreign",276,269,405,136,7,60,53,154,410,256,87
"22","2205",2023,"male","Austrian",-75,-17,11,28,-58,82,140,106,352,246,83
"22","2205",2023,"male","Foreign",99,104,242,138,-5,42,47,112,360,248,60
"22","2205",2023,"female","Austrian",-42,-3,7,10,-39,86,125,111,345,234,84
"22","2205",2023,"female","Foreign",115,110,279,169,5,41,36,101,320,219,94
"22","2206",2007,"male","Austrian",-48,-2,20,22,-46,31,77,19,263,244,45
"22","2206",2007,"male","Foreign",9,7,30,23,2,7,5,30,75,45,1
"22","2206",2007,"female","Austrian",-64,-5,7,12,-59,23,82,20,244,224,52
"22","2206",2007,"female","Foreign",20,18,39,21,2,5,3,32,66,34,1
"22","2206",2008,"male","Austrian",-32,-14,16,30,-18,33,51,0,245,245,64
"22","2206",2008,"male","Foreign",4,4,18,14,0,5,5,25,74,49,5
"22","2206",2008,"female","Austrian",-47,-4,15,19,-43,20,63,3,219,216,50
"22","2206",2008,"female","Foreign",8,8,20,12,0,4,4,44,76,32,4
"22","2206",2009,"male","Austrian",-48,-11,16,27,-37,38,75,7,269,262,32
"22","2206",2009,"male","Foreign",16,17,28,11,-1,4,5,33,69,36,3
"22","2206",2009,"female","Austrian",-49,-7,14,21,-42,32,74,15,264,249,46
"22","2206",2009,"female","Foreign",10,11,28,17,-1,5,6,32,71,39,2
"22","2206",2010,"male","Austrian",-21,-1,18,19,-20,29,49,-18,184,202,47
"22","2206",2010,"male","Foreign",3,3,23,20,0,4,4,18,60,42,5
"22","2206",2010,"female","Austrian",-31,-9,11,20,-22,24,46,-8,200,208,37
"22","2206",2010,"female","Foreign",16,15,31,16,1,4,3,38,77,39,4
"22","2206",2011,"male","Austrian",-36,7,19,12,-43,38,81,-66,173,239,41
"22","2206",2011,"male","Foreign",2,4,28,24,-2,2,4,42,87,45,7
"22","2206",2011,"female","Austrian",-24,-4,7,11,-20,31,51,-63,171,234,45
"22","2206",2011,"female","Foreign",10,13,24,11,-3,5,8,49,80,31,9
"22","2206",2012,"male","Austrian",-29,-4,18,22,-25,31,56,-18,215,233,35
"22","2206",2012,"male","Foreign",9,8,28,20,1,9,8,19,60,41,2
"22","2206",2012,"female","Austrian",-42,-11,4,15,-31,32,63,-37,178,215,38
"22","2206",2012,"female","Foreign",2,6,29,23,-4,4,8,29,70,41,2
"22","2206",2013,"male","Austrian",-24,-3,11,14,-21,30,51,-15,187,202,31
"22","2206",2013,"male","Foreign",23,24,46,22,-1,7,8,38,89,51,5
"22","2206",2013,"female","Austrian",-41,-7,5,12,-34,27,61,-7,174,181,13
"22","2206",2013,"female","Foreign",24,26,39,13,-2,4,6,36,79,43,2
"22","2206",2014,"male","Austrian",-27,-2,14,16,-25,38,63,127,358,231,50
"22","2206",2014,"male","Foreign",17,16,35,19,1,7,6,75,123,48,5
"22","2206",2014,"female","Austrian",-32,-6,8,14,-26,45,71,149,338,189,37
"22","2206",2014,"female","Foreign",21,13,37,24,8,14,6,89,119,30,6
"22","2206",2015,"male","Austrian",-38,-2,12,14,-36,25,61,-50,176,226,24
"22","2206",2015,"male","Foreign",25,18,44,26,7,15,8,56,117,61,6
"22","2206",2015,"female","Austrian",-53,-5,6,11,-48,16,64,-80,156,236,25
"22","2206",2015,"female","Foreign",32,29,45,16,3,11,8,60,120,60,8
"22","2206",2016,"male","Austrian",-48,-6,10,16,-42,30,72,66,235,169,42
"22","2206",2016,"male","Foreign",19,13,36,23,6,8,2,79,125,46,4
"22","2206",2016,"female","Austrian",-31,-5,8,13,-26,29,55,67,239,172,24
"22","2206",2016,"female","Foreign",10,14,43,29,-4,2,6,73,118,45,7
"22","2206",2017,"male","Austrian",-30,1,14,13,-31,42,73,14,212,198,16
"22","2206",2017,"male","Foreign",-3,13,37,24,-16,3,19,43,117,74,2
"22","2206",2017,"female","Austrian",-53,-14,4,18,-39,38,77,-51,173,224,22
"22","2206",2017,"female","Foreign",0,11,28,17,-11,5,16,68,111,43,6
"22","2206",2018,"male","Austrian",-55,-5,17,22,-50,22,72,-4,236,240,23
"22","2206",2018,"male","Foreign",-3,0,33,33,-3,6,9,174,237,63,3
"22","2206",2018,"female","Austrian",-76,-5,13,18,-71,23,94,25,227,202,24
"22","2206",2018,"female","Foreign",1,6,29,23,-5,10,15,161,216,55,5
"22","2206",2019,"male","Austrian",-32,6,19,13,-38,37,75,-68,180,248,35
"22","2206",2019,"male","Foreign",21,23,47,24,-2,9,11,103,168,65,8
"22","2206",2019,"female","Austrian",-63,-4,9,13,-59,31,90,-46,192,238,27
"22","2206",2019,"female","Foreign",8,8,39,31,0,7,7,97,154,57,8
"22","2206",2020,"male","Austrian",-43,-7,10,17,-36,39,75,-55,166,221,28
"22","2206",2020,"male","Foreign",-9,4,25,21,-13,5,18,61,149,88,5
"22","2206",2020,"female","Austrian",-58,-12,6,18,-46,34,80,-38,163,201,23
"22","2206",2020,"female","Foreign",-4,11,27,16,-15,1,16,63,151,88,1
"22","2206",2021,"male","Austrian",-47,2,14,12,-49,23,72,-2,220,222,29
"22","2206",2021,"male","Foreign",-3,-4,30,34,1,15,14,80,159,79,1
"22","2206",2021,"female","Austrian",-57,2,11,9,-59,26,85,14,212,198,34
"22","2206",2021,"female","Foreign",-12,-8,19,27,-4,10,14,104,175,71,1
"22","2206",2022,"male","Austrian",-21,-3,10,13,-18,46,64,51,244,193,40
"22","2206",2022,"male","Foreign",56,45,84,39,11,29,18,92,177,85,10
"22","2206",2022,"female","Austrian",-4,2,17,15,-6,57,63,17,230,213,30
"22","2206",2022,"female","Foreign",76,67,105,38,9,22,13,76,181,105,7
"22","2206",2023,"male","Austrian",-37,-5,9,14,-32,32,64,-19,191,210,26
"22","2206",2023,"male","Foreign",1,1,44,43,0,26,26,117,232,115,3
"22","2206",2023,"female","Austrian",-53,-7,5,12,-46,27,73,-48,177,225,23
"22","2206",2023,"female","Foreign",9,8,49,41,1,19,18,111,197,86,0
"22","2207",2007,"male","Austrian",-26,-2,5,7,-24,20,44,9,88,79,7
"22","2207",2007,"male","Foreign",5,2,10,8,3,3,0,2,13,11,0
"22","2207",2007,"female","Austrian",-21,0,4,4,-21,19,40,7,96,89,6
"22","2207",2007,"female","Foreign",17,14,22,8,3,4,1,4,18,14,0
"22","2207",2008,"male","Austrian",-24,-4,2,6,-20,13,33,-8,94,102,19
"22","2207",2008,"male","Foreign",14,15,24,9,-1,3,4,6,20,14,2
"22","2207",2008,"female","Austrian",-20,0,1,1,-20,15,35,-11,83,94,13
"22","2207",2008,"female","Foreign",20,22,32,10,-2,2,4,-3,22,25,3
"22","2207",2009,"male","Austrian",4,0,4,4,4,28,24,-17,78,95,14
"22","2207",2009,"male","Foreign",3,0,16,16,3,5,2,5,17,12,2
"22","2207",2009,"female","Austrian",-29,-3,4,7,-26,13,39,3,101,98,19
"22","2207",2009,"female","Foreign",8,3,21,18,5,7,2,-7,13,20,2
"22","2207",2010,"male","Austrian",-22,-1,6,7,-21,12,33,-21,74,95,9
"22","2207",2010,"male","Foreign",-2,1,13,12,-3,2,5,2,20,18,4
"22","2207",2010,"female","Austrian",-14,3,6,3,-17,18,35,-8,75,83,8
"22","2207",2010,"female","Foreign",-6,-2,11,13,-4,3,7,0,16,16,4
"22","2207",2011,"male","Austrian",-12,-1,3,4,-11,15,26,-34,71,105,13
"22","2207",2011,"male","Foreign",10,9,21,12,1,1,0,3,20,17,5
"22","2207",2011,"female","Austrian",-6,0,3,3,-6,28,34,-8,92,100,5
"22","2207",2011,"female","Foreign",15,13,24,11,2,5,3,-1,18,19,4
"22","2207",2012,"male","Austrian",-5,0,5,5,-5,12,17,3,90,87,6
"22","2207",2012,"male","Foreign",12,9,26,17,3,6,3,0,20,20,0
"22","2207",2012,"female","Austrian",-16,-1,2,3,-15,9,24,7,82,75,11
"22","2207",2012,"female","Foreign",18,14,28,14,4,7,3,2,24,22,1
"22","2207",2013,"male","Austrian",-26,-2,7,9,-24,12,36,15,94,79,15
"22","2207",2013,"male","Foreign",3,3,20,17,0,6,6,8,27,19,2
"22","2207",2013,"female","Austrian",-11,3,6,3,-14,24,38,7,91,84,11
"22","2207",2013,"female","Foreign",7,7,20,13,0,6,6,12,28,16,6
"22","2207",2014,"male","Austrian",-13,-5,3,8,-8,19,27,2,99,97,11
"22","2207",2014,"male","Foreign",14,18,30,12,-4,5,9,13,34,21,5
"22","2207",2014,"female","Austrian",-30,-6,3,9,-24,11,35,9,109,100,16
"22","2207",2014,"female","Foreign",18,17,29,12,1,6,5,8,32,24,2
"22","2207",2015,"male","Austrian",-17,2,6,4,-19,12,31,-17,79,96,18
"22","2207",2015,"male","Foreign",2,2,22,20,0,3,3,23,54,31,1
"22","2207",2015,"female","Austrian",-15,-3,1,4,-12,12,24,-12,72,84,20
"22","2207",2015,"female","Foreign",-1,5,23,18,-6,2,8,35,55,20,0
"22","2207",2016,"male","Austrian",-4,5,9,4,-9,18,27,14,101,87,9
"22","2207",2016,"male","Foreign",27,27,44,17,0,1,1,27,56,29,3
"22","2207",2016,"female","Austrian",-19,1,7,6,-20,13,33,18,87,69,13
"22","2207",2016,"female","Foreign",39,35,45,10,4,7,3,6,46,40,7
"22","2207",2017,"male","Austrian",-19,-1,5,6,-18,13,31,10,85,75,7
"22","2207",2017,"male","Foreign",-1,-5,21,26,4,7,3,18,42,24,1
"22","2207",2017,"female","Austrian",-24,-6,3,9,-18,14,32,30,98,68,9
"22","2207",2017,"female","Foreign",-6,-10,15,25,4,6,2,17,41,24,1
"22","2207",2018,"male","Austrian",-17,-2,5,7,-15,14,29,20,82,62,12
"22","2207",2018,"male","Foreign",3,2,22,20,1,7,6,4,48,44,4
"22","2207",2018,"female","Austrian",-20,-1,4,5,-19,17,36,-6,68,74,15
"22","2207",2018,"female","Foreign",12,10,22,12,2,8,6,2,36,34,2
"22","2207",2019,"male","Austrian",-24,-4,5,9,-20,18,38,-25,80,105,10
"22","2207",2019,"male","Foreign",10,10,24,14,0,4,4,9,34,25,9
"22","2207",2019,"female","Austrian",-18,1,4,3,-19,21,40,-31,80,111,10
"22","2207",2019,"female","Foreign",14,12,26,14,2,7,5,21,35,14,8
"22","2207",2020,"male","Austrian",-26,-5,2,7,-21,10,31,-3,75,78,14
"22","2207",2020,"male","Foreign",8,8,20,12,0,3,3,11,35,24,2
"22","2207",2020,"female","Austrian",-25,-3,2,5,-22,11,33,18,94,76,12
"22","2207",2020,"female","Foreign",15,12,28,16,3,8,5,1,33,32,3
"22","2207",2021,"male","Austrian",-20,-7,2,9,-13,11,24,-15,68,83,7
"22","2207",2021,"male","Foreign",4,4,16,12,0,6,6,3,35,32,1
"22","2207",2021,"female","Austrian",-11,-3,2,5,-8,11,19,-9,68,77,6
"22","2207",2021,"female","Foreign",4,7,11,4,-3,3,6,5,33,28,1
"22","2207",2022,"male","Austrian",-15,0,7,7,-15,19,34,10,84,74,7
"22","2207",2022,"male","Foreign",18,23,47,24,-5,4,9,10,41,31,0
"22","2207",2022,"female","Austrian",-25,-3,2,5,-22,17,39,-8,61,69,4
"22","2207",2022,"female","Foreign",20,28,60,32,-8,6,14,15,49,34,2
"22","2207",2023,"male","Austrian",-18,-6,4,10,-12,14,26,4,72,68,12
"22","2207",2023,"male","Foreign",6,12,31,19,-6,6,12,18,47,29,13
"22","2207",2023,"female","Austrian",-16,-3,2,5,-13,12,25,0,70,70,10
"22","2207",2023,"female","Foreign",2,4,24,20,-2,4,6,20,45,25,5
"22","2208",2007,"male","Austrian",-43,-1,26,27,-42,55,97,31,360,329,55
"22","2208",2007,"male","Foreign",19,27,64,37,-8,8,16,76,158,82,10
"22","2208",2007,"female","Austrian",-47,1,21,20,-48,59,107,40,381,341,64
"22","2208",2007,"female","Foreign",12,19,63,44,-7,10,17,60,139,79,16
"22","2208",2008,"male","Austrian",-54,-15,21,36,-39,54,93,-8,319,327,37
"22","2208",2008,"male","Foreign",28,19,52,33,9,17,8,15,132,117,5
"22","2208",2008,"female","Austrian",-63,-20,7,27,-43,35,78,-67,273,340,48
"22","2208",2008,"female","Foreign",27,19,62,43,8,14,6,70,131,61,10
"22","2208",2009,"male","Austrian",-63,-18,21,39,-45,42,87,-30,280,310,51
"22","2208",2009,"male","Foreign",18,18,64,46,0,7,7,44,119,75,9
"22","2208",2009,"female","Austrian",-63,-12,12,24,-51,39,90,-57,229,286,48
"22","2208",2009,"female","Foreign",4,10,55,45,-6,7,13,43,115,72,12
"22","2208",2010,"male","Austrian",23,2,19,17,21,84,63,205,512,307,85
"22","2208",2010,"male","Foreign",31,35,73,38,-4,11,15,119,210,91,25
"22","2208",2010,"female","Austrian",-23,-20,10,30,-3,70,73,225,490,265,98
"22","2208",2010,"female","Foreign",29,22,59,37,7,19,12,150,221,71,15
"22","2208",2011,"male","Austrian",-41,-6,22,28,-35,57,92,68,389,321,59
"22","2208",2011,"male","Foreign",64,66,124,58,-2,13,15,86,201,115,18
"22","2208",2011,"female","Austrian",-12,-6,11,17,-6,75,81,160,448,288,68
"22","2208",2011,"female","Foreign",49,51,100,49,-2,14,16,101,199,98,19
"22","2208",2012,"male","Austrian",3,-9,21,30,12,72,60,18,329,311,53
"22","2208",2012,"male","Foreign",54,45,99,54,9,15,6,97,206,109,19
"22","2208",2012,"female","Austrian",-4,4,17,13,-8,57,65,56,341,285,56
"22","2208",2012,"female","Foreign",58,48,91,43,10,18,8,123,206,83,13
"22","2208",2013,"male","Austrian",-10,-6,26,32,-4,79,83,129,419,290,75
"22","2208",2013,"male","Foreign",62,57,126,69,5,27,22,154,256,102,15
"22","2208",2013,"female","Austrian",-32,-16,12,28,-16,63,79,119,395,276,72
"22","2208",2013,"female","Foreign",73,76,123,47,-3,24,27,174,272,98,11
"22","2208",2014,"male","Austrian",-43,2,26,24,-45,60,105,-22,291,313,53
"22","2208",2014,"male","Foreign",62,76,140,64,-14,15,29,42,204,162,13
"22","2208",2014,"female","Austrian",-13,7,25,18,-20,73,93,-23,292,315,53
"22","2208",2014,"female","Foreign",71,88,147,59,-17,11,28,77,212,135,7
"22","2208",2015,"male","Austrian",-57,-10,16,26,-47,51,98,-49,274,323,63
"22","2208",2015,"male","Foreign",41,53,133,80,-12,16,28,40,198,158,18
"22","2208",2015,"female","Austrian",-65,-17,14,31,-48,52,100,7,325,318,56
"22","2208",2015,"female","Foreign",46,61,129,68,-15,15,30,54,198,144,14
"22","2208",2016,"male","Austrian",-87,-21,17,38,-66,54,120,115,407,292,53
"22","2208",2016,"male","Foreign",70,49,113,64,21,50,29,156,315,159,18
"22","2208",2016,"female","Austrian",-98,-19,13,32,-79,62,141,120,411,291,48
"22","2208",2016,"female","Foreign",72,81,170,89,-9,21,30,173,324,151,14
"22","2208",2017,"male","Austrian",-58,-14,19,33,-44,60,104,-24,306,330,52
"22","2208",2017,"male","Foreign",54,40,116,76,14,45,31,102,300,198,20
"22","2208",2017,"female","Austrian",-68,-17,12,29,-51,50,101,11,337,326,44
"22","2208",2017,"female","Foreign",46,54,128,74,-8,29,37,95,263,168,20
"22","2208",2018,"male","Austrian",-36,-9,24,33,-27,72,99,-9,310,319,43
"22","2208",2018,"male","Foreign",67,51,124,73,16,45,29,168,355,187,23
"22","2208",2018,"female","Austrian",-65,-15,12,27,-50,60,110,27,323,296,45
"22","2208",2018,"female","Foreign",33,18,130,112,15,39,24,166,330,164,23
"22","2208",2019,"male","Austrian",-67,-14,21,35,-53,60,113,35,342,307,58
"22","2208",2019,"male","Foreign",38,56,140,84,-18,30,48,198,436,238,22
"22","2208",2019,"female","Austrian",-96,-20,8,28,-76,56,132,-16,322,338,59
"22","2208",2019,"female","Foreign",21,41,106,65,-20,41,61,178,357,179,22
"22","2208",2020,"male","Austrian",-59,-8,21,29,-51,63,114,149,487,338,71
"22","2208",2020,"male","Foreign",-6,8,112,104,-14,45,59,206,435,229,45
"22","2208",2020,"female","Austrian",-51,10,29,19,-61,67,128,138,488,350,98
"22","2208",2020,"female","Foreign",21,33,106,73,-12,40,52,179,392,213,52
"22","2208",2021,"male","Austrian",-65,-6,18,24,-59,71,130,132,410,278,66
"22","2208",2021,"male","Foreign",16,13,118,105,3,39,36,154,353,199,22
"22","2208",2021,"female","Austrian",-55,-5,14,19,-50,78,128,99,398,299,80
"22","2208",2021,"female","Foreign",8,10,95,85,-2,40,42,173,365,192,25
"22","2208",2022,"male","Austrian",-46,0,21,21,-46,107,153,243,569,326,73
"22","2208",2022,"male","Foreign",119,113,210,97,6,62,56,326,602,276,46
"22","2208",2022,"female","Austrian",-29,-3,17,20,-26,111,137,275,587,312,77
"22","2208",2022,"female","Foreign",168,155,243,88,13,58,45,354,587,233,47
"22","2208",2023,"male","Austrian",50,4,30,26,46,140,94,680,1035,355,115
"22","2208",2023,"male","Foreign",184,143,248,105,41,106,65,715,1012,297,74
"22","2208",2023,"female","Austrian",36,-4,18,22,40,146,106,683,999,316,134
"22","2208",2023,"female","Foreign",227,183,281,98,44,103,59,732,970,238,71
"22","2209",2007,"male","Austrian",-72,-16,14,30,-56,44,100,18,327,309,38
"22","2209",2007,"male","Foreign",26,37,68,31,-11,3,14,33,110,77,5
"22","2209",2007,"female","Austrian",-90,-10,6,16,-80,45,125,2,315,313,50
"22","2209",2007,"female","Foreign",22,36,60,24,-14,7,21,44,119,75,5
"22","2209",2008,"male","Austrian",-72,-16,22,38,-56,51,107,-21,313,334,36
"22","2209",2008,"male","Foreign",17,24,59,35,-7,7,14,63,140,77,5
"22","2209",2008,"female","Austrian",-65,-7,8,15,-58,43,101,-32,283,315,49
"22","2209",2008,"female","Foreign",28,35,66,31,-7,6,13,87,155,68,6
"22","2209",2009,"male","Austrian",-57,-15,12,27,-42,38,80,-76,254,330,33
"22","2209",2009,"male","Foreign",14,12,60,48,2,7,5,72,147,75,3
"22","2209",2009,"female","Austrian",-58,-28,3,31,-30,58,88,-57,272,329,43
"22","2209",2009,"female","Foreign",15,17,71,54,-2,2,4,86,153,67,6
"22","2209",2010,"male","Austrian",-31,-14,16,30,-17,59,76,59,313,254,46
"22","2209",2010,"male","Foreign",35,36,72,36,-1,9,10,93,156,63,11
"22","2209",2010,"female","Austrian",-21,-11,11,22,-10,76,86,35,336,301,42
"22","2209",2010,"female","Foreign",34,36,74,38,-2,4,6,75,141,66,2
"22","2209",2011,"male","Austrian",-49,-13,12,25,-36,62,98,14,312,298,56
"22","2209",2011,"male","Foreign",25,29,84,55,-4,8,12,79,168,89,9
"22","2209",2011,"female","Austrian",-42,-16,7,23,-26,66,92,41,306,265,56
"22","2209",2011,"female","Foreign",32,27,86,59,5,12,7,80,166,86,16
"22","2209",2012,"male","Austrian",-42,-15,9,24,-27,51,78,-8,273,281,25
"22","2209",2012,"male","Foreign",34,29,92,63,5,14,9,68,183,115,9
"22","2209",2012,"female","Austrian",-29,-16,10,26,-13,59,72,-9,240,249,29
"22","2209",2012,"female","Foreign",39,38,91,53,1,10,9,90,169,79,14
"22","2209",2013,"male","Austrian",-21,-9,15,24,-12,57,69,75,312,237,54
"22","2209",2013,"male","Foreign",43,45,108,63,-2,18,20,69,198,129,8
"22","2209",2013,"female","Austrian",-49,-18,9,27,-31,50,81,97,308,211,46
"22","2209",2013,"female","Foreign",34,38,106,68,-4,15,19,109,197,88,12
"22","2209",2014,"male","Austrian",-27,-7,14,21,-20,59,79,-12,265,277,20
"22","2209",2014,"male","Foreign",43,39,107,68,4,16,12,73,209,136,14
"22","2209",2014,"female","Austrian",-22,-12,7,19,-10,61,71,-47,255,302,25
"22","2209",2014,"female","Foreign",52,46,100,54,6,18,12,76,208,132,8
"22","2209",2015,"male","Austrian",-30,-14,18,32,-16,43,59,0,269,269,31
"22","2209",2015,"male","Foreign",53,52,109,57,1,19,18,40,180,140,12
"22","2209",2015,"female","Austrian",-3,0,17,17,-3,52,55,-27,251,278,43
"22","2209",2015,"female","Foreign",43,40,98,58,3,18,15,68,182,114,9
"22","2209",2016,"male","Austrian",-57,-22,15,37,-35,41,76,-32,230,262,26
"22","2209",2016,"male","Foreign",39,25,97,72,14,30,16,121,253,132,17
"22","2209",2016,"female","Austrian",-45,-15,10,25,-30,63,93,28,290,262,23
"22","2209",2016,"female","Foreign",35,27,101,74,8,25,17,149,246,97,11
"22","2209",2017,"male","Austrian",-51,-9,14,23,-42,50,92,16,266,250,41
"22","2209",2017,"male","Foreign",18,12,86,74,6,33,27,81,262,181,12
"22","2209",2017,"female","Austrian",-59,-10,11,21,-49,51,100,27,259,232,30
"22","2209",2017,"female","Foreign",11,16,100,84,-5,21,26,129,260,131,10
"22","2209",2018,"male","Austrian",-34,-2,23,25,-32,59,91,-105,201,306,27
"22","2209",2018,"male","Foreign",-2,7,89,82,-9,19,28,74,240,166,10
"22","2209",2018,"female","Austrian",-45,4,16,12,-49,58,107,-81,209,290,22
"22","2209",2018,"female","Foreign",-19,5,82,77,-24,9,33,82,237,155,8
"22","2209",2019,"male","Austrian",-58,-16,9,25,-42,39,81,-23,230,253,27
"22","2209",2019,"male","Foreign",34,41,124,83,-7,14,21,74,262,188,14
"22","2209",2019,"female","Austrian",-52,-13,7,20,-39,55,94,-91,191,282,30
"22","2209",2019,"female","Foreign",29,26,95,69,3,20,17,90,247,157,17
"22","2209",2020,"male","Austrian",-50,2,21,19,-52,41,93,-63,230,293,21
"22","2209",2020,"male","Foreign",31,36,104,68,-5,20,25,90,287,197,13
"22","2209",2020,"female","Austrian",-51,-6,7,13,-45,45,90,-114,215,329,26
"22","2209",2020,"female","Foreign",6,5,88,83,1,19,18,98,282,184,7
"22","2209",2021,"male","Austrian",-41,-6,17,23,-35,49,84,14,274,260,32
"22","2209",2021,"male","Foreign",24,21,103,82,3,30,27,132,304,172,18
"22","2209",2021,"female","Austrian",-35,-5,11,16,-30,57,87,-32,254,286,48
"22","2209",2021,"female","Foreign",19,25,98,73,-6,22,28,112,283,171,8
"22","2209",2022,"male","Austrian",-42,-8,17,25,-34,54,88,-67,208,275,40
"22","2209",2022,"male","Foreign",62,60,144,84,2,34,32,90,290,200,14
"22","2209",2022,"female","Austrian",-55,-8,9,17,-47,62,109,-59,240,299,31
"22","2209",2022,"female","Foreign",84,92,187,95,-8,31,39,122,299,177,17
"22","2209",2023,"male","Austrian",-43,-9,16,25,-34,48,82,-76,222,298,31
"22","2209",2023,"male","Foreign",49,80,170,90,-31,19,50,93,332,239,16
"22","2209",2023,"female","Austrian",-59,-10,8,18,-49,42,91,-48,217,265,33
"22","2209",2023,"female","Foreign",46,55,138,83,-9,22,31,72,289,217,13
"22","2210",2007,"male","Austrian",-29,-10,6,16,-19,18,37,-7,121,128,10
"22","2210",2007,"male","Foreign",23,28,48,20,-5,4,9,3,41,38,2
"22","2210",2007,"female","Austrian",-15,-7,3,10,-8,27,35,43,161,118,6
"22","2210",2007,"female","Foreign",7,14,36,22,-7,3,10,-1,29,30,5
"22","2210",2008,"male","Austrian",-2,4,15,11,-6,33,39,111,236,125,20
"22","2210",2008,"male","Foreign",20,22,43,21,-2,7,9,38,67,29,6
"22","2210",2008,"female","Austrian",5,-3,6,9,8,46,38,162,290,128,26
"22","2210",2008,"female","Foreign",31,34,54,20,-3,2,5,27,59,32,6
"22","2210",2009,"male","Austrian",-12,-11,7,18,-1,52,53,14,157,143,16
"22","2210",2009,"male","Foreign",13,16,50,34,-3,5,8,23,64,41,11
"22","2210",2009,"female","Austrian",-19,-14,3,17,-5,49,54,37,199,162,29
"22","2210",2009,"female","Foreign",-1,1,29,28,-2,5,7,33,68,35,6
"22","2210",2010,"male","Austrian",4,-6,10,16,10,46,36,56,202,146,16
"22","2210",2010,"male","Foreign",2,-4,41,45,6,11,5,44,74,30,14
"22","2210",2010,"female","Austrian",14,-5,7,12,19,54,35,67,196,129,17
"22","2210",2010,"female","Foreign",17,18,49,31,-1,5,6,52,81,29,4
"22","2210",2011,"male","Austrian",5,-2,14,16,7,48,41,-11,134,145,20
"22","2210",2011,"male","Foreign",58,55,112,57,3,7,4,40,86,46,9
"22","2210",2011,"female","Austrian",15,0,6,6,15,63,48,-4,151,155,16
"22","2210",2011,"female","Foreign",49,45,78,33,4,11,7,16,67,51,12
"22","2210",2012,"male","Austrian",10,-6,9,15,16,65,49,131,286,155,28
"22","2210",2012,"male","Foreign",84,57,141,84,27,39,12,94,162,68,24
"22","2210",2012,"female","Austrian",35,-2,7,9,37,91,54,175,316,141,25
"22","2210",2012,"female","Foreign",83,73,143,70,10,22,12,106,167,61,23
"22","2210",2013,"male","Austrian",-18,-5,9,14,-13,40,53,23,156,133,6
"22","2210",2013,"male","Foreign",31,15,112,97,16,28,12,9,98,89,4
"22","2210",2013,"female","Austrian",-4,-1,9,10,-3,56,59,-13,142,155,12
"22","2210",2013,"female","Foreign",71,66,148,82,5,19,14,20,119,99,5
"22","2210",2014,"male","Austrian",30,6,15,9,24,71,47,145,285,140,27
"22","2210",2014,"male","Foreign",9,6,92,86,3,27,24,30,121,91,17
"22","2210",2014,"female","Austrian",14,0,5,5,14,84,70,199,333,134,31
"22","2210",2014,"female","Foreign",73,60,141,81,13,31,18,13,136,123,18
"22","2210",2015,"male","Austrian",-6,0,10,10,-6,51,57,-10,136,146,11
"22","2210",2015,"male","Foreign",88,67,132,65,21,29,8,-21,122,143,19
"22","2210",2015,"female","Austrian",-30,-3,3,6,-27,49,76,-3,163,166,8
"22","2210",2015,"female","Foreign",83,67,147,80,16,29,13,-31,103,134,22
"22","2210",2016,"male","Austrian",-21,-6,13,19,-15,37,52,104,239,135,25
"22","2210",2016,"male","Foreign",13,3,103,100,10,26,16,14,144,130,10
"22","2210",2016,"female","Austrian",9,0,8,8,9,70,61,117,265,148,36
"22","2210",2016,"female","Foreign",32,35,128,93,-3,14,17,0,135,135,15
"22","2210",2017,"male","Austrian",-16,-1,13,14,-15,35,50,-2,165,167,21
"22","2210",2017,"male","Foreign",67,46,130,84,21,34,13,18,126,108,10
"22","2210",2017,"female","Austrian",-30,-2,9,11,-28,39,67,29,183,154,13
"22","2210",2017,"female","Foreign",46,43,140,97,3,24,21,7,115,108,11
"22","2210",2018,"male","Austrian",-12,-9,13,22,-3,50,53,51,215,164,28
"22","2210",2018,"male","Foreign",13,-8,106,114,21,40,19,64,190,126,9
"22","2210",2018,"female","Austrian",-20,2,11,9,-22,49,71,103,280,177,28
"22","2210",2018,"female","Foreign",22,24,134,110,-2,20,22,62,182,120,19
"22","2210",2019,"male","Austrian",-23,3,16,13,-26,32,58,27,184,157,28
"22","2210",2019,"male","Foreign",57,42,140,98,15,33,18,-29,134,163,5
"22","2210",2019,"female","Austrian",-37,-8,8,16,-29,40,69,42,184,142,23
"22","2210",2019,"female","Foreign",68,54,136,82,14,24,10,-1,126,127,6
"22","2210",2020,"male","Austrian",-7,-2,13,15,-5,56,61,28,192,164,18
"22","2210",2020,"male","Foreign",4,-4,90,94,8,30,22,10,160,150,20
"22","2210",2020,"female","Austrian",0,3,12,9,-3,65,68,14,213,199,19
"22","2210",2020,"female","Foreign",46,35,119,84,11,24,13,10,163,153,17
"22","2210",2021,"male","Austrian",-21,-9,7,16,-12,40,52,43,196,153,30
"22","2210",2021,"male","Foreign",60,55,140,85,5,29,24,77,197,120,13
"22","2210",2021,"female","Austrian",-29,-7,5,12,-22,48,70,63,209,146,21
"22","2210",2021,"female","Foreign",84,79,163,84,5,24,19,73,189,116,16
"22","2210",2022,"male","Austrian",-35,-3,12,15,-32,47,79,52,200,148,20
"22","2210",2022,"male","Foreign",122,118,205,87,4,39,35,58,193,135,8
"22","2210",2022,"female","Austrian",-16,-2,8,10,-14,67,81,57,210,153,23
"22","2210",2022,"female","Foreign",164,170,280,110,-6,31,37,22,163,141,16
"22","2210",2023,"male","Austrian",15,1,14,13,14,69,55,128,323,195,39
"22","2210",2023,"male","Foreign",138,139,249,110,-1,29,30,79,282,203,28
"22","2210",2023,"female","Austrian",0,3,10,7,-3,68,71,165,342,177,46
"22","2210",2023,"female","Foreign",151,139,248,109,12,38,26,79,273,194,27
"22","2211",2007,"male","Austrian",-25,-5,13,18,-20,49,69,-33,202,235,48
"22","2211",2007,"male","Foreign",15,31,85,54,-16,6,22,5,106,101,21
"22","2211",2007,"female","Austrian",-47,3,7,4,-50,31,81,-29,177,206,58
"22","2211",2007,"female","Foreign",39,46,79,33,-7,8,15,34,117,83,21
"22","2211",2008,"male","Austrian",-40,-9,18,27,-31,44,75,-5,229,234,86
"22","2211",2008,"male","Foreign",33,33,88,55,0,9,9,1,102,101,31
"22","2211",2008,"female","Austrian",-8,-9,8,17,1,55,54,-42,201,243,100
"22","2211",2008,"female","Foreign",49,48,92,44,1,9,8,-1,114,115,38
"22","2211",2009,"male","Austrian",-34,-32,10,42,-2,54,56,-30,183,213,62
"22","2211",2009,"male","Foreign",42,39,109,70,3,9,6,-9,87,96,15
"22","2211",2009,"female","Austrian",-52,-17,9,26,-35,41,76,-20,199,219,50
"22","2211",2009,"female","Foreign",54,46,113,67,8,19,11,-4,93,97,23
"22","2211",2010,"male","Austrian",-16,-8,15,23,-8,56,64,-73,158,231,42
"22","2211",2010,"male","Foreign",19,24,92,68,-5,11,16,4,121,117,20
"22","2211",2010,"female","Austrian",-5,-3,11,14,-2,51,53,-53,142,195,45
"22","2211",2010,"female","Foreign",12,17,68,51,-5,10,15,-9,99,108,20
"22","2211",2011,"male","Austrian",-11,-13,9,22,2,52,50,-5,185,190,46
"22","2211",2011,"male","Foreign",45,44,109,65,1,11,10,-13,94,107,32
"22","2211",2011,"female","Austrian",6,-10,4,14,16,59,43,-30,166,196,45
"22","2211",2011,"female","Foreign",38,39,90,51,-1,9,10,-20,93,113,21
"22","2211",2012,"male","Austrian",-38,-14,20,34,-24,43,67,-53,161,214,50
"22","2211",2012,"male","Foreign",58,57,126,69,1,15,14,10,108,98,17
"22","2211",2012,"female","Austrian",-19,-14,9,23,-5,53,58,4,177,173,37
"22","2211",2012,"female","Foreign",46,45,107,62,1,12,11,22,116,94,24
"22","2211",2013,"male","Austrian",-16,-1,15,16,-15,46,61,-27,162,189,50
"22","2211",2013,"male","Foreign",63,54,130,76,9,19,10,9,130,121,27
"22","2211",2013,"female","Austrian",-13,0,12,12,-13,47,60,-6,163,169,52
"22","2211",2013,"female","Foreign",65,59,120,61,6,16,10,9,133,124,22
"22","2211",2014,"male","Austrian",-24,0,17,17,-24,45,69,-27,172,199,45
"22","2211",2014,"male","Foreign",58,62,154,92,-4,10,14,-21,134,155,29
"22","2211",2014,"female","Austrian",-40,-8,12,20,-32,34,66,0,183,183,39
"22","2211",2014,"female","Foreign",76,76,141,65,0,14,14,-15,135,150,27
"22","2211",2015,"male","Austrian",-39,-15,15,30,-24,43,67,-26,174,200,41
"22","2211",2015,"male","Foreign",63,54,118,64,9,27,18,-12,165,177,25
"22","2211",2015,"female","Austrian",-12,-3,10,13,-9,48,57,-35,170,205,35
"22","2211",2015,"female","Foreign",59,68,124,56,-9,11,20,-17,141,158,17
"22","2211",2016,"male","Austrian",0,2,20,18,-2,51,53,0,185,185,36
"22","2211",2016,"male","Foreign",66,52,141,89,14,50,36,88,249,161,23
"22","2211",2016,"female","Austrian",-20,-8,8,16,-12,51,63,-10,191,201,49
"22","2211",2016,"female","Foreign",71,60,129,69,11,28,17,66,222,156,33
"22","2211",2017,"male","Austrian",-6,-8,16,24,2,58,56,33,205,172,42
"22","2211",2017,"male","Foreign",78,75,174,99,3,25,22,80,279,199,32
"22","2211",2017,"female","Austrian",-19,0,15,15,-19,49,68,-17,187,204,50
"22","2211",2017,"female","Foreign",38,45,135,90,-7,10,17,28,219,191,22
"22","2211",2018,"male","Austrian",-1,-1,18,19,0,57,57,90,269,179,56
"22","2211",2018,"male","Foreign",26,34,124,90,-8,31,39,118,292,174,34
"22","2211",2018,"female","Austrian",-9,4,12,8,-13,48,61,100,265,165,62
"22","2211",2018,"female","Foreign",54,64,147,83,-10,14,24,98,251,153,31
"22","2211",2019,"male","Austrian",-37,3,23,20,-40,51,91,21,199,178,45
"22","2211",2019,"male","Foreign",43,46,141,95,-3,26,29,61,234,173,25
"22","2211",2019,"female","Austrian",-48,-4,7,11,-44,38,82,-7,177,184,36
"22","2211",2019,"female","Foreign",63,63,139,76,0,22,22,47,187,140,38
"22","2211",2020,"male","Austrian",-4,0,16,16,-4,54,58,-63,142,205,43
"22","2211",2020,"male","Foreign",48,40,128,88,8,27,19,-34,169,203,27
"22","2211",2020,"female","Austrian",-26,-6,7,13,-20,41,61,-15,153,168,53
"22","2211",2020,"female","Foreign",55,53,120,67,2,20,18,1,161,160,36
"22","2211",2021,"male","Austrian",-31,-3,14,17,-28,48,76,30,204,174,40
"22","2211",2021,"male","Foreign",18,2,101,99,16,37,21,-22,175,197,39
"22","2211",2021,"female","Austrian",-8,3,10,7,-11,48,59,-9,181,190,43
"22","2211",2021,"female","Foreign",9,9,93,84,0,26,26,11,182,171,37
"22","2211",2022,"male","Austrian",-11,-8,15,23,-3,64,67,40,209,169,37
"22","2211",2022,"male","Foreign",82,86,210,124,-4,34,38,30,224,194,35
"22","2211",2022,"female","Austrian",10,-1,14,15,11,55,44,0,175,175,55
"22","2211",2022,"female","Foreign",171,171,274,103,0,34,34,42,223,181,40
"22","2211",2023,"male","Austrian",-9,-4,14,18,-5,46,51,7,189,182,36
"22","2211",2023,"male","Foreign",48,19,128,109,29,44,15,51,248,197,45
"22","2211",2023,"female","Austrian",-9,3,11,8,-12,37,49,-10,167,177,40
"22","2211",2023,"female","Foreign",57,51,136,85,6,30,24,6,211,205,45
"22","2212",2007,"male","Austrian",-16,-1,3,4,-15,6,21,6,66,60,1
"22","2212",2007,"male","Foreign",-2,-3,12,15,1,1,0,18,30,12,1
"22","2212",2007,"female","Austrian",-22,-5,2,7,-17,6,23,-1,55,56,2
"22","2212",2007,"female","Foreign",-6,-5,7,12,-1,1,2,11,30,19,0
"22","2212",2008,"male","Austrian",-11,-1,4,5,-10,6,16,-6,57,63,4
"22","2212",2008,"male","Foreign",2,6,12,6,-4,1,5,16,42,26,1
"22","2212",2008,"female","Austrian",-15,-4,1,5,-11,7,18,18,63,45,2
"22","2212",2008,"female","Foreign",3,9,14,5,-6,2,8,4,29,25,2
"22","2212",2009,"male","Austrian",-8,2,6,4,-10,6,16,28,79,51,11
"22","2212",2009,"male","Foreign",5,5,10,5,0,4,4,21,40,19,1
"22","2212",2009,"female","Austrian",-12,-1,5,6,-11,9,20,-1,58,59,9
"22","2212",2009,"female","Foreign",9,5,22,17,4,5,1,13,34,21,4
"22","2212",2010,"male","Austrian",-9,-1,7,8,-8,8,16,13,72,59,11
"22","2212",2010,"male","Foreign",7,5,13,8,2,5,3,4,26,22,4
"22","2212",2010,"female","Austrian",-5,1,9,8,-6,10,16,10,58,48,10
"22","2212",2010,"female","Foreign",4,3,12,9,1,5,4,1,26,25,6
"22","2212",2011,"male","Austrian",3,4,8,4,-1,15,16,-7,56,63,10
"22","2212",2011,"male","Foreign",13,14,20,6,-1,2,3,-9,32,41,4
"22","2212",2011,"female","Austrian",-7,-2,1,3,-5,8,13,7,57,50,9
"22","2212",2011,"female","Foreign",13,14,20,6,-1,1,2,0,39,39,2
"22","2212",2012,"male","Austrian",2,1,6,5,1,14,13,-9,59,68,2
"22","2212",2012,"male","Foreign",10,11,19,8,-1,1,2,11,27,16,1
"22","2212",2012,"female","Austrian",-4,-1,3,4,-3,8,11,-14,42,56,4
"22","2212",2012,"female","Foreign",16,16,22,6,0,1,1,13,27,14,2
"22","2212",2013,"male","Austrian",-5,2,3,1,-7,8,15,-6,34,40,0
"22","2212",2013,"male","Foreign",9,11,19,8,-2,1,3,1,23,22,10
"22","2212",2013,"female","Austrian",-9,-3,0,3,-6,8,14,-6,34,40,1
"22","2212",2013,"female","Foreign",11,11,22,11,0,2,2,-4,16,20,6
"22","2212",2014,"male","Austrian",5,1,1,0,4,18,14,19,74,55,1
"22","2212",2014,"male","Foreign",15,15,25,10,0,3,3,21,28,7,1
"22","2212",2014,"female","Austrian",7,1,3,2,6,23,17,-5,52,57,6
"22","2212",2014,"female","Foreign",15,14,24,10,1,2,1,24,31,7,1
"22","2212",2015,"male","Austrian",3,2,5,3,1,16,15,4,56,52,8
"22","2212",2015,"male","Foreign",29,24,36,12,5,9,4,30,53,23,2
"22","2212",2015,"female","Austrian",-4,1,2,1,-5,10,15,4,49,45,5
"22","2212",2015,"female","Foreign",22,17,35,18,5,9,4,31,55,24,1
"22","2212",2016,"male","Austrian",-11,-6,2,8,-5,18,23,-5,59,64,7
"22","2212",2016,"male","Foreign",-4,-6,22,28,2,11,9,9,55,46,2
"22","2212",2016,"female","Austrian",-12,-6,2,8,-6,12,18,9,63,54,2
"22","2212",2016,"female","Foreign",14,17,39,22,-3,10,13,22,58,36,1
"22","2212",2017,"male","Austrian",-8,-1,5,6,-7,9,16,-12,45,57,4
"22","2212",2017,"male","Foreign",4,2,25,23,2,5,3,21,48,27,7
"22","2212",2017,"female","Austrian",3,-3,2,5,6,14,8,-16,47,63,1
"22","2212",2017,"female","Foreign",12,9,28,19,3,6,3,5,46,41,4
"22","2212",2018,"male","Austrian",-17,-5,1,6,-12,9,21,11,56,45,3
"22","2212",2018,"male","Foreign",-2,4,30,26,-6,1,7,18,58,40,1
"22","2212",2018,"female","Austrian",-8,3,5,2,-11,5,16,-9,49,58,4
"22","2212",2018,"female","Foreign",1,1,30,29,0,2,2,21,54,33,2
"22","2212",2019,"male","Austrian",-11,-4,1,5,-7,13,20,20,83,63,2
"22","2212",2019,"male","Foreign",13,15,34,19,-2,4,6,33,77,44,4
"22","2212",2019,"female","Austrian",-5,-3,3,6,-2,17,19,44,100,56,8
"22","2212",2019,"female","Foreign",4,4,28,24,0,5,5,56,81,25,6
"22","2212",2020,"male","Austrian",-7,-3,6,9,-4,21,25,9,70,61,5
"22","2212",2020,"male","Foreign",28,24,41,17,4,10,6,4,51,47,2
"22","2212",2020,"female","Austrian",-5,2,8,6,-7,21,28,8,68,60,4
"22","2212",2020,"female","Foreign",21,21,40,19,0,6,6,13,49,36,5
"22","2212",2021,"male","Austrian",7,5,6,1,2,21,19,-8,61,69,10
"22","2212",2021,"male","Foreign",10,7,25,18,3,7,4,16,59,43,4
"22","2212",2021,"female","Austrian",-6,-1,2,3,-5,18,23,-18,46,64,4
"22","2212",2021,"female","Foreign",-3,-3,22,25,0,3,3,13,54,41,2
"22","2212",2022,"male","Austrian",-13,-2,6,8,-11,16,27,-7,73,80,6
"22","2212",2022,"male","Foreign",28,32,58,26,-4,7,11,23,74,51,1
"22","2212",2022,"female","Austrian",-8,-4,4,8,-4,13,17,-11,69,80,6
"22","2212",2022,"female","Foreign",49,59,82,23,-10,5,15,19,71,52,2
"22","2212",2023,"male","Austrian",-13,-2,3,5,-11,18,29,1,61,60,7
"22","2212",2023,"male","Foreign",13,18,47,29,-5,2,7,10,59,49,4
"22","2212",2023,"female","Austrian",-8,2,4,2,-10,14,24,7,62,55,4
"22","2212",2023,"female","Foreign",20,22,52,30,-2,7,9,20,56,36,6
"22","2213",2007,"male","Austrian",-18,-1,9,10,-17,31,48,41,205,164,23
"22","2213",2007,"male","Foreign",20,17,33,16,3,6,3,2,46,44,4
"22","2213",2007,"female","Austrian",-7,-6,3,9,-1,33,34,62,226,164,12
"22","2213",2007,"female","Foreign",25,23,28,5,2,4,2,21,55,34,7
"22","2213",2008,"male","Austrian",-1,-6,10,16,5,37,32,123,283,160,17
"22","2213",2008,"male","Foreign",14,11,25,14,3,4,1,30,57,27,1
"22","2213",2008,"female","Austrian",-14,-6,3,9,-8,33,41,123,270,147,13
"22","2213",2008,"female","Foreign",19,19,34,15,0,5,5,15,56,41,0
"22","2213",2009,"male","Austrian",-2,1,15,14,-3,33,36,25,167,142,34
"22","2213",2009,"male","Foreign",54,35,57,22,19,25,6,6,73,67,3
"22","2213",2009,"female","Austrian",-11,2,6,4,-13,22,35,-4,154,158,25
"22","2213",2009,"female","Foreign",56,39,49,10,17,20,3,8,67,59,8
"22","2213",2010,"male","Austrian",-14,-4,11,15,-10,24,34,-17,151,168,5
"22","2213",2010,"male","Foreign",-8,-7,35,42,-1,1,2,-21,49,70,3
"22","2213",2010,"female","Austrian",-20,-6,9,15,-14,22,36,-6,128,134,2
"22","2213",2010,"female","Foreign",2,0,23,23,2,5,3,5,47,42,5
"22","2213",2011,"male","Austrian",-5,-6,12,18,1,34,33,8,140,132,13
"22","2213",2011,"male","Foreign",26,20,48,28,6,8,2,52,86,34,0
"22","2213",2011,"female","Austrian",-7,-7,5,12,0,26,26,-29,106,135,11
"22","2213",2011,"female","Foreign",21,21,35,14,0,4,4,50,84,34,3
"22","2213",2012,"male","Austrian",-28,-7,12,19,-21,20,41,-7,139,146,8
"22","2213",2012,"male","Foreign",2,-4,33,37,6,10,4,-2,61,63,2
"22","2213",2012,"female","Austrian",-3,-5,2,7,2,35,33,5,137,132,15
"22","2213",2012,"female","Foreign",26,17,42,25,9,12,3,14,68,54,5
"22","2213",2013,"male","Austrian",-2,9,16,7,-11,24,35,35,176,141,10
"22","2213",2013,"male","Foreign",36,38,59,21,-2,5,7,38,101,63,3
"22","2213",2013,"female","Austrian",-12,5,8,3,-17,35,52,-11,127,138,3
"22","2213",2013,"female","Foreign",26,27,47,20,-1,3,4,53,109,56,3
"22","2213",2014,"male","Austrian",-23,-5,11,16,-18,31,49,-14,133,147,16
"22","2213",2014,"male","Foreign",27,31,64,33,-4,8,12,51,97,46,3
"22","2213",2014,"female","Austrian",-19,-8,4,12,-11,39,50,-36,112,148,9
"22","2213",2014,"female","Foreign",54,41,66,25,13,18,5,70,105,35,3
"22","2213",2015,"male","Austrian",-21,-6,6,12,-15,27,42,-61,101,162,11
"22","2213",2015,"male","Foreign",10,13,57,44,-3,5,8,4,97,93,8
"22","2213",2015,"female","Austrian",-21,-1,6,7,-20,18,38,-74,109,183,11
"22","2213",2015,"female","Foreign",10,8,46,38,2,9,7,-15,79,94,14
"22","2213",2016,"male","Austrian",-23,-11,7,18,-12,33,45,-16,129,145,3
"22","2213",2016,"male","Foreign",17,17,58,41,0,9,9,43,115,72,0
"22","2213",2016,"female","Austrian",-13,-10,4,14,-3,34,37,-7,118,125,3
"22","2213",2016,"female","Foreign",21,21,46,25,0,9,9,34,108,74,2
"22","2213",2017,"male","Austrian",-21,-4,7,11,-17,36,53,34,171,137,8
"22","2213",2017,"male","Foreign",17,24,54,30,-7,11,18,52,157,105,3
"22","2213",2017,"female","Austrian",-11,-12,2,14,1,36,35,41,179,138,16
"22","2213",2017,"female","Foreign",8,13,55,42,-5,10,15,28,122,94,3
"22","2213",2018,"male","Austrian",-14,-3,10,13,-11,32,43,34,147,113,6
"22","2213",2018,"male","Foreign",26,24,83,59,2,14,12,70,164,94,10
"22","2213",2018,"female","Austrian",-24,-2,6,8,-22,30,52,8,129,121,9
"22","2213",2018,"female","Foreign",45,43,73,30,2,12,10,54,145,91,6
"22","2213",2019,"male","Austrian",-12,-7,11,18,-5,33,38,-38,131,169,6
"22","2213",2019,"male","Foreign",16,17,78,61,-1,10,11,22,126,104,7
"22","2213",2019,"female","Austrian",-12,-2,13,15,-10,26,36,-16,137,153,11
"22","2213",2019,"female","Foreign",41,35,74,39,6,16,10,22,107,85,9
"22","2213",2020,"male","Austrian",-10,3,8,5,-13,31,44,22,139,117,9
"22","2213",2020,"male","Foreign",36,23,74,51,13,20,7,65,176,111,9
"22","2213",2020,"female","Austrian",-10,-2,8,10,-8,23,31,-42,99,141,19
"22","2213",2020,"female","Foreign",33,22,67,45,11,17,6,27,144,117,6
"22","2213",2021,"male","Austrian",-28,-2,10,12,-26,35,61,-5,126,131,2
"22","2213",2021,"male","Foreign",28,30,81,51,-2,19,21,50,169,119,9
"22","2213",2021,"female","Austrian",-3,3,11,8,-6,40,46,-23,124,147,12
"22","2213",2021,"female","Foreign",21,19,66,47,2,21,19,42,158,116,11
"22","2213",2022,"male","Austrian",2,-3,15,18,5,39,34,-22,136,158,17
"22","2213",2022,"male","Foreign",84,58,114,56,26,38,12,47,195,148,6
"22","2213",2022,"female","Austrian",2,1,11,10,1,46,45,-45,116,161,18
"22","2213",2022,"female","Foreign",101,98,136,38,3,22,19,58,183,125,9
"22","2213",2023,"male","Austrian",-25,2,8,6,-27,21,48,-39,126,165,7
"22","2213",2023,"male","Foreign",32,26,74,48,6,21,15,13,164,151,8
"22","2213",2023,"female","Austrian",-16,-5,3,8,-11,26,37,-69,116,185,6
"22","2213",2023,"female","Foreign",42,34,93,59,8,23,15,36,167,131,13
"22","2214",2007,"male","Austrian",0,0,3,3,0,18,18,92,157,65,16
"22","2214",2007,"male","Foreign",1,2,6,4,-1,1,2,17,27,10,1
"22","2214",2007,"female","Austrian",-1,-1,0,1,0,12,12,98,156,58,9
"22","2214",2007,"female","Foreign",5,4,6,2,1,2,1,24,27,3,1
"22","2214",2008,"male","Austrian",13,3,8,5,10,18,8,122,188,66,9
"22","2214",2008,"male","Foreign",-4,-6,4,10,2,3,1,2,12,10,0
"22","2214",2008,"female","Austrian",5,0,1,1,5,18,13,75,151,76,7
"22","2214",2008,"female","Foreign",5,4,6,2,1,1,0,22,29,7,0
"22","2214",2009,"male","Austrian",9,-5,5,10,14,28,14,143,206,63,4
"22","2214",2009,"male","Foreign",-4,-4,3,7,0,1,1,32,47,15,1
"22","2214",2009,"female","Austrian",14,1,2,1,13,35,22,134,217,83,11
"22","2214",2009,"female","Foreign",12,9,14,5,3,4,1,36,47,11,0
"22","2214",2010,"male","Austrian",15,8,15,7,7,28,21,-28,72,100,11
"22","2214",2010,"male","Foreign",0,0,10,10,0,0,0,13,19,6,0
"22","2214",2010,"female","Austrian",-8,-6,2,8,-2,22,24,2,103,101,14
"22","2214",2010,"female","Foreign",13,11,16,5,2,3,1,6,18,12,2
"22","2214",2011,"male","Austrian",-4,-5,4,9,1,18,17,22,94,72,13
"22","2214",2011,"male","Foreign",7,7,14,7,0,0,0,3,12,9,1
"22","2214",2011,"female","Austrian",-5,0,2,2,-5,24,29,-14,74,88,17
"22","2214",2011,"female","Foreign",6,8,13,5,-2,3,5,10,17,7,0
"22","2214",2012,"male","Austrian",-13,2,8,6,-15,17,32,-14,89,103,21
"22","2214",2012,"male","Foreign",13,14,17,3,-1,2,3,8,22,14,1
"22","2214",2012,"female","Austrian",1,-3,3,6,4,27,23,3,84,81,22
"22","2214",2012,"female","Foreign",11,9,17,8,2,3,1,12,23,11,1
"22","2214",2013,"male","Austrian",-20,4,8,4,-24,13,37,14,86,72,10
"22","2214",2013,"male","Foreign",1,1,11,10,0,2,2,13,29,16,3
"22","2214",2013,"female","Austrian",-13,1,3,2,-14,10,24,27,94,67,6
"22","2214",2013,"female","Foreign",6,5,10,5,1,1,0,7,22,15,2
"22","2214",2014,"male","Austrian",-1,-5,2,7,4,27,23,-15,76,91,16
"22","2214",2014,"male","Foreign",5,5,18,13,0,3,3,7,29,22,0
"22","2214",2014,"female","Austrian",-12,-4,0,4,-8,16,24,-11,75,86,5
"22","2214",2014,"female","Foreign",12,13,21,8,-1,0,1,7,25,18,0
"22","2214",2015,"male","Austrian",-6,2,5,3,-8,14,22,-28,73,101,10
"22","2214",2015,"male","Foreign",0,4,11,7,-4,2,6,12,28,16,1
"22","2214",2015,"female","Austrian",-20,-2,1,3,-18,12,30,-28,75,103,12
"22","2214",2015,"female","Foreign",6,9,13,4,-3,2,5,16,38,22,3
"22","2214",2016,"male","Austrian",-12,0,5,5,-12,16,28,1,82,81,4
"22","2214",2016,"male","Foreign",4,0,10,10,4,4,0,7,30,23,1
"22","2214",2016,"female","Austrian",-8,0,2,2,-8,15,23,-10,72,82,13
"22","2214",2016,"female","Foreign",0,3,15,12,-3,3,6,9,29,20,3
"22","2214",2017,"male","Austrian",-25,-4,1,5,-21,11,32,5,94,89,14
"22","2214",2017,"male","Foreign",4,8,15,7,-4,2,6,6,35,29,0
"22","2214",2017,"female","Austrian",-13,5,6,1,-18,16,34,-16,76,92,9
"22","2214",2017,"female","Foreign",-12,0,13,13,-12,0,12,13,38,25,1
"22","2214",2018,"male","Austrian",-21,-2,3,5,-19,16,35,5,82,77,10
"22","2214",2018,"male","Foreign",-6,-2,8,10,-4,0,4,23,43,20,3
"22","2214",2018,"female","Austrian",-17,-3,1,4,-14,20,34,39,108,69,8
"22","2214",2018,"female","Foreign",0,0,9,9,0,1,1,17,34,17,7
"22","2214",2019,"male","Austrian",-21,3,4,1,-24,10,34,10,86,76,21
"22","2214",2019,"male","Foreign",0,2,10,8,-2,2,4,31,46,15,2
"22","2214",2019,"female","Austrian",-27,-6,1,7,-21,10,31,7,88,81,20
"22","2214",2019,"female","Foreign",-3,8,18,10,-11,2,13,11,39,28,2
"22","2214",2020,"male","Austrian",-10,-1,3,4,-9,9,18,8,79,71,14
"22","2214",2020,"male","Foreign",-3,1,7,6,-4,6,10,6,21,15,2
"22","2214",2020,"female","Austrian",-10,-1,3,4,-9,16,25,-27,69,96,8
"22","2214",2020,"female","Foreign",-4,0,9,9,-4,5,9,6,21,15,1
"22","2214",2021,"male","Austrian",-5,-2,1,3,-3,17,20,-11,67,78,12
"22","2214",2021,"male","Foreign",10,10,13,3,0,4,4,11,29,18,1
"22","2214",2021,"female","Austrian",-11,-5,0,5,-6,11,17,6,75,69,14
"22","2214",2021,"female","Foreign",5,4,7,3,1,4,3,14,24,10,1
"22","2214",2022,"male","Austrian",-5,-1,2,3,-4,21,25,19,101,82,5
"22","2214",2022,"male","Foreign",8,11,17,6,-3,1,4,9,28,19,4
"22","2214",2022,"female","Austrian",-8,0,5,5,-8,10,18,-14,73,87,8
"22","2214",2022,"female","Foreign",9,16,24,8,-7,0,7,7,35,28,3
"22","2214",2023,"male","Austrian",-14,-4,4,8,-10,13,23,2,82,80,9
"22","2214",2023,"male","Foreign",-3,-1,12,13,-2,1,3,0,28,28,2
"22","2214",2023,"female","Austrian",-9,1,5,4,-10,10,20,-20,60,80,15
"22","2214",2023,"female","Foreign",9,10,18,8,-1,2,3,2,25,23,2
"22","2215",2007,"male","Austrian",-33,-20,11,31,-13,36,49,94,264,170,25
"22","2215",2007,"male","Foreign",11,12,36,24,-1,6,7,16,70,54,4
"22","2215",2007,"female","Austrian",-42,-19,4,23,-23,33,56,74,262,188,26
"22","2215",2007,"female","Foreign",23,24,43,19,-1,3,4,18,85,67,8
"22","2215",2008,"male","Austrian",14,7,28,21,7,37,30,26,216,190,21
"22","2215",2008,"male","Foreign",2,1,37,36,1,7,6,32,85,53,6
"22","2215",2008,"female","Austrian",-42,-20,7,27,-22,28,50,-31,186,217,27
"22","2215",2008,"female","Foreign",12,12,38,26,0,8,8,31,78,47,3
"22","2215",2009,"male","Austrian",-17,2,19,17,-19,34,53,6,202,196,26
"22","2215",2009,"male","Foreign",15,14,33,19,1,6,5,30,89,59,5
"22","2215",2009,"female","Austrian",-13,1,9,8,-14,23,37,0,164,164,21
"22","2215",2009,"female","Foreign",27,21,41,20,6,10,4,26,85,59,7
"22","2215",2010,"male","Austrian",-16,-4,18,22,-12,27,39,34,192,158,13
"22","2215",2010,"male","Foreign",19,21,52,31,-2,5,7,8,70,62,0
"22","2215",2010,"female","Austrian",-17,-6,7,13,-11,33,44,-4,151,155,11
"22","2215",2010,"female","Foreign",20,17,40,23,3,9,6,-1,61,62,4
"22","2215",2011,"male","Austrian",-4,-3,19,22,-1,36,37,-5,156,161,28
"22","2215",2011,"male","Foreign",-1,-2,33,35,1,4,3,30,96,66,3
"22","2215",2011,"female","Austrian",-21,-3,11,14,-18,25,43,-3,158,161,23
"22","2215",2011,"female","Foreign",5,6,35,29,-1,4,5,6,80,74,5
"22","2215",2012,"male","Austrian",-35,-9,12,21,-26,32,58,2,167,165,21
"22","2215",2012,"male","Foreign",26,24,54,30,2,7,5,22,93,71,1
"22","2215",2012,"female","Austrian",-12,-8,6,14,-4,36,40,-13,143,156,21
"22","2215",2012,"female","Foreign",23,25,52,27,-2,5,7,17,80,63,1
"22","2215",2013,"male","Austrian",-5,2,15,13,-7,25,32,22,188,166,9
"22","2215",2013,"male","Foreign",22,21,48,27,1,9,8,43,108,65,4
"22","2215",2013,"female","Austrian",-13,2,7,5,-15,33,48,-6,157,163,13
"22","2215",2013,"female","Foreign",17,19,40,21,-2,4,6,50,121,71,4
"22","2215",2014,"male","Austrian",-22,-7,10,17,-15,23,38,-16,147,163,19
"22","2215",2014,"male","Foreign",33,25,51,26,8,16,8,41,97,56,7
"22","2215",2014,"female","Austrian",-9,-5,6,11,-4,29,33,-15,137,152,16
"22","2215",2014,"female","Foreign",35,35,59,24,0,3,3,54,109,55,8
"22","2215",2015,"male","Austrian",-24,-4,15,19,-20,25,45,-62,120,182,11
"22","2215",2015,"male","Foreign",49,40,75,35,9,19,10,1,104,103,2
"22","2215",2015,"female","Austrian",-36,-13,3,16,-23,25,48,-23,119,142,10
"22","2215",2015,"female","Foreign",15,20,61,41,-5,5,10,38,111,73,2
"22","2215",2016,"male","Austrian",-26,-5,14,19,-21,23,44,-39,129,168,27
"22","2215",2016,"male","Foreign",12,6,54,48,6,16,10,29,101,72,4
"22","2215",2016,"female","Austrian",-22,-4,8,12,-18,25,43,-56,106,162,14
"22","2215",2016,"female","Foreign",2,5,42,37,-3,3,6,11,89,78,5
"22","2215",2017,"male","Austrian",-30,-12,6,18,-18,21,39,29,174,145,11
"22","2215",2017,"male","Foreign",20,15,50,35,5,21,16,66,161,95,10
"22","2215",2017,"female","Austrian",-20,-6,5,11,-14,25,39,0,161,161,9
"22","2215",2017,"female","Foreign",20,15,45,30,5,14,9,114,199,85,18
"22","2215",2018,"male","Austrian",-24,-3,11,14,-21,22,43,-3,142,145,12
"22","2215",2018,"male","Foreign",-6,0,36,36,-6,7,13,89,171,82,5
"22","2215",2018,"female","Austrian",-37,1,8,7,-38,13,51,-51,141,192,14
"22","2215",2018,"female","Foreign",9,7,37,30,2,7,5,104,187,83,13
"22","2215",2019,"male","Austrian",-35,2,13,11,-37,21,58,-3,170,173,12
"22","2215",2019,"male","Foreign",2,-1,36,37,3,16,13,105,187,82,6
"22","2215",2019,"female","Austrian",-29,3,11,8,-32,22,54,-19,169,188,11
"22","2215",2019,"female","Foreign",2,7,33,26,-5,8,13,114,191,77,6
"22","2215",2020,"male","Austrian",-29,1,7,6,-30,23,53,-44,122,166,17
"22","2215",2020,"male","Foreign",-12,-11,22,33,-1,4,5,63,153,90,12
"22","2215",2020,"female","Austrian",-28,-5,7,12,-23,26,49,-32,131,163,10
"22","2215",2020,"female","Foreign",12,10,29,19,2,7,5,39,130,91,4
"22","2215",2021,"male","Austrian",-12,2,9,7,-14,20,34,-35,128,163,16
"22","2215",2021,"male","Foreign",-8,3,25,22,-11,13,24,87,185,98,2
"22","2215",2021,"female","Austrian",-25,1,5,4,-26,23,49,-32,134,166,20
"22","2215",2021,"female","Foreign",-16,-2,25,27,-14,6,20,96,187,91,4
"22","2215",2022,"male","Austrian",-21,-13,7,20,-8,44,52,4,169,165,16
"22","2215",2022,"male","Foreign",4,3,51,48,1,19,18,90,172,82,4
"22","2215",2022,"female","Austrian",-28,-1,7,8,-27,23,50,-25,143,168,8
"22","2215",2022,"female","Foreign",18,36,78,42,-18,6,24,105,187,82,2
"22","2215",2023,"male","Austrian",-35,-17,7,24,-18,29,47,-31,128,159,12
"22","2215",2023,"male","Foreign",-3,-12,28,40,9,21,12,105,211,106,6
"22","2215",2023,"female","Austrian",-34,-7,2,9,-27,17,44,-29,115,144,13
"22","2215",2023,"female","Foreign",19,12,37,25,7,25,18,76,187,111,4
"22","2216",2007,"male","Austrian",7,-1,0,1,8,14,6,34,57,23,1
"22","2216",2007,"male","Foreign",4,4,5,1,0,0,0,6,13,7,0
"22","2216",2007,"female","Austrian",3,-1,0,1,4,13,9,35,57,22,2
"22","2216",2007,"female","Foreign",1,1,3,2,0,0,0,5,10,5,0
"22","2216",2008,"male","Austrian",0,1,1,0,-1,4,5,1,27,26,4
"22","2216",2008,"male","Foreign",7,7,10,3,0,1,1,5,10,5,0
"22","2216",2008,"female","Austrian",0,2,3,1,-2,1,3,3,27,24,4
"22","2216",2008,"female","Foreign",1,2,2,0,-1,0,1,4,6,2,0
"22","2216",2009,"male","Austrian",-2,5,6,1,-7,3,10,-11,32,43,0
"22","2216",2009,"male","Foreign",2,1,5,4,1,3,2,-9,2,11,0
"22","2216",2009,"female","Austrian",-3,1,1,0,-4,3,7,-3,23,26,2
"22","2216",2009,"female","Foreign",1,1,1,0,0,0,0,-5,4,9,0
"22","2216",2010,"male","Austrian",-5,-1,0,1,-4,2,6,-4,23,27,0
"22","2216",2010,"male","Foreign",-15,-16,6,22,1,1,0,-3,9,12,0
"22","2216",2010,"female","Austrian",-5,-3,0,3,-2,3,5,2,22,20,1
"22","2216",2010,"female","Foreign",0,1,4,3,-1,0,1,-2,2,4,0
"22","2216",2011,"male","Austrian",2,-1,1,2,3,6,3,3,25,22,0
"22","2216",2011,"male","Foreign",-1,1,12,11,-2,0,2,-2,6,8,0
"22","2216",2011,"female","Austrian",1,3,3,0,-2,2,4,-10,16,26,0
"22","2216",2011,"female","Foreign",-1,1,4,3,-2,0,2,4,7,3,0
"22","2216",2012,"male","Austrian",2,0,1,1,2,7,5,-22,16,38,2
"22","2216",2012,"male","Foreign",-1,5,14,9,-6,0,6,7,12,5,0
"22","2216",2012,"female","Austrian",0,0,0,0,0,3,3,-11,20,31,1
"22","2216",2012,"female","Foreign",0,1,1,0,-1,0,1,-1,4,5,0
"22","2216",2013,"male","Austrian",-6,-1,1,2,-5,7,12,-1,17,18,1
"22","2216",2013,"male","Foreign",-1,0,8,8,-1,0,1,3,9,6,0
"22","2216",2013,"female","Austrian",-5,-1,0,1,-4,3,7,-1,15,16,2
"22","2216",2013,"female","Foreign",-2,-1,1,2,-1,1,2,3,5,2,0
"22","2216",2014,"male","Austrian",8,3,3,0,5,12,7,105,128,23,10
"22","2216",2014,"male","Foreign",3,2,7,5,1,3,2,29,34,5,2
"22","2216",2014,"female","Austrian",5,2,2,0,3,9,6,140,156,16,8
"22","2216",2014,"female","Foreign",5,3,5,2,2,5,3,23,25,2,0
"22","2216",2015,"male","Austrian",6,4,6,2,2,17,15,166,196,30,10
"22","2216",2015,"male","Foreign",17,9,14,5,8,10,2,37,51,14,2
"22","2216",2015,"female","Austrian",0,4,4,0,-4,17,21,196,214,18,2
"22","2216",2015,"female","Foreign",20,13,13,0,7,7,0,49,50,1,1
"22","2216",2016,"male","Austrian",-12,-5,1,6,-7,6,13,8,41,33,3
"22","2216",2016,"male","Foreign",19,19,30,11,0,3,3,63,89,26,0
"22","2216",2016,"female","Austrian",-9,-2,0,2,-7,7,14,2,40,38,1
"22","2216",2016,"female","Foreign",-3,-3,5,8,0,1,1,4,13,9,0
"22","2216",2017,"male","Austrian",-6,1,3,2,-7,7,14,9,56,47,0
"22","2216",2017,"male","Foreign",0,-4,5,9,4,6,2,13,40,27,0
"22","2216",2017,"female","Austrian",-20,-6,1,7,-14,6,20,-5,32,37,3
"22","2216",2017,"female","Foreign",7,8,14,6,-1,0,1,9,24,15,0
"22","2216",2018,"male","Austrian",7,2,4,2,5,9,4,-6,36,42,1
"22","2216",2018,"male","Foreign",-6,-5,10,15,-1,2,3,7,50,43,0
"22","2216",2018,"female","Austrian",-4,1,1,0,-5,3,8,-3,40,43,0
"22","2216",2018,"female","Foreign",-1,0,5,5,-1,0,1,9,23,14,0
"22","2216",2019,"male","Austrian",4,-2,0,2,6,14,8,-1,44,45,8
"22","2216",2019,"male","Foreign",1,3,16,13,-2,3,5,34,81,47,1
"22","2216",2019,"female","Austrian",-3,-1,0,1,-2,8,10,32,66,34,7
"22","2216",2019,"female","Foreign",8,9,11,2,-1,1,2,25,36,11,1
"22","2216",2020,"male","Austrian",6,3,4,1,3,18,15,17,64,47,5
"22","2216",2020,"male","Foreign",3,-3,9,12,6,11,5,33,85,52,1
"22","2216",2020,"female","Austrian",-7,3,4,1,-10,15,25,-2,49,51,5
"22","2216",2020,"female","Foreign",11,8,10,2,3,8,5,39,59,20,0
"22","2216",2021,"male","Austrian",-18,-1,1,2,-17,7,24,-4,53,57,2
"22","2216",2021,"male","Foreign",7,3,10,7,4,11,7,-5,55,60,5
"22","2216",2021,"female","Austrian",-20,1,3,2,-21,7,28,3,48,45,4
"22","2216",2021,"female","Foreign",-6,-3,4,7,-3,1,4,3,26,23,2
"22","2216",2022,"male","Austrian",-11,-1,3,4,-10,13,23,6,65,59,6
"22","2216",2022,"male","Foreign",19,12,29,17,7,17,10,14,89,75,1
"22","2216",2022,"female","Austrian",-9,-3,0,3,-6,16,22,8,62,54,6
"22","2216",2022,"female","Foreign",17,19,24,5,-2,1,3,10,38,28,0
"22","2216",2023,"male","Austrian",-12,-4,0,4,-8,13,21,-23,38,61,10
"22","2216",2023,"male","Foreign",27,18,26,8,9,15,6,10,82,72,3
"22","2216",2023,"female","Austrian",-11,-1,1,2,-10,7,17,-23,27,50,4
"22","2216",2023,"female","Foreign",9,12,20,8,-3,3,6,3,29,26,4
"22","2217",2007,"male","Austrian",1,-1,0,1,2,5,3,16,36,20,2
"22","2217",2007,"male","Foreign",-1,-1,2,3,0,0,0,0,1,1,0
"22","2217",2007,"female","Austrian",7,3,3,0,4,4,0,20,42,22,3
"22","2217",2007,"female","Foreign",1,0,2,2,1,1,0,2,3,1,0
"22","2217",2008,"male","Austrian",3,1,1,0,2,4,2,23,45,22,6
"22","2217",2008,"male","Foreign",1,1,7,6,0,0,0,1,6,5,0
"22","2217",2008,"female","Austrian",-5,-1,1,2,-4,5,9,17,35,18,7
"22","2217",2008,"female","Foreign",0,0,6,6,0,0,0,5,8,3,0
"22","2217",2009,"male","Austrian",3,2,2,0,1,6,5,9,25,16,8
"22","2217",2009,"male","Foreign",1,1,5,4,0,0,0,1,4,3,0
"22","2217",2009,"female","Austrian",2,1,1,0,1,5,4,20,39,19,6
"22","2217",2009,"female","Foreign",3,2,2,0,1,1,0,2,5,3,0
"22","2217",2010,"male","Austrian",6,-1,4,5,7,9,2,15,33,18,2
"22","2217",2010,"male","Foreign",1,1,4,3,0,0,0,8,10,2,0
"22","2217",2010,"female","Austrian",0,1,1,0,-1,2,3,22,41,19,6
"22","2217",2010,"female","Foreign",4,4,9,5,0,1,1,2,9,7,0
"22","2217",2011,"male","Austrian",5,-1,2,3,6,11,5,150,169,19,6
"22","2217",2011,"male","Foreign",3,6,7,1,-3,1,4,14,17,3,0
"22","2217",2011,"female","Austrian",4,-3,0,3,7,14,7,137,164,27,7
"22","2217",2011,"female","Foreign",4,6,9,3,-2,0,2,14,19,5,0
"22","2217",2012,"male","Austrian",3,1,2,1,2,10,8,23,53,30,3
"22","2217",2012,"male","Foreign",6,6,10,4,0,0,0,1,6,5,0
"22","2217",2012,"female","Austrian",5,-1,0,1,6,12,6,28,57,29,1
"22","2217",2012,"female","Foreign",9,8,11,3,1,1,0,-3,6,9,0
"22","2217",2013,"male","Austrian",3,1,3,2,2,4,2,22,39,17,0
"22","2217",2013,"male","Foreign",5,5,8,3,0,0,0,1,5,4,2
"22","2217",2013,"female","Austrian",-6,2,2,0,-8,0,8,18,37,19,2
"22","2217",2013,"female","Foreign",3,0,5,5,3,3,0,4,9,5,0
"22","2217",2014,"male","Austrian",6,2,4,2,4,17,13,14,36,22,5
"22","2217",2014,"male","Foreign",69,68,72,4,1,1,0,38,43,5,0
"22","2217",2014,"female","Austrian",12,2,3,1,10,15,5,6,26,20,2
"22","2217",2014,"female","Foreign",58,55,59,4,3,3,0,24,29,5,2
"22","2217",2015,"male","Austrian",-2,-1,2,3,-1,12,13,9,39,30,8
"22","2217",2015,"male","Foreign",72,68,116,48,4,10,6,-14,67,81,1
"22","2217",2015,"female","Austrian",8,1,3,2,7,13,6,-1,30,31,5
"22","2217",2015,"female","Foreign",53,49,93,44,4,7,3,-30,27,57,1
"22","2217",2016,"male","Austrian",7,1,4,3,6,15,9,-7,25,32,6
"22","2217",2016,"male","Foreign",37,36,101,65,1,9,8,6,99,93,0
"22","2217",2016,"female","Austrian",7,-1,2,3,8,13,5,15,40,25,4
"22","2217",2016,"female","Foreign",52,53,96,43,-1,4,5,-26,35,61,1
"22","2217",2017,"male","Austrian",13,0,0,0,13,25,12,22,45,23,9
"22","2217",2017,"male","Foreign",40,44,123,79,-4,4,8,-50,53,103,2
"22","2217",2017,"female","Austrian",-1,-1,1,2,0,10,10,21,42,21,2
"22","2217",2017,"female","Foreign",72,69,122,53,3,7,4,-24,41,65,9
"22","2217",2018,"male","Austrian",7,3,4,1,4,11,7,-4,39,43,3
"22","2217",2018,"male","Foreign",32,34,127,93,-2,4,6,-13,47,60,5
"22","2217",2018,"female","Austrian",2,0,0,0,2,15,13,1,40,39,5
"22","2217",2018,"female","Foreign",81,78,147,69,3,5,2,-11,59,70,4
"22","2217",2019,"male","Austrian",2,2,3,1,0,13,13,-8,30,38,13
"22","2217",2019,"male","Foreign",37,32,119,87,5,8,3,-16,68,84,3
"22","2217",2019,"female","Austrian",5,-3,0,3,8,20,12,-7,39,46,3
"22","2217",2019,"female","Foreign",67,67,148,81,0,4,4,-46,52,98,5
"22","2217",2020,"male","Austrian",-4,4,5,1,-8,12,20,20,53,33,9
"22","2217",2020,"male","Foreign",10,9,82,73,1,7,6,-26,67,93,6
"22","2217",2020,"female","Austrian",-4,-2,0,2,-2,11,13,-1,48,49,2
"22","2217",2020,"female","Foreign",17,17,100,83,0,5,5,-41,43,84,4
"22","2217",2021,"male","Austrian",-3,-2,3,5,-1,16,17,8,47,39,4
"22","2217",2021,"male","Foreign",34,32,95,63,2,7,5,-2,77,79,6
"22","2217",2021,"female","Austrian",-3,0,2,2,-3,13,16,6,41,35,7
"22","2217",2021,"female","Foreign",41,41,94,53,0,7,7,-30,42,72,8
"22","2217",2022,"male","Austrian",9,5,6,1,4,17,13,46,77,31,9
"22","2217",2022,"male","Foreign",82,73,131,58,9,14,5,-55,62,117,9
"22","2217",2022,"female","Austrian",13,5,5,0,8,13,5,26,65,39,10
"22","2217",2022,"female","Foreign",126,122,187,65,4,11,7,-52,68,120,14
"22","2217",2023,"male","Austrian",5,0,3,3,5,21,16,26,59,33,10
"22","2217",2023,"male","Foreign",53,51,129,78,2,8,6,-13,101,114,16
"22","2217",2023,"female","Austrian",6,1,2,1,5,17,12,35,79,44,5
"22","2217",2023,"female","Foreign",60,62,137,75,-2,3,5,-18,98,116,16
"22","2218",2007,"male","Austrian",-20,0,6,6,-20,16,36,-1,132,133,16
"22","2218",2007,"male","Foreign",8,6,10,4,2,2,0,3,25,22,0
"22","2218",2007,"female","Austrian",-20,-3,3,6,-17,13,30,-1,142,143,21
"22","2218",2007,"female","Foreign",9,8,13,5,1,2,1,12,31,19,0
"22","2218",2008,"male","Austrian",-36,-9,4,13,-27,17,44,16,150,134,16
"22","2218",2008,"male","Foreign",-4,-1,4,5,-3,2,5,18,33,15,0
"22","2218",2008,"female","Austrian",-9,1,3,2,-10,21,31,2,128,126,13
"22","2218",2008,"female","Foreign",-2,3,11,8,-5,4,9,16,40,24,0
"22","2218",2009,"male","Austrian",14,-6,5,11,20,38,18,92,215,123,21
"22","2218",2009,"male","Foreign",12,6,11,5,6,6,0,13,40,27,1
"22","2218",2009,"female","Austrian",12,-4,3,7,16,44,28,40,175,135,22
"22","2218",2009,"female","Foreign",7,5,14,9,2,4,2,22,47,25,1
"22","2218",2010,"male","Austrian",-5,0,7,7,-5,21,26,-18,115,133,12
"22","2218",2010,"male","Foreign",6,7,14,7,-1,3,4,16,31,15,2
"22","2218",2010,"female","Austrian",10,0,4,4,10,34,24,-13,114,127,14
"22","2218",2010,"female","Foreign",0,1,8,7,-1,1,2,10,31,21,2
"22","2218",2011,"male","Austrian",5,-3,3,6,8,36,28,154,293,139,30
"22","2218",2011,"male","Foreign",4,1,12,11,3,4,1,24,40,16,3
"22","2218",2011,"female","Austrian",2,-6,2,8,8,44,36,188,306,118,31
"22","2218",2011,"female","Foreign",11,6,11,5,5,6,1,32,47,15,2
"22","2218",2012,"male","Austrian",9,-1,6,7,10,37,27,24,138,114,13
"22","2218",2012,"male","Foreign",-1,1,10,9,-2,0,2,17,37,20,0
"22","2218",2012,"female","Austrian",-7,3,6,3,-10,26,36,34,144,110,20
"22","2218",2012,"female","Foreign",9,9,19,10,0,3,3,14,36,22,1
"22","2218",2013,"male","Austrian",-15,-6,4,10,-9,16,25,-28,98,126,9
"22","2218",2013,"male","Foreign",11,12,22,10,-1,2,3,4,34,30,1
"22","2218",2013,"female","Austrian",-16,-3,3,6,-13,20,33,-5,102,107,6
"22","2218",2013,"female","Foreign",7,13,20,7,-6,1,7,-1,30,31,3
"22","2218",2014,"male","Austrian",10,3,6,3,7,46,39,156,279,123,12
"22","2218",2014,"male","Foreign",18,7,18,11,11,13,2,55,77,22,8
"22","2218",2014,"female","Austrian",-13,-3,5,8,-10,30,40,173,301,128,18
"22","2218",2014,"female","Foreign",13,8,16,8,5,11,6,79,105,26,2
"22","2218",2015,"male","Austrian",-16,-3,5,8,-13,24,37,-4,118,122,13
"22","2218",2015,"male","Foreign",9,8,21,13,1,7,6,12,51,39,0
"22","2218",2015,"female","Austrian",-10,2,5,3,-12,29,41,-33,88,121,12
"22","2218",2015,"female","Foreign",12,16,24,8,-4,1,5,10,45,35,0
"22","2218",2016,"male","Austrian",-35,-8,6,14,-27,29,56,116,241,125,24
"22","2218",2016,"male","Foreign",2,5,21,16,-3,4,7,63,88,25,3
"22","2218",2016,"female","Austrian",-30,-3,5,8,-27,28,55,144,259,115,34
"22","2218",2016,"female","Foreign",4,5,17,12,-1,5,6,64,92,28,6
"22","2218",2017,"male","Austrian",-11,6,12,6,-17,22,39,19,139,120,24
"22","2218",2017,"male","Foreign",12,5,22,17,7,11,4,35,91,56,3
"22","2218",2017,"female","Austrian",-20,4,9,5,-24,17,41,-8,141,149,31
"22","2218",2017,"female","Foreign",1,3,15,12,-2,2,4,50,79,29,2
"22","2218",2018,"male","Austrian",-17,1,7,6,-18,25,43,12,134,122,11
"22","2218",2018,"male","Foreign",2,6,17,11,-4,3,7,45,77,32,0
"22","2218",2018,"female","Austrian",-22,3,9,6,-25,19,44,2,122,120,6
"22","2218",2018,"female","Foreign",4,8,19,11,-4,0,4,26,68,42,0
"22","2218",2019,"male","Austrian",0,2,10,8,-2,42,44,75,222,147,32
"22","2218",2019,"male","Foreign",-7,-1,19,20,-6,5,11,52,86,34,5
"22","2218",2019,"female","Austrian",8,2,3,1,6,45,39,53,207,154,38
"22","2218",2019,"female","Foreign",14,16,31,15,-2,2,4,73,104,31,5
"22","2218",2020,"male","Austrian",-24,-5,9,14,-19,20,39,16,134,118,13
"22","2218",2020,"male","Foreign",-8,-5,9,14,-3,5,8,18,47,29,2
"22","2218",2020,"female","Austrian",-32,-7,1,8,-25,25,50,-17,118,135,13
"22","2218",2020,"female","Foreign",-15,-11,6,17,-4,0,4,24,57,33,1
"22","2218",2021,"male","Austrian",-34,-3,3,6,-31,20,51,0,162,162,16
"22","2218",2021,"male","Foreign",6,7,17,10,-1,7,8,68,102,34,1
"22","2218",2021,"female","Austrian",-20,-3,3,6,-17,23,40,34,186,152,18
"22","2218",2021,"female","Foreign",-10,2,15,13,-12,2,14,68,105,37,4
"22","2218",2022,"male","Austrian",-30,-2,5,7,-28,23,51,7,141,134,18
"22","2218",2022,"male","Foreign",28,25,41,16,3,10,7,57,90,33,3
"22","2218",2022,"female","Austrian",-33,0,4,4,-33,25,58,4,128,124,19
"22","2218",2022,"female","Foreign",42,44,57,13,-2,9,11,61,101,40,3
"22","2218",2023,"male","Austrian",-31,-4,7,11,-27,21,48,-7,136,143,9
"22","2218",2023,"male","Foreign",16,12,27,15,4,9,5,34,79,45,3
"22","2218",2023,"female","Austrian",-49,-5,2,7,-44,20,64,-23,125,148,9
"22","2218",2023,"female","Foreign",17,10,31,21,7,12,5,45,88,43,2
"22","2219",2007,"male","Austrian",-11,0,14,14,-11,23,34,2,150,148,16
"22","2219",2007,"male","Foreign",13,7,38,31,6,11,5,-8,71,79,8
"22","2219",2007,"female","Austrian",-16,-2,5,7,-14,22,36,-11,142,153,17
"22","2219",2007,"female","Foreign",24,21,41,20,3,6,3,-18,43,61,8
"22","2219",2008,"male","Austrian",-20,-5,11,16,-15,23,38,24,170,146,11
"22","2219",2008,"male","Foreign",33,28,55,27,5,15,10,-10,71,81,20
"22","2219",2008,"female","Austrian",-17,-9,4,13,-8,34,42,22,163,141,14
"22","2219",2008,"female","Foreign",15,9,35,26,6,9,3,-30,49,79,7
"22","2219",2009,"male","Austrian",-11,-1,22,23,-10,30,40,-25,143,168,19
"22","2219",2009,"male","Foreign",6,-1,42,43,7,14,7,-21,66,87,7
"22","2219",2009,"female","Austrian",-31,-8,6,14,-23,20,43,-13,141,154,20
"22","2219",2009,"female","Foreign",33,22,37,15,11,17,6,-14,53,67,8
"22","2219",2010,"male","Austrian",15,1,13,12,14,45,31,116,244,128,20
"22","2219",2010,"male","Foreign",11,8,52,44,3,13,10,24,93,69,14
"22","2219",2010,"female","Austrian",29,1,8,7,28,52,24,135,254,119,27
"22","2219",2010,"female","Foreign",24,22,43,21,2,9,7,0,59,59,12
"22","2219",2011,"male","Austrian",-9,-5,11,16,-4,34,38,-11,160,171,16
"22","2219",2011,"male","Foreign",18,19,66,47,-1,12,13,-5,80,85,6
"22","2219",2011,"female","Austrian",-24,-4,4,8,-20,23,43,4,140,136,10
"22","2219",2011,"female","Foreign",30,30,52,22,0,12,12,-22,55,77,9
"22","2219",2012,"male","Austrian",-18,-7,12,19,-11,36,47,-20,131,151,20
"22","2219",2012,"male","Foreign",27,26,58,32,1,14,13,10,85,75,15
"22","2219",2012,"female","Austrian",-10,-8,4,12,-2,39,41,-16,123,139,17
"22","2219",2012,"female","Foreign",28,19,41,22,9,11,2,6,57,51,5
"22","2219",2013,"male","Austrian",-14,6,8,2,-20,22,42,-6,144,150,12
"22","2219",2013,"male","Foreign",26,20,63,43,6,18,12,-3,91,94,8
"22","2219",2013,"female","Austrian",-6,4,7,3,-10,44,54,-34,126,160,9
"22","2219",2013,"female","Foreign",44,39,61,22,5,12,7,17,81,64,6
"22","2219",2014,"male","Austrian",-13,-8,6,14,-5,30,35,-16,127,143,9
"22","2219",2014,"male","Foreign",77,66,110,44,11,21,10,27,141,114,7
"22","2219",2014,"female","Austrian",1,2,11,9,-1,38,39,-47,113,160,5
"22","2219",2014,"female","Foreign",23,30,64,34,-7,2,9,17,93,76,5
"22","2219",2015,"male","Austrian",-4,-1,8,9,-3,41,44,-28,141,169,26
"22","2219",2015,"male","Foreign",97,73,123,50,24,42,18,-11,158,169,49
"22","2219",2015,"female","Austrian",0,2,7,5,-2,45,47,-25,142,167,19
"22","2219",2015,"female","Foreign",62,52,85,33,10,18,8,17,119,102,41
"22","2219",2016,"male","Austrian",-14,-4,10,14,-10,41,51,10,143,133,19
"22","2219",2016,"male","Foreign",23,0,87,87,23,55,32,3,147,144,10
"22","2219",2016,"female","Austrian",-17,-5,5,10,-12,32,44,11,155,144,24
"22","2219",2016,"female","Foreign",49,47,78,31,2,25,23,11,110,99,7
"22","2219",2017,"male","Austrian",-43,-7,8,15,-36,33,69,36,174,138,15
"22","2219",2017,"male","Foreign",27,13,72,59,14,48,34,10,185,175,14
"22","2219",2017,"female","Austrian",-21,-5,2,7,-16,41,57,23,163,140,15
"22","2219",2017,"female","Foreign",39,31,63,32,8,37,29,31,131,100,8
"22","2219",2018,"male","Austrian",11,3,17,14,8,61,53,51,190,139,22
"22","2219",2018,"male","Foreign",20,15,74,59,5,21,16,29,165,136,10
"22","2219",2018,"female","Austrian",7,3,5,2,4,47,43,39,191,152,23
"22","2219",2018,"female","Foreign",55,45,80,35,10,16,6,22,139,117,5
"22","2219",2019,"male","Austrian",-11,-4,8,12,-7,41,48,-21,137,158,15
"22","2219",2019,"male","Foreign",6,4,70,66,2,27,25,13,147,134,20
"22","2219",2019,"female","Austrian",-29,-6,2,8,-23,32,55,-37,121,158,12
"22","2219",2019,"female","Foreign",30,27,60,33,3,19,16,-12,114,126,7
"22","2219",2020,"male","Austrian",4,1,8,7,3,41,38,-26,168,194,12
"22","2219",2020,"male","Foreign",39,17,78,61,22,38,16,4,140,136,11
"22","2219",2020,"female","Austrian",-15,-2,4,6,-13,30,43,11,159,148,8
"22","2219",2020,"female","Foreign",11,6,46,40,5,16,11,17,122,105,8
"22","2219",2021,"male","Austrian",-10,0,15,15,-10,36,46,-23,167,190,22
"22","2219",2021,"male","Foreign",68,26,99,73,42,67,25,38,210,172,16
"22","2219",2021,"female","Austrian",4,0,7,7,4,47,43,11,184,173,32
"22","2219",2021,"female","Foreign",20,21,57,36,-1,15,16,5,121,116,20
"22","2219",2022,"male","Austrian",-2,-5,6,11,3,47,44,4,171,167,12
"22","2219",2022,"male","Foreign",161,87,151,64,74,102,28,63,252,189,25
"22","2219",2022,"female","Austrian",3,-1,5,6,4,54,50,25,174,149,20
"22","2219",2022,"female","Foreign",101,83,123,40,18,36,18,102,221,119,17
"22","2219",2023,"male","Austrian",-17,1,8,7,-18,31,49,-29,135,164,15
"22","2219",2023,"male","Foreign",74,30,140,110,44,90,46,21,261,240,18
"22","2219",2023,"female","Austrian",3,6,10,4,-3,44,47,-10,130,140,11
"22","2219",2023,"female","Foreign",62,37,92,55,25,47,22,-17,129,146,14
"22","2220",2007,"male","Austrian",-10,0,7,7,-10,11,21,4,70,66,8
"22","2220",2007,"male","Foreign",12,11,15,4,1,4,3,-1,18,19,4
"22","2220",2007,"female","Austrian",-14,-3,1,4,-11,10,21,-8,58,66,11
"22","2220",2007,"female","Foreign",7,7,11,4,0,2,2,-4,15,19,4
"22","2220",2008,"male","Austrian",-20,-3,1,4,-17,6,23,4,73,69,7
"22","2220",2008,"male","Foreign",-2,0,15,15,-2,3,5,16,26,10,1
"22","2220",2008,"female","Austrian",-11,1,3,2,-12,7,19,14,81,67,6
"22","2220",2008,"female","Foreign",2,5,12,7,-3,4,7,3,15,12,1
"22","2220",2009,"male","Austrian",-3,-3,5,8,0,18,18,16,90,74,3
"22","2220",2009,"male","Foreign",9,13,18,5,-4,4,8,8,15,7,0
"22","2220",2009,"female","Austrian",-16,-4,1,5,-12,9,21,22,95,73,5
"22","2220",2009,"female","Foreign",5,6,9,3,-1,1,2,10,17,7,0
"22","2220",2010,"male","Austrian",-8,-3,4,7,-5,13,18,-1,62,63,5
"22","2220",2010,"male","Foreign",15,18,33,15,-3,6,9,3,21,18,5
"22","2220",2010,"female","Austrian",-14,-7,3,10,-7,12,19,3,63,60,7
"22","2220",2010,"female","Foreign",9,14,23,9,-5,2,7,15,24,9,5
"22","2220",2011,"male","Austrian",-17,-2,5,7,-15,11,26,23,109,86,19
"22","2220",2011,"male","Foreign",6,5,23,18,1,5,4,11,27,16,2
"22","2220",2011,"female","Austrian",-21,-4,3,7,-17,5,22,29,112,83,27
"22","2220",2011,"female","Foreign",5,5,18,13,0,2,2,19,29,10,2
"22","2220",2012,"male","Austrian",-3,-2,7,9,-1,7,8,3,56,53,5
"22","2220",2012,"male","Foreign",-2,0,21,21,-2,3,5,-8,16,24,0
"22","2220",2012,"female","Austrian",3,4,7,3,-1,7,8,21,72,51,3
"22","2220",2012,"female","Foreign",7,7,18,11,0,4,4,-5,11,16,1
"22","2220",2013,"male","Austrian",-22,-3,4,7,-19,10,29,62,127,65,8
"22","2220",2013,"male","Foreign",8,9,24,15,-1,1,2,17,28,11,1
"22","2220",2013,"female","Austrian",-20,-1,3,4,-19,10,29,59,111,52,2
"22","2220",2013,"female","Foreign",1,0,11,11,1,1,0,14,24,10,3
"22","2220",2014,"male","Austrian",-14,-4,2,6,-10,8,18,-19,56,75,2
"22","2220",2014,"male","Foreign",23,25,32,7,-2,2,4,-9,21,30,0
"22","2220",2014,"female","Austrian",-15,-7,2,9,-8,13,21,-10,49,59,3
"22","2220",2014,"female","Foreign",10,12,25,13,-2,4,6,4,29,25,0
"22","2220",2015,"male","Austrian",-16,-4,3,7,-12,10,22,-5,74,79,4
"22","2220",2015,"male","Foreign",19,23,44,21,-4,6,10,26,49,23,1
"22","2220",2015,"female","Austrian",-17,-2,4,6,-15,7,22,-2,66,68,10
"22","2220",2015,"female","Foreign",10,14,21,7,-4,5,9,33,45,12,0
"22","2220",2016,"male","Austrian",-9,-1,2,3,-8,9,17,61,127,66,3
"22","2220",2016,"male","Foreign",10,12,31,19,-2,6,8,16,57,41,6
"22","2220",2016,"female","Austrian",-15,-2,2,4,-13,10,23,92,150,58,3
"22","2220",2016,"female","Foreign",7,6,18,12,1,3,2,28,49,21,3
"22","2220",2017,"male","Austrian",-13,-4,4,8,-9,10,19,10,74,64,2
"22","2220",2017,"male","Foreign",4,7,30,23,-3,10,13,6,45,39,0
"22","2220",2017,"female","Austrian",-9,0,7,7,-9,14,23,3,74,71,0
"22","2220",2017,"female","Foreign",15,14,30,16,1,7,6,-2,30,32,0
"22","2220",2018,"male","Austrian",-16,-2,4,6,-14,12,26,-6,72,78,8
"22","2220",2018,"male","Foreign",6,1,20,19,5,6,1,15,56,41,0
"22","2220",2018,"female","Austrian",-14,-3,3,6,-11,14,25,8,70,62,8
"22","2220",2018,"female","Foreign",11,6,16,10,5,8,3,4,47,43,2
"22","2220",2019,"male","Austrian",-8,-1,2,3,-7,14,21,-7,76,83,8
"22","2220",2019,"male","Foreign",8,7,28,21,1,5,4,17,57,40,6
"22","2220",2019,"female","Austrian",-9,-3,4,7,-6,13,19,-8,66,74,5
"22","2220",2019,"female","Foreign",9,5,17,12,4,6,2,38,61,23,2
"22","2220",2020,"male","Austrian",4,1,5,4,3,18,15,18,86,68,7
"22","2220",2020,"male","Foreign",20,16,33,17,4,6,2,27,83,56,1
"22","2220",2020,"female","Austrian",3,1,2,1,2,23,21,21,77,56,6
"22","2220",2020,"female","Foreign",7,6,16,10,1,8,7,41,70,29,3
"22","2220",2021,"male","Austrian",-31,-5,2,7,-26,5,31,-13,75,88,7
"22","2220",2021,"male","Foreign",-8,-4,29,33,-4,11,15,47,82,35,4
"22","2220",2021,"female","Austrian",-34,-5,2,7,-29,10,39,-12,77,89,4
"22","2220",2021,"female","Foreign",2,13,25,12,-11,4,15,42,82,40,4
"22","2220",2022,"male","Austrian",-3,-3,1,4,0,17,17,2,85,83,5
"22","2220",2022,"male","Foreign",11,14,39,25,-3,9,12,9,75,66,4
"22","2220",2022,"female","Austrian",-10,-4,1,5,-6,16,22,-9,65,74,7
"22","2220",2022,"female","Foreign",17,18,38,20,-1,6,7,-7,48,55,3
"22","2220",2023,"male","Austrian",-9,-1,2,3,-8,21,29,46,128,82,3
"22","2220",2023,"male","Foreign",60,51,80,29,9,22,13,75,147,72,1
"22","2220",2023,"female","Austrian",1,-5,0,5,6,31,25,68,142,74,8
"22","2220",2023,"female","Foreign",31,26,43,17,5,13,8,53,117,64,2
"22","2221",2007,"male","Austrian",-3,-1,0,1,-2,4,6,-3,14,17,2
"22","2221",2007,"male","Foreign",3,2,2,0,1,2,1,1,4,3,0
"22","2221",2007,"female","Austrian",-7,-4,0,4,-3,2,5,-6,15,21,0
"22","2221",2007,"female","Foreign",2,1,4,3,1,2,1,3,4,1,0
"22","2221",2008,"male","Austrian",-2,-2,1,3,0,4,4,-2,13,15,1
"22","2221",2008,"male","Foreign",5,5,8,3,0,0,0,-1,2,3,0
"22","2221",2008,"female","Austrian",2,1,2,1,1,3,2,1,18,17,2
"22","2221",2008,"female","Foreign",8,5,6,1,3,3,0,-5,2,7,0
"22","2221",2009,"male","Austrian",2,0,0,0,2,3,1,7,19,12,7
"22","2221",2009,"male","Foreign",4,3,4,1,1,2,1,-8,1,9,1
"22","2221",2009,"female","Austrian",2,1,1,0,1,2,1,9,23,14,10
"22","2221",2009,"female","Foreign",-2,-1,3,4,-1,1,2,-5,1,6,0
"22","2221",2010,"male","Austrian",0,3,3,0,-3,6,9,32,55,23,1
"22","2221",2010,"male","Foreign",-2,1,3,2,-3,0,3,10,14,4,0
"22","2221",2010,"female","Austrian",3,-1,0,1,4,8,4,40,51,11,0
"22","2221",2010,"female","Foreign",-1,1,4,3,-2,0,2,6,12,6,1
"22","2221",2011,"male","Austrian",30,4,5,1,26,31,5,277,298,21,8
"22","2221",2011,"male","Foreign",9,8,9,1,1,1,0,58,65,7,0
"22","2221",2011,"female","Austrian",57,7,8,1,50,53,3,327,342,15,5
"22","2221",2011,"female","Foreign",9,6,8,2,3,3,0,72,73,1,0
"22","2221",2012,"male","Austrian",25,-2,1,3,27,31,4,141,166,25,3
"22","2221",2012,"male","Foreign",-3,-3,10,13,0,3,3,29,36,7,0
"22","2221",2012,"female","Austrian",37,2,3,1,35,40,5,130,154,24,5
"22","2221",2012,"female","Foreign",5,4,9,5,1,3,2,34,39,5,0
"22","2221",2013,"male","Austrian",2,1,4,3,1,10,9,6,48,42,1
"22","2221",2013,"male","Foreign",5,5,7,2,0,1,1,8,16,8,0
"22","2221",2013,"female","Austrian",4,0,1,1,4,13,9,10,42,32,2
"22","2221",2013,"female","Foreign",13,14,17,3,-1,1,2,0,8,8,0
"22","2221",2014,"male","Austrian",3,2,4,2,1,16,15,8,58,50,8
"22","2221",2014,"male","Foreign",-7,-2,6,8,-5,1,6,6,13,7,0
"22","2221",2014,"female","Austrian",-6,1,3,2,-7,13,20,1,60,59,5
"22","2221",2014,"female","Foreign",5,7,13,6,-2,2,4,-3,12,15,0
"22","2221",2015,"male","Austrian",-7,0,3,3,-7,19,26,-10,51,61,8
"22","2221",2015,"male","Foreign",19,16,18,2,3,3,0,0,14,14,0
"22","2221",2015,"female","Austrian",-8,-1,2,3,-7,17,24,-9,61,70,5
"22","2221",2015,"female","Foreign",15,12,14,2,3,4,1,-1,15,16,2
"22","2221",2016,"male","Austrian",-23,0,2,2,-23,8,31,7,62,55,6
"22","2221",2016,"male","Foreign",18,17,20,3,1,2,1,6,30,24,0
"22","2221",2016,"female","Austrian",-36,-1,0,1,-35,3,38,23,73,50,7
"22","2221",2016,"female","Foreign",11,12,15,3,-1,2,3,9,28,19,0
"22","2221",2017,"male","Austrian",-9,-2,2,4,-7,13,20,7,56,49,5
"22","2221",2017,"male","Foreign",3,3,11,8,0,2,2,10,20,10,0
"22","2221",2017,"female","Austrian",-11,-4,1,5,-7,18,25,35,71,36,6
"22","2221",2017,"female","Foreign",5,9,14,5,-4,1,5,10,27,17,0
"22","2221",2018,"male","Austrian",2,0,3,3,2,22,20,44,97,53,4
"22","2221",2018,"male","Foreign",21,22,28,6,-1,6,7,28,52,24,3
"22","2221",2018,"female","Austrian",7,-1,2,3,8,27,19,44,110,66,1
"22","2221",2018,"female","Foreign",21,17,27,10,4,8,4,51,70,19,1
"22","2221",2019,"male","Austrian",18,4,4,0,14,30,16,11,85,74,4
"22","2221",2019,"male","Foreign",32,32,37,5,0,2,2,40,64,24,1
"22","2221",2019,"female","Austrian",7,0,1,1,7,22,15,9,108,99,3
"22","2221",2019,"female","Foreign",23,19,31,12,4,6,2,33,57,24,1
"22","2221",2020,"male","Austrian",-17,-8,3,11,-9,13,22,-3,60,63,7
"22","2221",2020,"male","Foreign",-10,-7,10,17,-3,2,5,13,42,29,3
"22","2221",2020,"female","Austrian",-10,3,4,1,-13,13,26,-17,71,88,6
"22","2221",2020,"female","Foreign",5,6,16,10,-1,4,5,-4,30,34,1
"22","2221",2021,"male","Austrian",-24,0,0,0,-24,12,36,-9,62,71,5
"22","2221",2021,"male","Foreign",10,20,32,12,-10,7,17,11,52,41,9
"22","2221",2021,"female","Austrian",-35,0,2,2,-35,13,48,6,74,68,4
"22","2221",2021,"female","Foreign",-5,8,22,14,-13,11,24,11,43,32,6
"22","2221",2022,"male","Austrian",20,5,6,1,15,38,23,80,150,70,24
"22","2221",2022,"male","Foreign",51,38,54,16,13,23,10,76,123,47,13
"22","2221",2022,"female","Austrian",10,2,4,2,8,34,26,74,147,73,11
"22","2221",2022,"female","Foreign",75,56,74,18,19,28,9,81,125,44,7
"22","2221",2023,"male","Austrian",-5,-1,5,6,-4,25,29,12,69,57,18
"22","2221",2023,"male","Foreign",8,4,28,24,4,21,17,23,74,51,3
"22","2221",2023,"female","Austrian",-12,-4,2,6,-8,15,23,11,83,72,16
"22","2221",2023,"female","Foreign",3,8,32,24,-5,14,19,17,71,54,3
"22","2222",2007,"male","Austrian",-34,-8,3,11,-26,14,40,-13,131,144,22
"22","2222",2007,"male","Foreign",9,11,18,7,-2,0,2,19,34,15,3
"22","2222",2007,"female","Austrian",-32,-3,5,8,-29,20,49,54,193,139,34
"22","2222",2007,"female","Foreign",8,2,17,15,6,6,0,-2,25,27,3
"22","2222",2008,"male","Austrian",-20,-3,5,8,-17,18,35,-15,122,137,24
"22","2222",2008,"male","Foreign",6,6,16,10,0,3,3,2,28,26,1
"22","2222",2008,"female","Austrian",-16,-6,3,9,-10,18,28,62,188,126,29
"22","2222",2008,"female","Foreign",0,8,23,15,-8,4,12,4,32,28,5
"22","2222",2009,"male","Austrian",-18,-9,5,14,-9,21,30,6,135,129,24
"22","2222",2009,"male","Foreign",-2,-3,9,12,1,3,2,0,19,19,2
"22","2222",2009,"female","Austrian",-14,-13,4,17,-1,31,32,60,201,141,29
"22","2222",2009,"female","Foreign",-5,-5,12,17,0,2,2,11,36,25,3
"22","2222",2010,"male","Austrian",-18,-8,7,15,-10,21,31,-19,115,134,42
"22","2222",2010,"male","Foreign",1,0,11,11,1,2,1,10,28,18,3
"22","2222",2010,"female","Austrian",-11,-1,8,9,-10,25,35,47,181,134,50
"22","2222",2010,"female","Foreign",9,6,15,9,3,4,1,1,25,24,3
"22","2222",2011,"male","Austrian",-8,-3,4,7,-5,22,27,-8,119,127,23
"22","2222",2011,"male","Foreign",7,11,19,8,-4,3,7,12,37,25,2
"22","2222",2011,"female","Austrian",1,-1,6,7,2,25,23,-1,160,161,19
"22","2222",2011,"female","Foreign",1,3,17,14,-2,3,5,-7,30,37,13
"22","2222",2012,"male","Austrian",-8,5,10,5,-13,12,25,-69,94,163,20
"22","2222",2012,"male","Foreign",-4,-4,15,19,0,1,1,2,28,26,5
"22","2222",2012,"female","Austrian",-20,-3,4,7,-17,11,28,-163,117,280,20
"22","2222",2012,"female","Foreign",8,8,21,13,0,3,3,-5,20,25,4
"22","2222",2013,"male","Austrian",-15,-2,7,9,-13,13,26,-27,89,116,17
"22","2222",2013,"male","Foreign",6,9,21,12,-3,2,5,1,18,17,2
"22","2222",2013,"female","Austrian",-26,-8,4,12,-18,8,26,18,113,95,24
"22","2222",2013,"female","Foreign",-1,0,13,13,-1,1,2,7,21,14,1
"22","2222",2014,"male","Austrian",-1,-3,4,7,2,19,17,-23,75,98,15
"22","2222",2014,"male","Foreign",4,4,16,12,0,4,4,-6,20,26,5
"22","2222",2014,"female","Austrian",-13,-4,2,6,-9,12,21,-17,88,105,14
"22","2222",2014,"female","Foreign",5,5,22,17,0,4,4,7,30,23,8
"22","2222",2015,"male","Austrian",-2,1,6,5,-3,18,21,47,131,84,24
"22","2222",2015,"male","Foreign",10,11,18,7,-1,3,4,17,34,17,3
"22","2222",2015,"female","Austrian",-12,1,6,5,-13,18,31,164,255,91,32
"22","2222",2015,"female","Foreign",5,4,14,10,1,4,3,10,23,13,6
"22","2222",2016,"male","Austrian",-28,-7,3,10,-21,10,31,10,102,92,19
"22","2222",2016,"male","Foreign",6,7,14,7,-1,0,1,8,25,17,4
"22","2222",2016,"female","Austrian",-17,-3,6,9,-14,16,30,39,151,112,14
"22","2222",2016,"female","Foreign",4,5,15,10,-1,0,1,14,28,14,3
"22","2222",2017,"male","Austrian",-4,-2,1,3,-2,13,15,31,118,87,12
"22","2222",2017,"male","Foreign",11,11,21,10,0,3,3,20,45,25,1
"22","2222",2017,"female","Austrian",-29,-2,3,5,-27,3,30,68,166,98,20
"22","2222",2017,"female","Foreign",10,7,15,8,3,7,4,16,35,19,3
"22","2222",2018,"male","Austrian",-24,-2,4,6,-22,10,32,-16,84,100,18
"22","2222",2018,"male","Foreign",-1,0,21,21,-1,1,2,11,42,31,4
"22","2222",2018,"female","Austrian",-8,0,4,4,-8,22,30,37,125,88,12
"22","2222",2018,"female","Foreign",2,3,14,11,-1,3,4,2,28,26,5
"22","2222",2019,"male","Austrian",-3,4,9,5,-7,21,28,105,223,118,25
"22","2222",2019,"male","Foreign",12,10,20,10,2,6,4,64,95,31,1
"22","2222",2019,"female","Austrian",-20,0,6,6,-20,13,33,159,267,108,34
"22","2222",2019,"female","Foreign",11,8,18,10,3,6,3,76,94,18,4
"22","2222",2020,"male","Austrian",-16,-3,4,7,-13,15,28,134,219,85,15
"22","2222",2020,"male","Foreign",14,13,23,10,1,7,6,49,79,30,3
"22","2222",2020,"female","Austrian",3,1,3,2,2,25,23,208,285,77,30
"22","2222",2020,"female","Foreign",10,7,13,6,3,5,2,62,79,17,5
"22","2222",2021,"male","Austrian",-15,-2,2,4,-13,9,22,-6,83,89,17
"22","2222",2021,"male","Foreign",12,14,27,13,-2,5,7,3,43,40,8
"22","2222",2021,"female","Austrian",-19,2,3,1,-21,6,27,41,129,88,16
"22","2222",2021,"female","Foreign",13,14,22,8,-1,2,3,17,42,25,6
"22","2222",2022,"male","Austrian",-11,-4,3,7,-7,13,20,-8,91,99,22
"22","2222",2022,"male","Foreign",4,2,24,22,2,5,3,11,41,30,5
"22","2222",2022,"female","Austrian",-11,-5,4,9,-6,15,21,33,126,93,20
"22","2222",2022,"female","Foreign",10,11,24,13,-1,1,2,-1,27,28,9
"22","2222",2023,"male","Austrian",-6,-4,3,7,-2,18,20,21,95,74,17
"22","2222",2023,"male","Foreign",1,2,15,13,-1,2,3,12,45,33,4
"22","2222",2023,"female","Austrian",-20,-5,4,9,-15,14,29,64,159,95,10
"22","2222",2023,"female","Foreign",5,7,14,7,-2,1,3,13,37,24,4
"22","2223",2007,"male","Austrian",-1,-4,8,12,3,20,17,28,137,109,21
"22","2223",2007,"male","Foreign",8,8,21,13,0,2,2,17,36,19,7
"22","2223",2007,"female","Austrian",-10,0,5,5,-10,15,25,18,124,106,21
"22","2223",2007,"female","Foreign",12,13,25,12,-1,2,3,17,38,21,5
"22","2223",2008,"male","Austrian",-27,-4,4,8,-23,17,40,-7,108,115,17
"22","2223",2008,"male","Foreign",8,10,22,12,-2,1,3,0,26,26,2
"22","2223",2008,"female","Austrian",-20,-10,2,12,-10,17,27,14,125,111,7
"22","2223",2008,"female","Foreign",5,5,18,13,0,2,2,5,27,22,4
"22","2223",2009,"male","Austrian",-5,-2,5,7,-3,23,26,-11,91,102,16
"22","2223",2009,"male","Foreign",3,0,15,15,3,7,4,14,41,27,0
"22","2223",2009,"female","Austrian",8,5,9,4,3,23,20,-20,90,110,15
"22","2223",2009,"female","Foreign",10,8,19,11,2,4,2,11,35,24,1
"22","2223",2010,"male","Austrian",3,-6,8,14,9,30,21,15,114,99,16
"22","2223",2010,"male","Foreign",2,2,22,20,0,3,3,3,30,27,5
"22","2223",2010,"female","Austrian",-10,-8,3,11,-2,22,24,0,116,116,10
"22","2223",2010,"female","Foreign",7,8,21,13,-1,3,4,4,32,28,5
"22","2223",2011,"male","Austrian",-5,-4,5,9,-1,24,25,62,167,105,10
"22","2223",2011,"male","Foreign",1,2,18,16,-1,2,3,18,52,34,2
"22","2223",2011,"female","Austrian",-2,-3,2,5,1,26,25,62,159,97,9
"22","2223",2011,"female","Foreign",14,12,31,19,2,8,6,20,50,30,2
"22","2223",2012,"male","Austrian",0,-2,7,9,2,23,21,26,121,95,10
"22","2223",2012,"male","Foreign",-4,-2,23,25,-2,5,7,11,34,23,5
"22","2223",2012,"female","Austrian",-3,1,6,5,-4,40,44,27,123,96,14
"22","2223",2012,"female","Foreign",11,12,27,15,-1,5,6,-1,26,27,3
"22","2223",2013,"male","Austrian",9,-6,7,13,15,35,20,99,195,96,16
"22","2223",2013,"male","Foreign",6,13,33,20,-7,0,7,29,50,21,1
"22","2223",2013,"female","Austrian",21,-3,2,5,24,50,26,101,203,102,18
"22","2223",2013,"female","Foreign",8,15,25,10,-7,3,10,33,50,17,1
"22","2223",2014,"male","Austrian",-21,-1,7,8,-20,24,44,12,132,120,14
"22","2223",2014,"male","Foreign",5,9,25,16,-4,1,5,6,36,30,5
"22","2223",2014,"female","Austrian",-36,-3,5,8,-33,18,51,22,135,113,13
"22","2223",2014,"female","Foreign",24,23,33,10,1,5,4,16,44,28,2
"22","2223",2015,"male","Austrian",-2,3,10,7,-5,26,31,20,156,136,24
"22","2223",2015,"male","Foreign",13,8,34,26,5,8,3,20,64,44,1
"22","2223",2015,"female","Austrian",-15,0,3,3,-15,25,40,57,169,112,21
"22","2223",2015,"female","Foreign",13,12,38,26,1,5,4,19,57,38,4
"22","2223",2016,"male","Austrian",-11,-2,5,7,-9,35,44,36,130,94,7
"22","2223",2016,"male","Foreign",20,13,31,18,7,13,6,15,68,53,1
"22","2223",2016,"female","Austrian",-9,1,5,4,-10,37,47,20,133,113,11
"22","2223",2016,"female","Foreign",2,3,28,25,-1,10,11,23,64,41,2
"22","2223",2017,"male","Austrian",-23,-6,7,13,-17,25,42,-9,109,118,14
"22","2223",2017,"male","Foreign",23,12,40,28,11,16,5,26,85,59,4
"22","2223",2017,"female","Austrian",-21,4,7,3,-25,25,50,17,126,109,13
"22","2223",2017,"female","Foreign",24,26,37,11,-2,13,15,41,79,38,1
"22","2223",2018,"male","Austrian",1,-1,5,6,2,39,37,207,317,110,30
"22","2223",2018,"male","Foreign",26,21,46,25,5,13,8,89,141,52,7
"22","2223",2018,"female","Austrian",-13,-10,2,12,-3,41,44,241,361,120,25
"22","2223",2018,"female","Foreign",24,18,39,21,6,10,4,73,143,70,7
"22","2223",2019,"male","Austrian",-30,-5,4,9,-25,17,42,-8,129,137,13
"22","2223",2019,"male","Foreign",10,13,33,20,-3,6,9,36,79,43,1
"22","2223",2019,"female","Austrian",-11,1,4,3,-12,39,51,24,137,113,9
"22","2223",2019,"female","Foreign",12,15,31,16,-3,3,6,27,71,44,0
"22","2223",2020,"male","Austrian",-2,0,5,5,-2,43,45,34,156,122,18
"22","2223",2020,"male","Foreign",-1,-6,25,31,5,13,8,33,92,59,3
"22","2223",2020,"female","Austrian",-28,-6,2,8,-22,45,67,26,160,134,18
"22","2223",2020,"female","Foreign",23,14,29,15,9,17,8,45,89,44,3
"22","2223",2021,"male","Austrian",0,-1,5,6,1,45,44,71,186,115,29
"22","2223",2021,"male","Foreign",28,23,48,25,5,15,10,27,84,57,3
"22","2223",2021,"female","Austrian",-13,-1,0,1,-12,43,55,44,191,147,22
"22","2223",2021,"female","Foreign",23,14,41,27,9,14,5,34,82,48,3
"22","2223",2022,"male","Austrian",-35,-4,9,13,-31,38,69,44,173,129,18
"22","2223",2022,"male","Foreign",58,63,95,32,-5,16,21,50,131,81,14
"22","2223",2022,"female","Austrian",-26,-2,5,7,-24,43,67,40,168,128,10
"22","2223",2022,"female","Foreign",76,93,126,33,-17,14,31,27,109,82,12
"22","2223",2023,"male","Austrian",-11,0,9,9,-11,37,48,43,184,141,22
"22","2223",2023,"male","Foreign",28,27,56,29,1,19,18,30,137,107,8
"22","2223",2023,"female","Austrian",-28,-5,4,9,-23,21,44,45,169,124,29
"22","2223",2023,"female","Foreign",26,26,58,32,0,21,21,21,125,104,5
"22","2224",2007,"male","Austrian",-37,-9,1,10,-28,16,44,-25,108,133,14
"22","2224",2007,"male","Foreign",10,13,16,3,-3,1,4,-3,15,18,2
"22","2224",2007,"female","Austrian",-39,-10,0,10,-29,21,50,-39,101,140,13
"22","2224",2007,"female","Foreign",12,14,24,10,-2,1,3,5,22,17,1
"22","2224",2008,"male","Austrian",-18,-5,4,9,-13,15,28,37,137,100,20
"22","2224",2008,"male","Foreign",7,6,13,7,1,4,3,3,12,9,0
"22","2224",2008,"female","Austrian",-24,-5,0,5,-19,20,39,27,136,109,24
"22","2224",2008,"female","Foreign",7,4,12,8,3,4,1,14,17,3,0
"22","2224",2009,"male","Austrian",-10,-7,3,10,-3,29,32,112,220,108,20
"22","2224",2009,"male","Foreign",6,4,12,8,2,4,2,12,42,30,3
"22","2224",2009,"female","Austrian",7,-3,2,5,10,43,33,139,238,99,23
"22","2224",2009,"female","Foreign",16,15,21,6,1,3,2,32,54,22,3
"22","2224",2010,"male","Austrian",30,8,9,1,22,46,24,123,219,96,14
"22","2224",2010,"male","Foreign",10,4,13,9,6,6,0,18,32,14,2
"22","2224",2010,"female","Austrian",0,0,2,2,0,28,28,64,184,120,25
"22","2224",2010,"female","Foreign",2,-2,12,14,4,5,1,7,24,17,2
"22","2224",2011,"male","Austrian",-8,0,8,8,-8,20,28,9,119,110,8
"22","2224",2011,"male","Foreign",12,11,16,5,1,4,3,10,33,23,2
"22","2224",2011,"female","Austrian",4,-4,2,6,8,27,19,4,127,123,5
"22","2224",2011,"female","Foreign",14,11,23,12,3,5,2,6,24,18,3
"22","2224",2012,"male","Austrian",-15,0,4,4,-15,17,32,-2,111,113,17
"22","2224",2012,"male","Foreign",14,13,19,6,1,3,2,3,18,15,2
"22","2224",2012,"female","Austrian",-24,-3,2,5,-21,17,38,7,111,104,22
"22","2224",2012,"female","Foreign",17,14,21,7,3,9,6,12,23,11,2
"22","2224",2013,"male","Austrian",-25,-3,3,6,-22,14,36,5,112,107,16
"22","2224",2013,"male","Foreign",12,11,22,11,1,2,1,12,32,20,5
"22","2224",2013,"female","Austrian",-13,2,3,1,-15,15,30,7,97,90,14
"22","2224",2013,"female","Foreign",10,11,16,5,-1,4,5,8,30,22,4
"22","2224",2014,"male","Austrian",-3,2,3,1,-5,21,26,-21,86,107,9
"22","2224",2014,"male","Foreign",16,12,27,15,4,6,2,10,37,27,3
"22","2224",2014,"female","Austrian",-18,1,4,3,-19,15,34,1,102,101,5
"22","2224",2014,"female","Foreign",30,21,32,11,9,12,3,8,39,31,5
"22","2224",2015,"male","Austrian",-31,-12,1,13,-19,15,34,-17,85,102,19
"22","2224",2015,"male","Foreign",1,4,27,23,-3,4,7,1,31,30,2
"22","2224",2015,"female","Austrian",-23,-4,6,10,-19,13,32,-11,99,110,17
"22","2224",2015,"female","Foreign",9,14,30,16,-5,1,6,-9,37,46,4
"22","2224",2016,"male","Austrian",-21,-4,5,9,-17,16,33,-10,100,110,8
"22","2224",2016,"male","Foreign",13,16,26,10,-3,3,6,19,45,26,1
"22","2224",2016,"female","Austrian",-25,-5,3,8,-20,19,39,-6,104,110,13
"22","2224",2016,"female","Foreign",6,5,25,20,1,3,2,13,38,25,3
"22","2224",2017,"male","Austrian",-1,8,10,2,-9,16,25,14,117,103,15
"22","2224",2017,"male","Foreign",16,20,29,9,-4,3,7,4,43,39,6
"22","2224",2017,"female","Austrian",3,1,6,5,2,26,24,-37,92,129,14
"22","2224",2017,"female","Foreign",8,10,23,13,-2,7,9,0,39,39,4
"22","2224",2018,"male","Austrian",-13,0,5,5,-13,28,41,7,101,94,12
"22","2224",2018,"male","Foreign",8,9,22,13,-1,2,3,20,46,26,4
"22","2224",2018,"female","Austrian",-10,6,7,1,-16,17,33,-9,97,106,19
"22","2224",2018,"female","Foreign",12,9,23,14,3,7,4,13,42,29,5
"22","2224",2019,"male","Austrian",-20,-5,3,8,-15,19,34,-9,107,116,11
"22","2224",2019,"male","Foreign",-11,-6,17,23,-5,2,7,9,39,30,1
"22","2224",2019,"female","Austrian",-5,0,2,2,-5,21,26,-7,108,115,7
"22","2224",2019,"female","Foreign",1,6,15,9,-5,1,6,-1,32,33,6
"22","2224",2020,"male","Austrian",-16,-1,3,4,-15,19,34,-16,103,119,7
"22","2224",2020,"male","Foreign",6,9,19,10,-3,6,9,14,43,29,0
"22","2224",2020,"female","Austrian",-18,4,5,1,-22,16,38,-46,83,129,5
"22","2224",2020,"female","Foreign",12,17,23,6,-5,7,12,14,43,29,1
"22","2224",2021,"male","Austrian",-16,-2,1,3,-14,15,29,-4,91,95,13
"22","2224",2021,"male","Foreign",-21,-8,9,17,-13,2,15,-2,30,32,3
"22","2224",2021,"female","Austrian",-11,2,3,1,-13,10,23,-5,81,86,14
"22","2224",2021,"female","Foreign",-14,-3,9,12,-11,2,13,7,41,34,1
"22","2224",2022,"male","Austrian",-29,-8,3,11,-21,24,45,9,104,95,16
"22","2224",2022,"male","Foreign",30,29,40,11,1,6,5,-3,33,36,0
"22","2224",2022,"female","Austrian",-31,-6,6,12,-25,15,40,1,89,88,13
"22","2224",2022,"female","Foreign",34,37,43,6,-3,7,10,-10,23,33,3
"22","2224",2023,"male","Austrian",-13,-5,1,6,-8,17,25,5,92,87,17
"22","2224",2023,"male","Foreign",4,2,21,19,2,6,4,20,44,24,0
"22","2224",2023,"female","Austrian",3,3,6,3,0,27,27,-17,84,101,13
"22","2224",2023,"female","Foreign",7,5,18,13,2,7,5,9,40,31,0
"22","2225",2007,"male","Austrian",4,-3,1,4,7,14,7,128,147,19,2
"22","2225",2007,"male","Foreign",4,4,5,1,0,0,0,19,21,2,0
"22","2225",2007,"female","Austrian",7,0,0,0,7,13,6,159,185,26,3
"22","2225",2007,"female","Foreign",9,7,8,1,2,2,0,15,20,5,0
"22","2225",2008,"male","Austrian",-1,-1,2,3,0,7,7,23,47,24,1
"22","2225",2008,"male","Foreign",0,1,3,2,-1,0,1,3,7,4,0
"22","2225",2008,"female","Austrian",0,-2,1,3,2,6,4,40,65,25,4
"22","2225",2008,"female","Foreign",-1,0,2,2,-1,0,1,3,6,3,0
"22","2225",2009,"male","Austrian",-1,1,2,1,-2,9,11,-12,27,39,7
"22","2225",2009,"male","Foreign",5,2,7,5,3,3,0,0,4,4,0
"22","2225",2009,"female","Austrian",-11,1,1,0,-12,4,16,-3,26,29,8
"22","2225",2009,"female","Foreign",5,6,8,2,-1,0,1,1,5,4,0
"22","2225",2010,"male","Austrian",-6,2,4,2,-8,0,8,17,40,23,1
"22","2225",2010,"male","Foreign",3,5,8,3,-2,0,2,4,6,2,0
"22","2225",2010,"female","Austrian",0,1,1,0,-1,4,5,25,44,19,2
"22","2225",2010,"female","Foreign",3,3,7,4,0,0,0,0,5,5,0
"22","2225",2011,"male","Austrian",0,1,2,1,-1,6,7,16,42,26,5
"22","2225",2011,"male","Foreign",2,4,6,2,-2,1,3,2,6,4,2
"22","2225",2011,"female","Austrian",-7,0,1,1,-7,7,14,14,42,28,8
"22","2225",2011,"female","Foreign",5,7,11,4,-2,0,2,1,4,3,2
"22","2225",2012,"male","Austrian",-3,1,4,3,-4,5,9,9,30,21,4
"22","2225",2012,"male","Foreign",-3,-3,5,8,0,0,0,2,9,7,1
"22","2225",2012,"female","Austrian",-2,-1,1,2,-1,5,6,17,48,31,9
"22","2225",2012,"female","Foreign",7,7,9,2,0,0,0,-4,3,7,1
"22","2225",2013,"male","Austrian",6,0,1,1,6,11,5,45,71,26,5
"22","2225",2013,"male","Foreign",3,2,6,4,1,1,0,7,8,1,0
"22","2225",2013,"female","Austrian",2,0,1,1,2,6,4,65,83,18,9
"22","2225",2013,"female","Foreign",-2,1,6,5,-3,0,3,11,13,2,0
"22","2225",2014,"male","Austrian",-1,0,0,0,-1,9,10,25,55,30,5
"22","2225",2014,"male","Foreign",8,8,14,6,0,2,2,1,10,9,0
"22","2225",2014,"female","Austrian",-4,2,3,1,-6,10,16,19,53,34,4
"22","2225",2014,"female","Foreign",13,12,17,5,1,3,2,-6,6,12,0
"22","2225",2015,"male","Austrian",-4,-1,1,2,-3,8,11,26,57,31,4
"22","2225",2015,"male","Foreign",8,3,11,8,5,5,0,17,24,7,1
"22","2225",2015,"female","Austrian",-3,-1,0,1,-2,6,8,46,74,28,1
"22","2225",2015,"female","Foreign",5,5,8,3,0,3,3,13,19,6,3
"22","2225",2016,"male","Austrian",-7,-1,1,2,-6,4,10,17,45,28,7
"22","2225",2016,"male","Foreign",8,6,7,1,2,3,1,6,14,8,4
"22","2225",2016,"female","Austrian",-1,0,1,1,-1,6,7,9,43,34,4
"22","2225",2016,"female","Foreign",8,9,11,2,-1,0,1,2,13,11,1
"22","2225",2017,"male","Austrian",-3,3,3,0,-6,4,10,5,30,25,2
"22","2225",2017,"male","Foreign",-4,-4,2,6,0,1,1,0,7,7,1
"22","2225",2017,"female","Austrian",-3,0,2,2,-3,6,9,-5,29,34,3
"22","2225",2017,"female","Foreign",0,-2,7,9,2,3,1,-1,3,4,1
"22","2225",2018,"male","Austrian",-5,-2,1,3,-3,8,11,1,34,33,6
"22","2225",2018,"male","Foreign",-1,-1,2,3,0,3,3,4,22,18,1
"22","2225",2018,"female","Austrian",-4,0,1,1,-4,6,10,-2,30,32,5
"22","2225",2018,"female","Foreign",1,1,7,6,0,3,3,7,16,9,1
"22","2225",2019,"male","Austrian",0,3,3,0,-3,3,6,15,45,30,5
"22","2225",2019,"male","Foreign",-1,0,4,4,-1,1,2,-8,6,14,1
"22","2225",2019,"female","Austrian",2,-2,1,3,4,9,5,3,40,37,8
"22","2225",2019,"female","Foreign",1,2,5,3,-1,1,2,-1,10,11,2
"22","2225",2020,"male","Austrian",-6,-1,1,2,-5,2,7,-1,48,49,5
"22","2225",2020,"male","Foreign",10,6,6,0,4,5,1,3,14,11,2
"22","2225",2020,"female","Austrian",-2,1,1,0,-3,4,7,-11,43,54,7
"22","2225",2020,"female","Foreign",8,5,5,0,3,4,1,-1,10,11,2
"22","2225",2021,"male","Austrian",-7,-1,0,1,-6,3,9,20,38,18,2
"22","2225",2021,"male","Foreign",1,-1,4,5,2,2,0,-2,9,11,1
"22","2225",2021,"female","Austrian",0,-1,1,2,1,3,2,3,34,31,9
"22","2225",2021,"female","Foreign",3,4,4,0,-1,1,2,5,11,6,4
"22","2225",2022,"male","Austrian",6,2,2,0,4,7,3,-14,31,45,6
"22","2225",2022,"male","Foreign",5,5,7,2,0,1,1,1,6,5,0
"22","2225",2022,"female","Austrian",0,2,2,0,-2,3,5,-7,27,34,3
"22","2225",2022,"female","Foreign",9,9,16,7,0,0,0,-6,9,15,1
"22","2225",2023,"male","Austrian",0,-1,1,2,1,4,3,15,45,30,3
"22","2225",2023,"male","Foreign",6,2,4,2,4,4,0,5,20,15,0
"22","2225",2023,"female","Austrian",-8,-1,1,2,-7,2,9,6,34,28,2
"22","2225",2023,"female","Foreign",-5,-5,1,6,0,1,1,13,21,8,0
"22","2226",2007,"male","Austrian",-2,1,6,5,-3,10,13,13,89,76,16
"22","2226",2007,"male","Foreign",0,2,14,12,-2,0,2,0,8,8,0
"22","2226",2007,"female","Austrian",3,0,0,0,3,20,17,13,78,65,17
"22","2226",2007,"female","Foreign",4,6,11,5,-2,1,3,-5,10,15,2
"22","2226",2008,"male","Austrian",-1,4,6,2,-5,8,13,23,73,50,13
"22","2226",2008,"male","Foreign",7,6,16,10,1,2,1,-2,17,19,1
"22","2226",2008,"female","Austrian",-4,-1,2,3,-3,9,12,30,74,44,15
"22","2226",2008,"female","Foreign",6,6,12,6,0,1,1,0,16,16,1
"22","2226",2009,"male","Austrian",0,-2,2,4,2,12,10,-19,45,64,10
"22","2226",2009,"male","Foreign",-7,-3,8,11,-4,1,5,-11,5,16,2
"22","2226",2009,"female","Austrian",-2,-2,2,4,0,8,8,-10,41,51,12
"22","2226",2009,"female","Foreign",-1,-2,8,10,1,1,0,0,9,9,3
"22","2226",2010,"male","Austrian",0,-2,5,7,2,17,15,44,89,45,7
"22","2226",2010,"male","Foreign",14,12,21,9,2,3,1,3,15,12,1
"22","2226",2010,"female","Austrian",-6,-3,1,4,-3,10,13,32,83,51,4
"22","2226",2010,"female","Foreign",9,8,18,10,1,1,0,11,19,8,2
"22","2226",2011,"male","Austrian",-6,4,8,4,-10,12,22,14,77,63,13
"22","2226",2011,"male","Foreign",0,-2,10,12,2,4,2,11,20,9,4
"22","2226",2011,"female","Austrian",-4,8,9,1,-12,13,25,5,68,63,11
"22","2226",2011,"female","Foreign",-5,-6,5,11,1,2,1,9,21,12,3
"22","2226",2012,"male","Austrian",1,0,2,2,1,17,16,37,90,53,18
"22","2226",2012,"male","Foreign",2,5,13,8,-3,1,4,12,22,10,0
"22","2226",2012,"female","Austrian",-8,-6,2,8,-2,10,12,38,84,46,5
"22","2226",2012,"female","Foreign",7,8,11,3,-1,4,5,18,32,14,0
"22","2226",2013,"male","Austrian",-3,-2,5,7,-1,12,13,27,78,51,8
"22","2226",2013,"male","Foreign",12,6,24,18,6,7,1,12,34,22,1
"22","2226",2013,"female","Austrian",-9,1,6,5,-10,5,15,19,69,50,6
"22","2226",2013,"female","Foreign",21,19,30,11,2,2,0,0,15,15,1
"22","2226",2014,"male","Austrian",-4,1,5,4,-5,11,16,6,69,63,12
"22","2226",2014,"male","Foreign",12,13,29,16,-1,2,3,1,22,21,1
"22","2226",2014,"female","Austrian",-7,1,2,1,-8,12,20,3,58,55,5
"22","2226",2014,"female","Foreign",16,17,33,16,-1,2,3,-9,18,27,0
"22","2226",2015,"male","Austrian",-8,-8,1,9,0,14,14,6,59,53,11
"22","2226",2015,"male","Foreign",-2,1,15,14,-3,0,3,22,33,11,0
"22","2226",2015,"female","Austrian",8,-1,2,3,9,17,8,8,64,56,5
"22","2226",2015,"female","Foreign",2,7,24,17,-5,1,6,13,24,11,0
"22","2226",2016,"male","Austrian",2,-2,3,5,4,21,17,93,149,56,15
"22","2226",2016,"male","Foreign",62,72,105,33,-10,8,18,-20,191,211,3
"22","2226",2016,"female","Austrian",-5,-3,1,4,-2,18,20,107,158,51,11
"22","2226",2016,"female","Foreign",21,24,47,23,-3,6,9,17,63,46,2
"22","2226",2017,"male","Austrian",-4,-1,7,8,-3,12,15,24,74,50,8
"22","2226",2017,"male","Foreign",6,9,31,22,-3,1,4,6,31,25,1
"22","2226",2017,"female","Austrian",0,4,6,2,-4,14,18,17,77,60,8
"22","2226",2017,"female","Foreign",11,14,29,15,-3,6,9,15,33,18,0
"22","2226",2018,"male","Austrian",4,3,4,1,1,17,16,42,99,57,7
"22","2226",2018,"male","Foreign",7,4,19,15,3,3,0,3,32,29,1
"22","2226",2018,"female","Austrian",-3,2,3,1,-5,14,19,37,84,47,5
"22","2226",2018,"female","Foreign",4,9,21,12,-5,1,6,9,34,25,1
"22","2226",2019,"male","Austrian",-14,-1,3,4,-13,17,30,-14,73,87,7
"22","2226",2019,"male","Foreign",3,5,22,17,-2,3,5,-2,27,29,2
"22","2226",2019,"female","Austrian",-12,0,5,5,-12,12,24,-13,56,69,6
"22","2226",2019,"female","Foreign",11,12,29,17,-1,2,3,-12,19,31,2
"22","2226",2020,"male","Austrian",-7,0,4,4,-7,19,26,20,84,64,13
"22","2226",2020,"male","Foreign",13,12,22,10,1,1,0,21,34,13,0
"22","2226",2020,"female","Austrian",9,2,4,2,7,23,16,24,98,74,10
"22","2226",2020,"female","Foreign",18,16,24,8,2,4,2,22,38,16,3
"22","2226",2021,"male","Austrian",-23,-6,0,6,-17,9,26,16,79,63,9
"22","2226",2021,"male","Foreign",3,2,23,21,1,7,6,18,38,20,5
"22","2226",2021,"female","Austrian",-7,-2,2,4,-5,14,19,27,92,65,15
"22","2226",2021,"female","Foreign",21,22,32,10,-1,4,5,19,34,15,1
"22","2226",2022,"male","Austrian",2,-1,2,3,3,18,15,33,95,62,15
"22","2226",2022,"male","Foreign",12,21,32,11,-9,5,14,2,29,27,3
"22","2226",2022,"female","Austrian",-8,-4,3,7,-4,16,20,27,103,76,19
"22","2226",2022,"female","Foreign",1,12,41,29,-11,7,18,0,32,32,2
"22","2226",2023,"male","Austrian",-16,-3,7,10,-13,12,25,27,86,59,9
"22","2226",2023,"male","Foreign",8,8,26,18,0,5,5,2,23,21,1
"22","2226",2023,"female","Austrian",-2,2,5,3,-4,22,26,12,81,69,10
"22","2226",2023,"female","Foreign",20,11,22,11,9,10,1,21,44,23,4
"22","2227",2007,"male","Austrian",-35,-17,3,20,-18,25,43,15,122,107,17
"22","2227",2007,"male","Foreign",5,7,14,7,-2,2,4,7,18,11,1
"22","2227",2007,"female","Austrian",-45,-6,2,8,-39,38,77,54,138,84,16
"22","2227",2007,"female","Foreign",12,10,15,5,2,4,2,14,23,9,1
"22","2227",2008,"male","Austrian",-28,-9,2,11,-19,22,41,56,136,80,16
"22","2227",2008,"male","Foreign",19,14,15,1,5,6,1,11,27,16,0
"22","2227",2008,"female","Austrian",-25,-2,2,4,-23,20,43,73,164,91,25
"22","2227",2008,"female","Foreign",13,10,19,9,3,4,1,11,20,9,0
"22","2227",2009,"male","Austrian",2,5,8,3,-3,40,43,110,210,100,25
"22","2227",2009,"male","Foreign",15,9,20,11,6,7,1,35,44,9,1
"22","2227",2009,"female","Austrian",8,3,7,4,5,37,32,115,218,103,29
"22","2227",2009,"female","Foreign",5,5,23,18,0,3,3,28,38,10,1
"22","2227",2010,"male","Austrian",-6,3,5,2,-9,21,30,58,148,90,10
"22","2227",2010,"male","Foreign",3,3,17,14,0,3,3,14,36,22,0
"22","2227",2010,"female","Austrian",-12,-4,2,6,-8,29,37,67,142,75,11
"22","2227",2010,"female","Foreign",13,8,18,10,5,7,2,6,29,23,0
"22","2227",2011,"male","Austrian",-28,-1,8,9,-27,16,43,29,143,114,13
"22","2227",2011,"male","Foreign",10,12,31,19,-2,3,5,2,28,26,3
"22","2227",2011,"female","Austrian",-20,-1,1,2,-19,20,39,46,144,98,18
"22","2227",2011,"female","Foreign",6,9,26,17,-3,3,6,16,32,16,5
"22","2227",2012,"male","Austrian",6,1,6,5,5,47,42,134,237,103,19
"22","2227",2012,"male","Foreign",-1,-2,14,16,1,2,1,28,47,19,5
"22","2227",2012,"female","Austrian",22,0,4,4,22,51,29,154,263,109,34
"22","2227",2012,"female","Foreign",5,3,20,17,2,4,2,37,53,16,6
"22","2227",2013,"male","Austrian",-12,3,12,9,-15,24,39,24,127,103,14
"22","2227",2013,"male","Foreign",8,8,20,12,0,2,2,20,40,20,0
"22","2227",2013,"female","Austrian",-14,-5,5,10,-9,28,37,12,122,110,20
"22","2227",2013,"female","Foreign",10,8,21,13,2,5,3,24,42,18,0
"22","2227",2014,"male","Austrian",-35,-4,6,10,-31,18,49,98,221,123,14
"22","2227",2014,"male","Foreign",14,16,25,9,-2,6,8,-6,32,38,1
"22","2227",2014,"female","Austrian",-32,5,10,5,-37,30,67,82,185,103,24
"22","2227",2014,"female","Foreign",23,22,36,14,1,7,6,8,54,46,1
"22","2227",2015,"male","Austrian",-17,2,12,10,-19,31,50,56,166,110,19
"22","2227",2015,"male","Foreign",2,5,25,20,-3,6,9,7,31,24,1
"22","2227",2015,"female","Austrian",-19,1,9,8,-20,32,52,38,173,135,23
"22","2227",2015,"female","Foreign",-13,-1,23,24,-12,3,15,3,33,30,2
"22","2227",2016,"male","Austrian",-30,-3,2,5,-27,24,51,4,109,105,21
"22","2227",2016,"male","Foreign",1,1,21,20,0,8,8,4,29,25,3
"22","2227",2016,"female","Austrian",-38,-2,2,4,-36,13,49,17,123,106,18
"22","2227",2016,"female","Foreign",13,11,32,21,2,8,6,13,41,28,3
"22","2227",2017,"male","Austrian",-32,-5,6,11,-27,27,54,30,136,106,12
"22","2227",2017,"male","Foreign",1,3,18,15,-2,2,4,18,43,25,2
"22","2227",2017,"female","Austrian",-28,0,5,5,-28,26,54,31,129,98,12
"22","2227",2017,"female","Foreign",-10,-4,22,26,-6,3,9,30,49,19,2
"22","2227",2018,"male","Austrian",-19,8,12,4,-27,28,55,53,177,124,21
"22","2227",2018,"male","Foreign",4,4,16,12,0,3,3,17,45,28,0
"22","2227",2018,"female","Austrian",-26,-1,3,4,-25,24,49,87,191,104,28
"22","2227",2018,"female","Foreign",22,23,32,9,-1,1,2,21,51,30,1
"22","2227",2019,"male","Austrian",-24,-1,10,11,-23,29,52,96,219,123,19
"22","2227",2019,"male","Foreign",-6,-7,25,32,1,6,5,27,60,33,4
"22","2227",2019,"female","Austrian",-6,3,8,5,-9,36,45,71,211,140,30
"22","2227",2019,"female","Foreign",-12,-10,20,30,-2,3,5,26,55,29,2
"22","2227",2020,"male","Austrian",-8,0,4,4,-8,32,40,185,295,110,30
"22","2227",2020,"male","Foreign",7,5,26,21,2,7,5,142,166,24,10
"22","2227",2020,"female","Austrian",-3,0,5,5,-3,32,35,185,309,124,34
"22","2227",2020,"female","Foreign",-7,-4,19,23,-3,5,8,136,163,27,4
"22","2227",2021,"male","Austrian",-18,-9,3,12,-9,31,40,-6,115,121,18
"22","2227",2021,"male","Foreign",1,3,19,16,-2,10,12,30,61,31,4
"22","2227",2021,"female","Austrian",-22,0,3,3,-22,34,56,8,128,120,23
"22","2227",2021,"female","Foreign",15,8,19,11,7,11,4,31,60,29,1
"22","2227",2022,"male","Austrian",2,-1,7,8,3,48,45,205,328,123,29
"22","2227",2022,"male","Foreign",55,34,52,18,21,28,7,161,205,44,11
"22","2227",2022,"female","Austrian",-17,-7,7,14,-10,56,66,238,349,111,40
"22","2227",2022,"female","Foreign",75,63,87,24,12,24,12,149,206,57,9
"22","2227",2023,"male","Austrian",-10,-3,6,9,-7,51,58,158,322,164,46
"22","2227",2023,"male","Foreign",58,44,73,29,14,21,7,143,193,50,16
"22","2227",2023,"female","Austrian",-10,-3,4,7,-7,71,78,140,290,150,45
"22","2227",2023,"female","Foreign",101,82,98,16,19,30,11,137,202,65,10
"22","2228",2007,"male","Austrian",-5,0,6,6,-5,18,23,82,136,54,13
"22","2228",2007,"male","Foreign",11,10,13,3,1,1,0,13,28,15,2
"22","2228",2007,"female","Austrian",-11,-1,1,2,-10,18,28,66,129,63,13
"22","2228",2007,"female","Foreign",8,13,14,1,-5,0,5,11,30,19,2
"22","2228",2008,"male","Austrian",-17,1,7,6,-18,17,35,31,99,68,15
"22","2228",2008,"male","Foreign",4,5,12,7,-1,1,2,-7,12,19,2
"22","2228",2008,"female","Austrian",-19,-4,2,6,-15,26,41,49,116,67,14
"22","2228",2008,"female","Foreign",4,7,12,5,-3,0,3,-3,12,15,0
"22","2228",2009,"male","Austrian",-10,-2,3,5,-8,23,31,23,103,80,10
"22","2228",2009,"male","Foreign",12,9,18,9,3,3,0,-7,20,27,2
"22","2228",2009,"female","Austrian",-16,-2,1,3,-14,24,38,30,108,78,10
"22","2228",2009,"female","Foreign",6,2,12,10,4,5,1,0,20,20,1
"22","2228",2010,"male","Austrian",1,5,7,2,-4,21,25,98,168,70,14
"22","2228",2010,"male","Foreign",9,8,12,4,1,5,4,4,18,14,3
"22","2228",2010,"female","Austrian",7,3,4,1,4,29,25,100,166,66,13
"22","2228",2010,"female","Foreign",1,2,14,12,-1,1,2,-3,13,16,2
"22","2228",2011,"male","Austrian",-29,-5,2,7,-24,12,36,43,128,85,9
"22","2228",2011,"male","Foreign",15,5,15,10,10,11,1,13,25,12,0
"22","2228",2011,"female","Austrian",-15,-2,0,2,-13,24,37,39,116,77,19
"22","2228",2011,"female","Foreign",8,7,12,5,1,4,3,14,24,10,0
"22","2228",2012,"male","Austrian",-10,3,5,2,-13,13,26,27,105,78,8
"22","2228",2012,"male","Foreign",-3,0,14,14,-3,4,7,0,18,18,0
"22","2228",2012,"female","Austrian",-21,2,3,1,-23,18,41,5,81,76,5
"22","2228",2012,"female","Foreign",7,4,12,8,3,8,5,4,21,17,0
"22","2228",2013,"male","Austrian",-5,2,6,4,-7,23,30,27,104,77,9
"22","2228",2013,"male","Foreign",15,14,21,7,1,4,3,11,26,15,0
"22","2228",2013,"female","Austrian",4,-2,3,5,6,24,18,9,82,73,5
"22","2228",2013,"female","Foreign",12,7,16,9,5,7,2,10,21,11,0
"22","2228",2014,"male","Austrian",-14,-4,5,9,-10,26,36,-5,81,86,9
"22","2228",2014,"male","Foreign",-7,0,19,19,-7,1,8,10,28,18,0
"22","2228",2014,"female","Austrian",-23,-4,2,6,-19,21,40,-14,62,76,13
"22","2228",2014,"female","Foreign",4,11,23,12,-7,2,9,11,25,14,0
"22","2228",2015,"male","Austrian",-30,-10,3,13,-20,17,37,27,116,89,17
"22","2228",2015,"male","Foreign",2,9,16,7,-7,1,8,11,35,24,1
"22","2228",2015,"female","Austrian",-31,-5,1,6,-26,20,46,26,114,88,14
"22","2228",2015,"female","Foreign",10,18,26,8,-8,2,10,12,35,23,1
"22","2228",2016,"male","Austrian",-13,-3,5,8,-10,14,24,3,96,93,7
"22","2228",2016,"male","Foreign",3,1,11,10,2,8,6,26,44,18,0
"22","2228",2016,"female","Austrian",-19,-3,0,3,-16,7,23,35,89,54,11
"22","2228",2016,"female","Foreign",9,9,16,7,0,4,4,21,42,21,0
"22","2228",2017,"male","Austrian",-22,2,5,3,-24,18,42,12,98,86,12
"22","2228",2017,"male","Foreign",19,13,22,9,6,9,3,32,55,23,2
"22","2228",2017,"female","Austrian",-20,2,5,3,-22,18,40,2,84,82,9
"22","2228",2017,"female","Foreign",20,12,23,11,8,11,3,24,47,23,1
"22","2228",2018,"male","Austrian",-10,-1,6,7,-9,20,29,36,112,76,12
"22","2228",2018,"male","Foreign",7,2,16,14,5,9,4,-17,22,39,0
"22","2228",2018,"female","Austrian",-33,-3,2,5,-30,20,50,9,93,84,14
"22","2228",2018,"female","Foreign",19,9,18,9,10,14,4,1,31,30,1
"22","2228",2019,"male","Austrian",-20,-2,4,6,-18,24,42,102,170,68,16
"22","2228",2019,"male","Foreign",13,11,18,7,2,5,3,39,69,30,2
"22","2228",2019,"female","Austrian",-7,1,3,2,-8,26,34,93,169,76,13
"22","2228",2019,"female","Foreign",-1,1,15,14,-2,4,6,37,67,30,2
"22","2228",2020,"male","Austrian",-26,-5,1,6,-21,20,41,90,184,94,11
"22","2228",2020,"male","Foreign",-3,-6,13,19,3,11,8,44,86,42,7
"22","2228",2020,"female","Austrian",2,2,6,4,0,29,29,136,214,78,10
"22","2228",2020,"female","Foreign",-3,-7,13,20,4,12,8,33,69,36,5
"22","2228",2021,"male","Austrian",1,3,7,4,-2,32,34,144,230,86,24
"22","2228",2021,"male","Foreign",12,8,17,9,4,10,6,42,78,36,2
"22","2228",2021,"female","Austrian",-5,0,3,3,-5,31,36,149,239,90,24
"22","2228",2021,"female","Foreign",11,12,23,11,-1,5,6,35,62,27,3
"22","2228",2022,"male","Austrian",-26,-6,4,10,-20,23,43,50,156,106,15
"22","2228",2022,"male","Foreign",28,24,40,16,4,9,5,7,43,36,2
"22","2228",2022,"female","Austrian",-33,-2,6,8,-31,21,52,39,148,109,15
"22","2228",2022,"female","Foreign",28,33,49,16,-5,6,11,27,51,24,3
"22","2228",2023,"male","Austrian",-17,-8,1,9,-9,26,35,72,187,115,19
"22","2228",2023,"male","Foreign",18,10,28,18,8,11,3,45,76,31,6
"22","2228",2023,"female","Austrian",-21,-8,2,10,-13,23,36,56,172,116,11
"22","2228",2023,"female","Foreign",29,24,41,17,5,13,8,50,79,29,2
"22","2229",2007,"male","Austrian",-25,1,9,8,-26,8,34,23,84,61,8
"22","2229",2007,"male","Foreign",4,7,13,6,-3,1,4,-3,13,16,0
"22","2229",2007,"female","Austrian",-16,0,4,4,-16,17,33,11,68,57,7
"22","2229",2007,"female","Foreign",3,5,7,2,-2,1,3,8,20,12,0
"22","2229",2008,"male","Austrian",-14,1,5,4,-15,18,33,14,72,58,7
"22","2229",2008,"male","Foreign",10,9,14,5,1,1,0,7,17,10,7
"22","2229",2008,"female","Austrian",-27,-4,0,4,-23,15,38,0,67,67,4
"22","2229",2008,"female","Foreign",13,14,18,4,-1,0,1,5,17,12,4
"22","2229",2009,"male","Austrian",-9,0,4,4,-9,15,24,-5,62,67,5
"22","2229",2009,"male","Foreign",5,7,14,7,-2,0,2,1,13,12,0
"22","2229",2009,"female","Austrian",-13,-7,0,7,-6,20,26,1,54,53,7
"22","2229",2009,"female","Foreign",8,6,16,10,2,4,2,0,12,12,0
"22","2229",2010,"male","Austrian",-11,-5,3,8,-6,10,16,5,65,60,10
"22","2229",2010,"male","Foreign",-4,-3,16,19,-1,0,1,8,17,9,0
"22","2229",2010,"female","Austrian",3,1,3,2,2,19,17,6,72,66,12
"22","2229",2010,"female","Foreign",4,3,22,19,1,1,0,13,25,12,1
"22","2229",2011,"male","Austrian",3,0,4,4,3,24,21,3,77,74,10
"22","2229",2011,"male","Foreign",-4,-1,14,15,-3,2,5,9,29,20,1
"22","2229",2011,"female","Austrian",-6,1,4,3,-7,21,28,14,83,69,12
"22","2229",2011,"female","Foreign",-14,-6,9,15,-8,1,9,8,26,18,1
"22","2229",2012,"male","Austrian",-15,-2,2,4,-13,19,32,20,75,55,5
"22","2229",2012,"male","Foreign",2,3,12,9,-1,1,2,2,18,16,3
"22","2229",2012,"female","Austrian",-17,-2,2,4,-15,19,34,9,60,51,4
"22","2229",2012,"female","Foreign",9,9,16,7,0,2,2,19,30,11,4
"22","2229",2013,"male","Austrian",-17,1,6,5,-18,7,25,36,72,36,1
"22","2229",2013,"male","Foreign",23,23,31,8,0,2,2,6,25,19,5
"22","2229",2013,"female","Austrian",-4,-2,0,2,-2,20,22,30,64,34,1
"22","2229",2013,"female","Foreign",0,2,10,8,-2,3,5,8,24,16,1
"22","2229",2014,"male","Austrian",-4,3,6,3,-7,11,18,8,59,51,6
"22","2229",2014,"male","Foreign",-2,-4,11,15,2,4,2,2,21,19,1
"22","2229",2014,"female","Austrian",-12,1,2,1,-13,14,27,4,49,45,10
"22","2229",2014,"female","Foreign",11,9,21,12,2,3,1,4,31,27,0
"22","2229",2015,"male","Austrian",-2,-1,2,3,-1,15,16,50,103,53,13
"22","2229",2015,"male","Foreign",8,10,24,14,-2,5,7,10,27,17,1
"22","2229",2015,"female","Austrian",-5,0,2,2,-5,16,21,39,101,62,15
"22","2229",2015,"female","Foreign",15,16,24,8,-1,7,8,2,17,15,0
"22","2229",2016,"male","Austrian",-12,-8,4,12,-4,18,22,-4,56,60,10
"22","2229",2016,"male","Foreign",-5,-2,16,18,-3,5,8,21,37,16,3
"22","2229",2016,"female","Austrian",-19,-6,0,6,-13,12,25,3,69,66,6
"22","2229",2016,"female","Foreign",10,7,28,21,3,6,3,32,51,19,7
"22","2229",2017,"male","Austrian",11,2,4,2,9,22,13,24,65,41,3
"22","2229",2017,"male","Foreign",8,8,20,12,0,7,7,13,35,22,3
"22","2229",2017,"female","Austrian",-19,-6,1,7,-13,11,24,15,65,50,1
"22","2229",2017,"female","Foreign",4,9,14,5,-5,8,13,-12,24,36,1
"22","2229",2018,"male","Austrian",-21,-7,1,8,-14,23,37,29,80,51,7
"22","2229",2018,"male","Foreign",12,10,19,9,2,10,8,6,35,29,1
"22","2229",2018,"female","Austrian",4,1,2,1,3,26,23,26,84,58,7
"22","2229",2018,"female","Foreign",14,8,22,14,6,13,7,17,39,22,0
"22","2229",2019,"male","Austrian",-12,2,7,5,-14,11,25,4,74,70,10
"22","2229",2019,"male","Foreign",-4,7,16,9,-11,9,20,12,31,19,1
"22","2229",2019,"female","Austrian",-12,0,3,3,-12,13,25,5,67,62,2
"22","2229",2019,"female","Foreign",10,11,22,11,-1,7,8,19,38,19,2
"22","2229",2020,"male","Austrian",-12,2,4,2,-14,13,27,19,80,61,7
"22","2229",2020,"male","Foreign",7,4,14,10,3,12,9,20,38,18,1
"22","2229",2020,"female","Austrian",-17,0,1,1,-17,11,28,17,74,57,4
"22","2229",2020,"female","Foreign",5,6,12,6,-1,8,9,14,34,20,0
"22","2229",2021,"male","Austrian",-15,-1,4,5,-14,13,27,23,73,50,7
"22","2229",2021,"male","Foreign",14,10,20,10,4,9,5,-1,17,18,1
"22","2229",2021,"female","Austrian",-12,5,9,4,-17,9,26,9,67,58,6
"22","2229",2021,"female","Foreign",1,3,12,9,-2,5,7,3,18,15,0
"22","2229",2022,"male","Austrian",-14,-6,5,11,-8,9,17,1,55,54,8
"22","2229",2022,"male","Foreign",-2,3,19,16,-5,5,10,3,32,29,2
"22","2229",2022,"female","Austrian",-29,-8,2,10,-21,16,37,10,71,61,5
"22","2229",2022,"female","Foreign",21,30,45,15,-9,4,13,-10,31,41,2
"22","2229",2023,"male","Austrian",-9,0,9,9,-9,19,28,-8,54,62,9
"22","2229",2023,"male","Foreign",23,8,20,12,15,19,4,10,41,31,2
"22","2229",2023,"female","Austrian",-13,1,5,4,-14,17,31,-6,56,62,5
"22","2229",2023,"female","Foreign",31,16,29,13,15,18,3,11,44,33,2
"22","2230",2007,"male","Austrian",1,0,0,0,1,1,0,0,0,0,0
"22","2230",2007,"male","Foreign",0,0,0,0,0,0,0,0,0,0,0
"22","2230",2007,"female","Austrian",0,0,0,0,0,0,0,0,0,0,0
"22","2230",2007,"female","Foreign",0,0,1,1,0,0,0,0,0,0,0
"22","2230",2008,"male","Austrian",0,0,0,0,0,0,0,-1,1,2,1
"22","2230",2008,"male","Foreign",0,0,0,0,0,0,0,1,1,0,0
"22","2230",2008,"female","Austrian",-1,0,0,0,-1,1,2,-1,0,1,1
"22","2230",2008,"female","Foreign",-1,0,0,0,-1,0,1,-2,0,2,0
"22","2230",2009,"male","Austrian",-3,-1,0,1,-2,0,2,1,1,0,0
"22","2230",2009,"male","Foreign",-1,0,0,0,-1,0,1,1,1,0,0
"22","2230",2009,"female","Austrian",-1,0,0,0,-1,0,1,1,1,0,0
"22","2230",2009,"female","Foreign",-1,-1,0,1,0,0,0,0,0,0,0
"22","2230",2010,"male","Austrian",0,0,0,0,0,1,1,0,0,0,0
"22","2230",2010,"male","Foreign",0,0,0,0,0,0,0,0,0,0,0
"22","2230",2010,"female","Austrian",0,0,0,0,0,0,0,0,0,0,0
"22","2230",2010,"female","Foreign",0,0,0,0,0,0,0,0,0,0,0
"22","2230",2011,"male","Austrian",-3,0,0,0,-3,0,3,0,1,1,2
"22","2230",2011,"male","Foreign",-1,-1,0,1,0,0,0,-1,0,1,0
"22","2230",2011,"female","Austrian",-2,0,0,0,-2,0,2,0,0,0,1
"22","2230",2011,"female","Foreign",-1,-1,0,1,0,0,0,0,0,0,0
"22","2230",2012,"male","Austrian",0,0,0,0,0,0,0,0,0,0,0
"22","2230",2012,"male","Foreign",0,0,0,0,0,0,0,0,0,0,0
"22","2230",2012,"female","Austrian",0,0,0,0,0,0,0,0,0,0,0
"22","2230",2012,"female","Foreign",0,0,0,0,0,0,0,0,0,0,0
"22","2230",2013,"male","Austrian",0,0,0,0,0,0,0,0,0,0,0
"22","2230",2013,"male","Foreign",0,0,0,0,0,0,0,0,0,0,0
"22","2230",2013,"female","Austrian",0,0,0,0,0,0,0,0,0,0,0
"22","2230",2013,"female","Foreign",0,0,0,0,0,0,0,0,0,0,0
"22","2230",2014,"male","Austrian",0,0,0,0,0,0,0,0,0,0,0
"22","2230",2014,"male","Foreign",0,0,0,0,0,0,0,0,0,0,0
"22","2230",2014,"female","Austrian",0,0,0,0,0,0,0,0,0,0,0
"22","2230",2014,"female","Foreign",0,0,0,0,0,0,0,0,0,0,0
"22","2230",2015,"male","Austrian",0,0,0,0,0,0,0,0,0,0,0
"22","2230",2015,"male","Foreign",0,0,0,0,0,0,0,0,0,0,0
"22","2230",2015,"female","Austrian",0,0,0,0,0,0,0,1,1,0,0
"22","2230",2015,"female","Foreign",0,0,0,0,0,0,0,0,0,0,0
"22","2230",2016,"male","Austrian",0,0,0,0,0,0,0,0,0,0,0
"22","2230",2016,"male","Foreign",2,2,2,0,0,0,0,0,0,0,0
"22","2230",2016,"female","Austrian",-1,-1,0,1,0,0,0,0,0,0,0
"22","2230",2016,"female","Foreign",0,0,0,0,0,0,0,0,0,0,0
"22","2230",2017,"male","Austrian",1,1,1,0,0,0,0,0,0,0,0
"22","2230",2017,"male","Foreign",0,0,0,0,0,0,0,0,0,0,0
"22","2230",2017,"female","Austrian",1,1,1,0,0,0,0,0,0,0,0
"22","2230",2017,"female","Foreign",0,0,0,0,0,0,0,0,0,0,0
"22","2230",2018,"male","Austrian",0,1,1,0,-1,0,1,-1,0,1,0
"22","2230",2018,"male","Foreign",0,0,0,0,0,0,0,0,0,0,0
"22","2230",2018,"female","Austrian",-1,0,0,0,-1,0,1,0,0,0,0
"22","2230",2018,"female","Foreign",0,0,0,0,0,0,0,0,0,0,0
"22","2230",2019,"male","Austrian",0,-1,0,1,1,1,0,0,0,0,0
"22","2230",2019,"male","Foreign",0,0,0,0,0,0,0,0,0,0,0
"22","2230",2019,"female","Austrian",0,0,0,0,0,0,0,0,0,0,0
"22","2230",2019,"female","Foreign",0,0,0,0,0,0,0,0,0,0,0
"22","2230",2020,"male","Austrian",-1,0,0,0,-1,0,1,0,0,0,0
"22","2230",2020,"male","Foreign",0,0,0,0,0,0,0,0,0,0,0
"22","2230",2020,"female","Austrian",0,0,0,0,0,0,0,0,0,0,0
"22","2230",2020,"female","Foreign",0,0,0,0,0,0,0,0,0,0,0
"22","2230",2021,"male","Austrian",0,0,0,0,0,0,0,0,0,0,0
"22","2230",2021,"male","Foreign",0,0,0,0,0,0,0,0,0,0,0
"22","2230",2021,"female","Austrian",0,0,0,0,0,0,0,0,0,0,0
"22","2230",2021,"female","Foreign",0,0,0,0,0,0,0,0,0,0,0
"22","2230",2022,"male","Austrian",0,0,0,0,0,0,0,0,0,0,0
"22","2230",2022,"male","Foreign",1,0,0,0,1,1,0,0,0,0,0
"22","2230",2022,"female","Austrian",0,0,0,0,0,0,0,0,0,0,0
"22","2230",2022,"female","Foreign",0,0,0,0,0,0,0,0,0,0,0
"22","2230",2023,"male","Austrian",0,0,0,0,0,0,0,0,0,0,0
"22","2230",2023,"male","Foreign",0,0,0,0,0,1,1,0,0,0,0
"22","2230",2023,"female","Austrian",0,0,0,0,0,0,0,0,1,1,0
"22","2230",2023,"female","Foreign",0,0,0,0,0,0,0,0,0,0,0
"22","2231",2007,"male","Austrian",-1,0,0,0,-1,1,2,0,1,1,0
"22","2231",2007,"male","Foreign",0,0,0,0,0,0,0,0,0,0,0
"22","2231",2007,"female","Austrian",0,0,0,0,0,1,1,5,5,0,0
"22","2231",2007,"female","Foreign",0,0,0,0,0,0,0,0,0,0,0
"22","2231",2008,"male","Austrian",0,-1,0,1,1,1,0,1,1,0,0
"22","2231",2008,"male","Foreign",0,0,0,0,0,0,0,0,0,0,0
"22","2231",2008,"female","Austrian",0,0,0,0,0,0,0,1,1,0,0
"22","2231",2008,"female","Foreign",0,0,0,0,0,0,0,0,0,0,0
"22","2231",2009,"male","Austrian",2,1,1,0,1,1,0,2,3,1,0
"22","2231",2009,"male","Foreign",0,0,0,0,0,0,0,1,1,0,0
"22","2231",2009,"female","Austrian",-1,0,0,0,-1,0,1,3,4,1,0
"22","2231",2009,"female","Foreign",0,0,0,0,0,0,0,0,0,0,0
"22","2231",2010,"male","Austrian",0,0,0,0,0,0,0,-1,3,4,0
"22","2231",2010,"male","Foreign",0,0,0,0,0,0,0,0,0,0,1
"22","2231",2010,"female","Austrian",0,0,0,0,0,0,0,-2,2,4,0
"22","2231",2010,"female","Foreign",0,0,0,0,0,0,0,0,0,0,0
"22","2231",2011,"male","Austrian",2,0,0,0,2,3,1,0,2,2,0
"22","2231",2011,"male","Foreign",0,0,0,0,0,0,0,-1,0,1,0
"22","2231",2011,"female","Austrian",0,0,0,0,0,0,0,-1,3,4,0
"22","2231",2011,"female","Foreign",0,0,0,0,0,0,0,0,0,0,0
"22","2231",2012,"male","Austrian",5,1,1,0,4,4,0,57,57,0,0
"22","2231",2012,"male","Foreign",0,0,0,0,0,0,0,11,11,0,0
"22","2231",2012,"female","Austrian",1,0,0,0,1,2,1,56,58,2,0
"22","2231",2012,"female","Foreign",0,0,0,0,0,0,0,8,8,0,0
"22","2231",2013,"male","Austrian",42,2,2,0,40,41,1,191,201,10,1
"22","2231",2013,"male","Foreign",54,53,53,0,1,1,0,67,70,3,0
"22","2231",2013,"female","Austrian",57,1,1,0,56,58,2,223,228,5,0
"22","2231",2013,"female","Foreign",86,82,82,0,4,5,1,53,60,7,0
"22","2231",2014,"male","Austrian",20,0,1,1,20,30,10,190,210,20,0
"22","2231",2014,"male","Foreign",34,33,72,39,1,3,2,40,85,45,2
"22","2231",2014,"female","Austrian",30,1,1,0,29,38,9,265,288,23,2
"22","2231",2014,"female","Foreign",32,27,64,37,5,7,2,49,98,49,2
"22","2231",2015,"male","Austrian",18,2,2,0,16,27,11,60,98,38,5
"22","2231",2015,"male","Foreign",36,34,55,21,2,4,2,-6,45,51,5
"22","2231",2015,"female","Austrian",16,2,2,0,14,23,9,95,128,33,2
"22","2231",2015,"female","Foreign",40,43,66,23,-3,1,4,14,52,38,4
"22","2231",2016,"male","Austrian",1,0,1,1,1,13,12,-3,36,39,5
"22","2231",2016,"male","Foreign",46,39,69,30,7,9,2,-28,25,53,6
"22","2231",2016,"female","Austrian",-1,1,2,1,-2,14,16,15,55,40,6
"22","2231",2016,"female","Foreign",49,46,78,32,3,3,0,-18,38,56,5
"22","2231",2017,"male","Austrian",-14,0,2,2,-14,8,22,5,31,26,4
"22","2231",2017,"male","Foreign",24,22,69,47,2,2,0,1,35,34,2
"22","2231",2017,"female","Austrian",-24,-2,0,2,-22,8,30,16,66,50,2
"22","2231",2017,"female","Foreign",24,23,68,45,1,3,2,-15,26,41,6
"22","2231",2018,"male","Austrian",-14,-2,1,3,-12,10,22,6,42,36,4
"22","2231",2018,"male","Foreign",5,6,48,42,-1,5,6,-17,31,48,10
"22","2231",2018,"female","Austrian",-10,-2,0,2,-8,6,14,19,53,34,2
"22","2231",2018,"female","Foreign",9,11,48,37,-2,3,5,-12,31,43,9
"22","2231",2019,"male","Austrian",-3,-2,0,2,-1,10,11,14,56,42,0
"22","2231",2019,"male","Foreign",10,9,44,35,1,6,5,-1,39,40,4
"22","2231",2019,"female","Austrian",-6,-3,2,5,-3,18,21,28,58,30,3
"22","2231",2019,"female","Foreign",35,35,63,28,0,4,4,-26,36,62,1
"22","2231",2020,"male","Austrian",-12,0,2,2,-12,18,30,61,99,38,4
"22","2231",2020,"male","Foreign",8,4,35,31,4,8,4,19,66,47,4
"22","2231",2020,"female","Austrian",-8,-2,1,3,-6,21,27,76,117,41,3
"22","2231",2020,"female","Foreign",-8,-10,31,41,2,9,7,14,71,57,6
"22","2231",2021,"male","Austrian",14,0,3,3,14,33,19,275,328,53,14
"22","2231",2021,"male","Foreign",34,26,52,26,8,13,5,237,268,31,5
"22","2231",2021,"female","Austrian",30,3,4,1,27,46,19,262,311,49,14
"22","2231",2021,"female","Foreign",41,28,49,21,13,18,5,240,272,32,9
"22","2231",2022,"male","Austrian",-4,2,4,2,-6,23,29,88,162,74,6
"22","2231",2022,"male","Foreign",61,49,79,30,12,25,13,56,141,85,7
"22","2231",2022,"female","Austrian",2,-1,2,3,3,32,29,79,143,64,10
"22","2231",2022,"female","Foreign",90,82,120,38,8,20,12,32,113,81,7
"22","2231",2023,"male","Austrian",-7,-3,2,5,-4,23,27,22,98,76,3
"22","2231",2023,"male","Foreign",34,14,53,39,20,22,2,12,90,78,23
"22","2231",2023,"female","Austrian",-14,-2,0,2,-12,17,29,30,84,54,5
"22","2231",2023,"female","Foreign",50,38,82,44,12,24,12,25,105,80,15
"22","2232",2007,"male","Austrian",-19,-8,6,14,-11,25,36,-11,57,68,14
"22","2232",2007,"male","Foreign",9,7,14,7,2,3,1,-4,26,30,4
"22","2232",2007,"female","Austrian",-6,-6,4,10,0,23,23,-1,50,51,11
"22","2232",2007,"female","Foreign",25,29,35,6,-4,1,5,-3,24,27,6
"22","2232",2008,"male","Austrian",-19,-7,7,14,-12,16,28,0,58,58,11
"22","2232",2008,"male","Foreign",1,3,23,20,-2,2,4,10,33,23,1
"22","2232",2008,"female","Austrian",-30,-9,2,11,-21,13,34,-6,57,63,17
"22","2232",2008,"female","Foreign",2,4,19,15,-2,4,6,8,32,24,4
"22","2232",2009,"male","Austrian",-16,-5,9,14,-11,26,37,-41,53,94,10
"22","2232",2009,"male","Foreign",6,7,26,19,-1,2,3,4,24,20,7
"22","2232",2009,"female","Austrian",-12,0,5,5,-12,16,28,-37,43,80,20
"22","2232",2009,"female","Foreign",14,15,36,21,-1,2,3,11,43,32,8
"22","2232",2010,"male","Austrian",-5,-1,10,11,-4,20,24,-13,57,70,18
"22","2232",2010,"male","Foreign",11,10,29,19,1,3,2,10,34,24,3
"22","2232",2010,"female","Austrian",-19,-2,6,8,-17,15,32,10,85,75,6
"22","2232",2010,"female","Foreign",8,9,34,25,-1,6,7,9,29,20,7
"22","2232",2011,"male","Austrian",-15,1,8,7,-16,16,32,-6,57,63,10
"22","2232",2011,"male","Foreign",4,6,27,21,-2,1,3,-3,31,34,1
"22","2232",2011,"female","Austrian",-16,-5,4,9,-11,21,32,-30,55,85,4
"22","2232",2011,"female","Foreign",21,18,39,21,3,6,3,10,33,23,4
"22","2232",2012,"male","Austrian",-11,-5,6,11,-6,16,22,-32,53,85,6
"22","2232",2012,"male","Foreign",16,17,36,19,-1,3,4,5,33,28,2
"22","2232",2012,"female","Austrian",-10,2,5,3,-12,15,27,-22,47,69,7
"22","2232",2012,"female","Foreign",21,18,30,12,3,5,2,-3,28,31,3
"22","2232",2013,"male","Austrian",-13,-6,7,13,-7,19,26,-38,53,91,8
"22","2232",2013,"male","Foreign",13,11,34,23,2,5,3,-10,29,39,6
"22","2232",2013,"female","Austrian",-13,-1,2,3,-12,9,21,-17,56,73,5
"22","2232",2013,"female","Foreign",23,24,42,18,-1,4,5,-21,30,51,5
"22","2232",2014,"male","Austrian",-13,1,10,9,-14,16,30,-24,40,64,5
"22","2232",2014,"male","Foreign",36,33,48,15,3,6,3,-5,34,39,2
"22","2232",2014,"female","Austrian",-2,2,8,6,-4,17,21,-17,42,59,10
"22","2232",2014,"female","Foreign",37,35,57,22,2,4,2,-1,27,28,3
"22","2232",2015,"male","Austrian",4,0,9,9,4,22,18,-8,56,64,9
"22","2232",2015,"male","Foreign",13,14,43,29,-1,3,4,-1,56,57,4
"22","2232",2015,"female","Austrian",-4,4,8,4,-8,12,20,-23,58,81,13
"22","2232",2015,"female","Foreign",25,28,57,29,-3,3,6,12,75,63,9
"22","2232",2016,"male","Austrian",-14,-4,6,10,-10,22,32,-19,69,88,18
"22","2232",2016,"male","Foreign",34,33,64,31,1,8,7,13,62,49,0
"22","2232",2016,"female","Austrian",-26,-14,2,16,-12,17,29,-13,63,76,15
"22","2232",2016,"female","Foreign",30,32,63,31,-2,10,12,11,63,52,1
"22","2232",2017,"male","Austrian",-19,-5,9,14,-14,19,33,-21,57,78,17
"22","2232",2017,"male","Foreign",29,22,55,33,7,12,5,35,71,36,9
"22","2232",2017,"female","Austrian",-18,-4,6,10,-14,15,29,-16,69,85,22
"22","2232",2017,"female","Foreign",19,16,54,38,3,7,4,24,74,50,21
"22","2232",2018,"male","Austrian",-28,-12,8,20,-16,12,28,-12,55,67,2
"22","2232",2018,"male","Foreign",23,23,60,37,0,7,7,-8,46,54,3
"22","2232",2018,"female","Austrian",-27,-10,6,16,-17,12,29,-16,42,58,10
"22","2232",2018,"female","Foreign",26,27,62,35,-1,6,7,14,59,45,5
"22","2232",2019,"male","Austrian",-12,-4,10,14,-8,20,28,-22,46,68,20
"22","2232",2019,"male","Foreign",-1,9,48,39,-10,3,13,21,63,42,6
"22","2232",2019,"female","Austrian",-3,1,7,6,-4,15,19,-11,59,70,14
"22","2232",2019,"female","Foreign",28,27,61,34,1,8,7,5,55,50,8
"22","2232",2020,"male","Austrian",11,7,11,4,4,28,24,-10,46,56,19
"22","2232",2020,"male","Foreign",20,21,53,32,-1,6,7,-2,54,56,13
"22","2232",2020,"female","Austrian",-6,-2,2,4,-4,12,16,-30,51,81,21
"22","2232",2020,"female","Foreign",22,21,54,33,1,6,5,6,58,52,12
"22","2232",2021,"male","Austrian",-20,-7,6,13,-13,11,24,-1,54,55,16
"22","2232",2021,"male","Foreign",9,9,48,39,0,8,8,-7,43,50,6
"22","2232",2021,"female","Austrian",-6,4,5,1,-10,10,20,0,56,56,16
"22","2232",2021,"female","Foreign",10,16,47,31,-6,3,9,-1,50,51,15
"22","2232",2022,"male","Austrian",-9,-2,10,12,-7,18,25,-25,44,69,21
"22","2232",2022,"male","Foreign",170,158,221,63,12,26,14,51,120,69,14
"22","2232",2022,"female","Austrian",-18,-9,4,13,-9,15,24,-10,54,64,11
"22","2232",2022,"female","Foreign",150,158,230,72,-8,14,22,63,128,65,16
"22","2232",2023,"male","Austrian",1,-4,7,11,5,27,22,-20,67,87,13
"22","2232",2023,"male","Foreign",131,115,229,114,16,26,10,1,150,149,17
"22","2232",2023,"female","Austrian",4,1,4,3,3,22,19,-22,58,80,8
"22","2232",2023,"female","Foreign",177,163,268,105,14,23,9,16,153,137,20
"22","2299",2007,"male","Austrian",-28,-4,1,5,-24,1,25,-21,99,120,5
"22","2299",2007,"male","Foreign",-9,-7,3,10,-2,1,3,-2,10,12,0
"22","2299",2007,"female","Austrian",-29,-4,0,4,-25,4,29,-59,78,137,2
"22","2299",2007,"female","Foreign",-3,-2,4,6,-1,1,2,-5,5,10,0
"22","2299",2008,"male","Austrian",2,1,1,0,1,6,5,36,70,34,7
"22","2299",2008,"male","Foreign",1,-3,0,3,4,4,0,7,11,4,0
"22","2299",2008,"female","Austrian",-9,0,0,0,-9,1,10,32,62,30,6
"22","2299",2008,"female","Foreign",0,-1,1,2,1,1,0,6,8,2,1
"22","2299",2009,"male","Austrian",-2,-1,1,2,-1,3,4,14,50,36,1
"22","2299",2009,"male","Foreign",3,3,3,0,0,0,0,-2,3,5,0
"22","2299",2009,"female","Austrian",-3,0,1,1,-3,1,4,30,47,17,0
"22","2299",2009,"female","Foreign",2,2,4,2,0,0,0,2,8,6,0
"22","2299",2010,"male","Austrian",-1,0,1,1,-1,4,5,10,30,20,2
"22","2299",2010,"male","Foreign",-3,-3,0,3,0,0,0,3,7,4,1
"22","2299",2010,"female","Austrian",1,-1,0,1,2,5,3,13,33,20,2
"22","2299",2010,"female","Foreign",-4,-4,0,4,0,0,0,1,2,1,0
"22","2299",2011,"male","Austrian",-7,-2,0,2,-5,1,6,-9,18,27,0
"22","2299",2011,"male","Foreign",1,0,2,2,1,1,0,0,7,7,0
"22","2299",2011,"female","Austrian",-8,-2,0,2,-6,0,6,-5,18,23,0
"22","2299",2011,"female","Foreign",3,3,4,1,0,0,0,-2,5,7,0
"22","2299",2012,"male","Austrian",-11,-4,0,4,-7,2,9,9,30,21,0
"22","2299",2012,"male","Foreign",-4,-3,0,3,-1,0,1,6,9,3,0
"22","2299",2012,"female","Austrian",-6,-5,0,5,-1,2,3,4,26,22,0
"22","2299",2012,"female","Foreign",-4,-3,0,3,-1,0,1,9,9,0,0
"22","2299",2013,"male","Austrian",-62,-15,0,15,-47,9,56,-104,47,151,3
"22","2299",2013,"male","Foreign",-29,-18,9,27,-11,1,12,-42,11,53,0
"22","2299",2013,"female","Austrian",-37,0,6,6,-37,7,44,-123,42,165,5
"22","2299",2013,"female","Foreign",-28,-17,7,24,-11,0,11,-50,11,61,0
"22","2299",2014,"male","Austrian",-8,0,1,1,-8,1,9,19,47,28,0
"22","2299",2014,"male","Foreign",5,5,6,1,0,1,1,1,11,10,0
"22","2299",2014,"female","Austrian",-2,0,2,2,-2,2,4,2,44,42,0
"22","2299",2014,"female","Foreign",3,4,5,1,-1,0,1,8,16,8,0
"22","2299",2015,"male","Austrian",-4,-2,0,2,-2,2,4,-13,2,15,0
"22","2299",2015,"male","Foreign",-4,-4,0,4,0,0,0,-3,2,5,0
"22","2299",2015,"female","Austrian",-1,0,0,0,-1,1,2,-14,4,18,0
"22","2299",2015,"female","Foreign",-3,-4,0,4,1,1,0,1,4,3,0
"22","2299",2016,"male","Austrian",-10,-2,0,2,-8,1,9,6,17,11,0
"22","2299",2016,"male","Foreign",0,0,1,1,0,0,0,0,1,1,0
"22","2299",2016,"female","Austrian",-9,-2,0,2,-7,2,9,0,22,22,0
"22","2299",2016,"female","Foreign",-1,-1,0,1,0,0,0,-1,2,3,0
"22","2299",2017,"male","Austrian",-4,-3,0,3,-1,1,2,-9,14,23,0
"22","2299",2017,"male","Foreign",-2,-2,0,2,0,0,0,-2,5,7,0
"22","2299",2017,"female","Austrian",-6,-1,0,1,-5,0,5,-16,8,24,0
"22","2299",2017,"female","Foreign",-1,-1,0,1,0,0,0,4,5,1,0
"22","2299",2018,"male","Austrian",-4,0,0,0,-4,0,4,-9,9,18,0
"22","2299",2018,"male","Foreign",0,0,0,0,0,0,0,-1,1,2,0
"22","2299",2018,"female","Austrian",-10,-1,0,1,-9,0,9,-13,4,17,0
"22","2299",2018,"female","Foreign",-1,0,0,0,-1,0,1,0,1,1,0
"22","2299",2019,"male","Austrian",1,0,0,0,1,1,0,0,1,1,0
"22","2299",2019,"male","Foreign",0,-1,0,1,1,1,0,4,4,0,0
"22","2299",2019,"female","Austrian",2,0,0,0,2,2,0,0,1,1,0
"22","2299",2019,"female","Foreign",1,0,0,0,1,1,0,4,4,0,0
"22","2299",2020,"male","Austrian",0,0,0,0,0,0,0,6,6,0,0
"22","2299",2020,"male","Foreign",0,0,0,0,0,0,0,1,1,0,0
"22","2299",2020,"female","Austrian",1,0,0,0,1,1,0,8,8,0,0
"22","2299",2020,"female","Foreign",0,0,0,0,0,0,0,2,3,1,0
"22","2299",2021,"male","Austrian",3,0,0,0,3,3,0,21,23,2,0
"22","2299",2021,"male","Foreign",0,0,0,0,0,0,0,8,8,0,0
"22","2299",2021,"female","Austrian",3,0,0,0,3,3,0,31,36,5,0
"22","2299",2021,"female","Foreign",0,0,0,0,0,0,0,5,5,0,0
"22","2299",2022,"male","Austrian",-1,0,0,0,-1,0,1,1,7,6,0
"22","2299",2022,"male","Foreign",1,3,3,0,-2,0,2,-1,0,1,0
"22","2299",2022,"female","Austrian",2,0,0,0,2,2,0,2,6,4,0
"22","2299",2022,"female","Foreign",1,2,2,0,-1,0,1,1,2,1,0
"22","2299",2023,"male","Austrian",0,0,0,0,0,0,0,2,2,0,0
"22","2299",2023,"male","Foreign",2,2,2,0,0,0,0,1,2,1,0
"22","2299",2023,"female","Austrian",0,0,0,0,0,0,0,0,0,0,0
"22","2299",2023,"female","Foreign",2,2,2,0,0,0,0,1,1,0,0
"23","2301",2007,"male","Austrian",-14,-2,2,4,-12,9,21,8,44,36,5
"23","2301",2007,"male","Foreign",9,8,18,10,1,4,3,8,31,23,5
"23","2301",2007,"female","Austrian",-2,-1,3,4,-1,11,12,-4,41,45,6
"23","2301",2007,"female","Foreign",5,5,10,5,0,2,2,8,20,12,4
"23","2301",2008,"male","Austrian",-1,1,5,4,-2,19,21,35,84,49,3
"23","2301",2008,"male","Foreign",7,2,14,12,5,9,4,6,29,23,1
"23","2301",2008,"female","Austrian",-19,1,3,2,-20,2,22,40,80,40,5
"23","2301",2008,"female","Foreign",14,13,16,3,1,3,2,6,26,20,2
"23","2301",2009,"male","Austrian",-2,-5,2,7,3,24,21,36,89,53,12
"23","2301",2009,"male","Foreign",8,4,15,11,4,9,5,4,33,29,1
"23","2301",2009,"female","Austrian",-4,1,3,2,-5,16,21,37,97,60,6
"23","2301",2009,"female","Foreign",19,15,23,8,4,4,0,11,25,14,2
"23","2301",2010,"male","Austrian",-19,1,5,4,-20,10,30,26,61,35,4
"23","2301",2010,"male","Foreign",-4,-7,17,24,3,7,4,14,24,10,1
"23","2301",2010,"female","Austrian",-16,-3,1,4,-13,11,24,50,83,33,5
"23","2301",2010,"female","Foreign",5,6,16,10,-1,2,3,17,35,18,4
"23","2301",2011,"male","Austrian",-14,-2,4,6,-12,18,30,8,52,44,4
"23","2301",2011,"male","Foreign",19,17,30,13,2,6,4,-5,32,37,1
"23","2301",2011,"female","Austrian",10,7,8,1,3,24,21,12,59,47,4
"23","2301",2011,"female","Foreign",-5,-4,23,27,-1,0,1,12,32,20,0
"23","2301",2012,"male","Austrian",-9,3,6,3,-12,11,23,17,67,50,6
"23","2301",2012,"male","Foreign",-10,-6,15,21,-4,3,7,6,35,29,1
"23","2301",2012,"female","Austrian",-5,-3,1,4,-2,14,16,23,68,45,5
"23","2301",2012,"female","Foreign",3,6,19,13,-3,3,6,3,24,21,4
"23","2301",2013,"male","Austrian",-7,2,3,1,-9,8,17,6,40,34,4
"23","2301",2013,"male","Foreign",6,8,26,18,-2,5,7,-3,32,35,0
"23","2301",2013,"female","Austrian",-12,0,2,2,-12,9,21,3,33,30,7
"23","2301",2013,"female","Foreign",10,14,21,7,-4,1,5,-6,21,27,1
"23","2301",2014,"male","Austrian",-10,-3,3,6,-7,12,19,7,47,40,1
"23","2301",2014,"male","Foreign",28,22,43,21,6,9,3,8,35,27,5
"23","2301",2014,"female","Austrian",0,-1,1,2,1,14,13,-12,42,54,2
"23","2301",2014,"female","Foreign",12,8,18,10,4,5,1,13,36,23,1
"23","2301",2015,"male","Austrian",5,1,7,6,4,26,22,103,136,33,9
"23","2301",2015,"male","Foreign",48,37,61,24,11,18,7,44,80,36,6
"23","2301",2015,"female","Austrian",4,0,2,2,4,30,26,98,147,49,7
"23","2301",2015,"female","Foreign",43,36,46,10,7,9,2,18,55,37,1
"23","2301",2016,"male","Austrian",4,-4,6,10,8,23,15,43,91,48,13
"23","2301",2016,"male","Foreign",26,21,41,20,5,15,10,3,75,72,4
"23","2301",2016,"female","Austrian",-9,-1,2,3,-8,20,28,24,81,57,6
"23","2301",2016,"female","Foreign",34,32,48,16,2,5,3,22,55,33,2
"23","2301",2017,"male","Austrian",-16,-2,5,7,-14,17,31,11,58,47,6
"23","2301",2017,"male","Foreign",44,16,36,20,28,34,6,18,85,67,9
"23","2301",2017,"female","Austrian",-14,-5,1,6,-9,12,21,12,61,49,5
"23","2301",2017,"female","Foreign",33,24,38,14,9,15,6,27,63,36,2
"23","2301",2018,"male","Austrian",-17,-6,2,8,-11,15,26,-18,65,83,15
"23","2301",2018,"male","Foreign",10,6,35,29,4,18,14,-44,61,105,10
"23","2301",2018,"female","Austrian",-32,-2,2,4,-30,8,38,0,66,66,10
"23","2301",2018,"female","Foreign",-2,-12,15,27,10,15,5,-37,36,73,10
"23","2301",2019,"male","Austrian",-11,1,2,1,-12,10,22,-5,50,55,4
"23","2301",2019,"male","Foreign",5,-5,21,26,10,19,9,4,63,59,9
"23","2301",2019,"female","Austrian",-21,-2,0,2,-19,11,30,-1,59,60,7
"23","2301",2019,"female","Foreign",8,2,18,16,6,9,3,15,56,41,7
"23","2301",2020,"male","Austrian",-16,1,3,2,-17,17,34,-7,57,64,8
"23","2301",2020,"male","Foreign",2,5,24,19,-3,12,15,-2,70,72,9
"23","2301",2020,"female","Austrian",-16,2,3,1,-18,11,29,-14,47,61,8
"23","2301",2020,"female","Foreign",-14,4,20,16,-18,8,26,-13,48,61,5
"23","2301",2021,"male","Austrian",-18,1,5,4,-19,13,32,-9,52,61,4
"23","2301",2021,"male","Foreign",0,-8,22,30,8,19,11,14,78,64,6
"23","2301",2021,"female","Austrian",-12,1,2,1,-13,20,33,11,55,44,7
"23","2301",2021,"female","Foreign",2,1,16,15,1,6,5,-4,41,45,3
"23","2301",2022,"male","Austrian",-22,2,3,1,-24,11,35,18,62,44,7
"23","2301",2022,"male","Foreign",44,23,42,19,21,33,12,3,77,74,2
"23","2301",2022,"female","Austrian",-22,0,3,3,-22,14,36,2,54,52,5
"23","2301",2022,"female","Foreign",21,21,37,16,0,12,12,-12,34,46,2
"23","2301",2023,"male","Austrian",-9,-3,1,4,-6,16,22,-15,44,59,5
"23","2301",2023,"male","Foreign",10,3,35,32,7,20,13,34,89,55,6
"23","2301",2023,"female","Austrian",-17,-2,1,3,-15,11,26,-7,56,63,4
"23","2301",2023,"female","Foreign",10,-6,17,23,16,22,6,12,55,43,7
"23","2302",2007,"male","Austrian",-27,4,7,3,-31,25,56,3,84,81,5
"23","2302",2007,"male","Foreign",11,14,27,13,-3,6,9,8,41,33,4
"23","2302",2007,"female","Austrian",-32,-1,3,4,-31,26,57,7,73,66,4
"23","2302",2007,"female","Foreign",9,9,23,14,0,7,7,-8,28,36,2
"23","2302",2008,"male","Austrian",-16,1,8,7,-17,37,54,53,133,80,16
"23","2302",2008,"male","Foreign",24,12,29,17,12,19,7,35,62,27,3
"23","2302",2008,"female","Austrian",-18,-2,4,6,-16,38,54,60,135,75,13
"23","2302",2008,"female","Foreign",26,10,21,11,16,19,3,20,48,28,1
"23","2302",2009,"male","Austrian",7,11,14,3,-4,36,40,27,92,65,12
"23","2302",2009,"male","Foreign",36,27,39,12,9,13,4,-11,41,52,1
"23","2302",2009,"female","Austrian",-10,3,5,2,-13,31,44,25,91,66,11
"23","2302",2009,"female","Foreign",22,12,37,25,10,16,6,12,46,34,3
"23","2302",2010,"male","Austrian",-32,-2,7,9,-30,10,40,46,127,81,16
"23","2302",2010,"male","Foreign",-5,-6,24,30,1,9,8,1,38,37,2
"23","2302",2010,"female","Austrian",-20,-2,3,5,-18,17,35,31,106,75,9
"23","2302",2010,"female","Foreign",5,10,35,25,-5,6,11,11,41,30,2
"23","2302",2011,"male","Austrian",12,3,7,4,9,44,35,87,172,85,11
"23","2302",2011,"male","Foreign",18,16,64,48,2,9,7,16,53,37,5
"23","2302",2011,"female","Austrian",14,2,4,2,12,47,35,94,179,85,11
"23","2302",2011,"female","Foreign",8,10,42,32,-2,9,11,7,34,27,3
"23","2302",2012,"male","Austrian",-32,2,8,6,-34,19,53,4,93,89,5
"23","2302",2012,"male","Foreign",10,17,48,31,-7,7,14,11,50,39,0
"23","2302",2012,"female","Austrian",-24,-2,2,4,-22,21,43,-13,89,102,5
"23","2302",2012,"female","Foreign",19,22,42,20,-3,9,12,10,43,33,0
"23","2302",2013,"male","Austrian",-16,-5,7,12,-11,32,43,3,73,70,6
"23","2302",2013,"male","Foreign",99,97,126,29,2,15,13,14,46,32,6
"23","2302",2013,"female","Austrian",-16,-5,3,8,-11,24,35,12,80,68,9
"23","2302",2013,"female","Foreign",12,12,34,22,0,11,11,6,48,42,1
"23","2302",2014,"male","Austrian",-23,-8,5,13,-15,26,41,-22,79,101,7
"23","2302",2014,"male","Foreign",47,37,119,82,10,22,12,-6,89,95,1
"23","2302",2014,"female","Austrian",-29,-1,1,2,-28,16,44,-20,85,105,5
"23","2302",2014,"female","Foreign",16,23,36,13,-7,4,11,-11,55,66,0
"23","2302",2015,"male","Austrian",-12,6,8,2,-18,19,37,69,129,60,13
"23","2302",2015,"male","Foreign",57,54,130,76,3,21,18,41,125,84,5
"23","2302",2015,"female","Austrian",-13,-5,1,6,-8,27,35,35,120,85,9
"23","2302",2015,"female","Foreign",44,42,50,8,2,8,6,8,74,66,4
"23","2302",2016,"male","Austrian",-28,3,11,8,-31,25,56,14,108,94,10
"23","2302",2016,"male","Foreign",32,24,109,85,8,36,28,4,133,129,5
"23","2302",2016,"female","Austrian",-24,1,7,6,-25,27,52,36,104,68,5
"23","2302",2016,"female","Foreign",30,24,62,38,6,23,17,21,88,67,2
"23","2302",2017,"male","Austrian",-13,1,6,5,-14,29,43,-28,82,110,5
"23","2302",2017,"male","Foreign",77,62,117,55,15,42,27,8,116,108,10
"23","2302",2017,"female","Austrian",-35,-6,0,6,-29,26,55,-9,77,86,9
"23","2302",2017,"female","Foreign",22,22,53,31,0,12,12,16,85,69,2
"23","2302",2018,"male","Austrian",-23,-1,2,3,-22,26,48,3,88,85,7
"23","2302",2018,"male","Foreign",21,25,114,89,-4,16,20,3,111,108,3
"23","2302",2018,"female","Austrian",-26,1,4,3,-27,21,48,8,83,75,7
"23","2302",2018,"female","Foreign",6,7,43,36,-1,12,13,10,84,74,3
"23","2302",2019,"male","Austrian",-29,4,16,12,-33,19,52,10,107,97,8
"23","2302",2019,"male","Foreign",15,40,115,75,-25,30,55,23,130,107,6
"23","2302",2019,"female","Austrian",-1,6,16,10,-7,33,40,-28,70,98,15
"23","2302",2019,"female","Foreign",15,22,41,19,-7,13,20,-3,77,80,0
"23","2302",2020,"male","Austrian",-11,-3,7,10,-8,35,43,86,172,86,14
"23","2302",2020,"male","Foreign",22,17,77,60,5,34,29,41,145,104,10
"23","2302",2020,"female","Austrian",-8,0,7,7,-8,42,50,71,163,92,13
"23","2302",2020,"female","Foreign",10,17,35,18,-7,15,22,50,103,53,10
"23","2302",2021,"male","Austrian",-4,2,9,7,-6,45,51,84,162,78,10
"23","2302",2021,"male","Foreign",57,45,124,79,12,49,37,23,126,103,7
"23","2302",2021,"female","Austrian",-8,0,3,3,-8,46,54,75,159,84,12
"23","2302",2021,"female","Foreign",36,22,46,24,14,28,14,42,122,80,4
"23","2302",2022,"male","Austrian",-26,-1,6,7,-25,45,70,41,121,80,19
"23","2302",2022,"male","Foreign",50,65,151,86,-15,33,48,46,165,119,13
"23","2302",2022,"female","Austrian",-27,2,5,3,-29,33,62,17,116,99,13
"23","2302",2022,"female","Foreign",75,62,83,21,13,29,16,17,116,99,9
"23","2302",2023,"male","Austrian",-6,-3,9,12,-3,33,36,-2,92,94,16
"23","2302",2023,"male","Foreign",-17,-12,104,116,-5,26,31,41,166,125,14
"23","2302",2023,"female","Austrian",-32,-10,3,13,-22,24,46,18,101,83,14
"23","2302",2023,"female","Foreign",13,21,51,30,-8,12,20,9,106,97,7
"23","2303",2007,"male","Austrian",-21,-2,2,4,-19,12,31,8,72,64,3
"23","2303",2007,"male","Foreign",20,17,21,4,3,6,3,-13,15,28,1
"23","2303",2007,"female","Austrian",-12,1,3,2,-13,13,26,21,76,55,10
"23","2303",2007,"female","Foreign",0,1,6,5,-1,0,1,2,9,7,1
"23","2303",2008,"male","Austrian",-15,-4,4,8,-11,13,24,21,56,35,1
"23","2303",2008,"male","Foreign",24,12,19,7,12,14,2,-17,18,35,0
"23","2303",2008,"female","Austrian",-9,-2,2,4,-7,15,22,12,66,54,6
"23","2303",2008,"female","Foreign",9,8,14,6,1,3,2,8,22,14,2
"23","2303",2009,"male","Austrian",-17,-1,3,4,-16,6,22,-12,54,66,2
"23","2303",2009,"male","Foreign",11,5,16,11,6,13,7,-6,19,25,0
"23","2303",2009,"female","Austrian",-4,-2,0,2,-2,13,15,-10,56,66,3
"23","2303",2009,"female","Foreign",-3,-3,8,11,0,4,4,11,19,8,2
"23","2303",2010,"male","Austrian",-13,0,4,4,-13,9,22,20,81,61,5
"23","2303",2010,"male","Foreign",4,3,16,13,1,2,1,-3,28,31,0
"23","2303",2010,"female","Austrian",-2,-2,1,3,0,16,16,19,81,62,11
"23","2303",2010,"female","Foreign",-3,-7,13,20,4,8,4,9,20,11,0
"23","2303",2011,"male","Austrian",-13,-1,3,4,-12,15,27,13,65,52,5
"23","2303",2011,"male","Foreign",19,11,17,6,8,10,2,-6,22,28,0
"23","2303",2011,"female","Austrian",-15,1,3,2,-16,11,27,3,55,52,6
"23","2303",2011,"female","Foreign",11,12,26,14,-1,2,3,0,21,21,0
"23","2303",2012,"male","Austrian",-4,5,8,3,-9,14,23,12,77,65,6
"23","2303",2012,"male","Foreign",10,3,13,10,7,11,4,3,19,16,1
"23","2303",2012,"female","Austrian",-10,1,1,0,-11,3,14,35,80,45,9
"23","2303",2012,"female","Foreign",9,9,18,9,0,2,2,15,27,12,0
"23","2303",2013,"male","Austrian",-8,-7,0,7,-1,9,10,35,67,32,5
"23","2303",2013,"male","Foreign",11,7,12,5,4,4,0,3,27,24,0
"23","2303",2013,"female","Austrian",-13,-11,0,11,-2,13,15,18,67,49,2
"23","2303",2013,"female","Foreign",4,6,13,7,-2,1,3,-2,24,26,1
"23","2303",2014,"male","Austrian",-8,-4,4,8,-4,20,24,32,71,39,8
"23","2303",2014,"male","Foreign",30,25,35,10,5,8,3,-2,34,36,1
"23","2303",2014,"female","Austrian",-2,5,7,2,-7,18,25,-7,53,60,2
"23","2303",2014,"female","Foreign",2,4,15,11,-2,1,3,4,24,20,4
"23","2303",2015,"male","Austrian",-4,3,4,1,-7,14,21,26,69,43,4
"23","2303",2015,"male","Foreign",12,8,22,14,4,5,1,-10,33,43,0
"23","2303",2015,"female","Austrian",-7,0,2,2,-7,11,18,-17,59,76,7
"23","2303",2015,"female","Foreign",14,14,24,10,0,3,3,1,24,23,0
"23","2303",2016,"male","Austrian",-4,-4,4,8,0,18,18,12,62,50,13
"23","2303",2016,"male","Foreign",8,7,26,19,1,5,4,-12,32,44,6
"23","2303",2016,"female","Austrian",-3,0,2,2,-3,17,20,0,52,52,8
"23","2303",2016,"female","Foreign",15,16,23,7,-1,2,3,-11,20,31,2
"23","2303",2017,"male","Austrian",-3,0,4,4,-3,12,15,17,59,42,10
"23","2303",2017,"male","Foreign",12,10,23,13,2,6,4,11,52,41,1
"23","2303",2017,"female","Austrian",2,-1,1,2,3,16,13,8,61,53,4
"23","2303",2017,"female","Foreign",1,4,18,14,-3,1,4,6,35,29,0
"23","2303",2018,"male","Austrian",-17,-2,3,5,-15,5,20,12,65,53,7
"23","2303",2018,"male","Foreign",-9,-7,20,27,-2,6,8,39,84,45,16
"23","2303",2018,"female","Austrian",-7,-8,0,8,1,10,9,10,69,59,6
"23","2303",2018,"female","Foreign",8,8,14,6,0,6,6,18,39,21,0
"23","2303",2019,"male","Austrian",3,1,4,3,2,24,22,17,73,56,12
"23","2303",2019,"male","Foreign",6,0,18,18,6,11,5,6,51,45,7
"23","2303",2019,"female","Austrian",-11,2,3,1,-13,14,27,17,66,49,15
"23","2303",2019,"female","Foreign",1,2,8,6,-1,3,4,14,37,23,2
"23","2303",2020,"male","Austrian",-13,2,5,3,-15,10,25,22,79,57,9
"23","2303",2020,"male","Foreign",19,10,29,19,9,18,9,16,59,43,3
"23","2303",2020,"female","Austrian",-14,-1,0,1,-13,12,25,-4,51,55,7
"23","2303",2020,"female","Foreign",8,8,16,8,0,8,8,14,39,25,0
"23","2303",2021,"male","Austrian",-8,3,3,0,-11,16,27,13,68,55,8
"23","2303",2021,"male","Foreign",26,7,17,10,19,28,9,0,46,46,5
"23","2303",2021,"female","Austrian",-12,2,3,1,-14,11,25,-1,66,67,10
"23","2303",2021,"female","Foreign",9,9,14,5,0,1,1,4,26,22,3
"23","2303",2022,"male","Austrian",-1,-2,2,4,1,17,16,19,70,51,9
"23","2303",2022,"male","Foreign",30,23,37,14,7,18,11,-4,54,58,6
"23","2303",2022,"female","Austrian",-4,-2,1,3,-2,21,23,9,62,53,10
"23","2303",2022,"female","Foreign",47,48,56,8,-1,9,10,-11,36,47,7
"23","2303",2023,"male","Austrian",-14,1,3,2,-15,13,28,-8,59,67,8
"23","2303",2023,"male","Foreign",18,7,22,15,11,23,12,5,59,54,3
"23","2303",2023,"female","Austrian",-7,0,1,1,-7,21,28,11,69,58,1
"23","2303",2023,"female","Foreign",3,1,14,13,2,9,7,15,34,19,0
"23","2304",2007,"male","Austrian",-55,-7,12,19,-48,26,74,64,197,133,26
"23","2304",2007,"male","Foreign",6,14,25,11,-8,4,12,17,45,28,2
"23","2304",2007,"female","Austrian",-57,-3,5,8,-54,32,86,99,238,139,38
"23","2304",2007,"female","Foreign",14,20,33,13,-6,7,13,17,49,32,3
"23","2304",2008,"male","Austrian",-46,-3,5,8,-43,30,73,22,176,154,19
"23","2304",2008,"male","Foreign",10,5,16,11,5,6,1,27,71,44,4
"23","2304",2008,"female","Austrian",-54,0,8,8,-54,34,88,33,195,162,31
"23","2304",2008,"female","Foreign",11,9,20,11,2,6,4,30,66,36,2
"23","2304",2009,"male","Austrian",-33,-12,12,24,-21,34,55,25,168,143,32
"23","2304",2009,"male","Foreign",5,7,16,9,-2,2,4,25,59,34,8
"23","2304",2009,"female","Austrian",-27,-7,5,12,-20,40,60,36,175,139,34
"23","2304",2009,"female","Foreign",10,7,24,17,3,7,4,31,65,34,9
"23","2304",2010,"male","Austrian",-36,-6,11,17,-30,27,57,2,162,160,18
"23","2304",2010,"male","Foreign",5,7,20,13,-2,3,5,16,53,37,6
"23","2304",2010,"female","Austrian",-40,-6,7,13,-34,29,63,52,191,139,14
"23","2304",2010,"female","Foreign",10,9,24,15,1,5,4,20,52,32,6
"23","2304",2011,"male","Austrian",-45,-9,5,14,-36,35,71,27,165,138,27
"23","2304",2011,"male","Foreign",14,18,26,8,-4,8,12,30,54,24,0
"23","2304",2011,"female","Austrian",-48,-1,4,5,-47,34,81,29,171,142,20
"23","2304",2011,"female","Foreign",-14,-11,11,22,-3,11,14,13,46,33,5
"23","2304",2012,"male","Austrian",-51,-8,6,14,-43,35,78,-19,149,168,18
"23","2304",2012,"male","Foreign",3,8,22,14,-5,3,8,33,75,42,2
"23","2304",2012,"female","Austrian",-49,-6,5,11,-43,25,68,28,189,161,24
"23","2304",2012,"female","Foreign",5,16,21,5,-11,2,13,37,67,30,2
"23","2304",2013,"male","Austrian",-27,0,11,11,-27,31,58,0,140,140,7
"23","2304",2013,"male","Foreign",17,20,38,18,-3,11,14,33,82,49,1
"23","2304",2013,"female","Austrian",-33,-6,4,10,-27,31,58,45,183,138,13
"23","2304",2013,"female","Foreign",28,26,36,10,2,11,9,16,62,46,0
"23","2304",2014,"male","Austrian",-30,-1,6,7,-29,26,55,19,145,126,24
"23","2304",2014,"male","Foreign",13,19,30,11,-6,5,11,21,75,54,3
"23","2304",2014,"female","Austrian",-31,1,7,6,-32,20,52,21,167,146,21
"23","2304",2014,"female","Foreign",11,11,24,13,0,7,7,28,80,52,4
"23","2304",2015,"male","Austrian",-32,4,9,5,-36,18,54,-16,145,161,20
"23","2304",2015,"male","Foreign",12,21,38,17,-9,9,18,16,76,60,0
"23","2304",2015,"female","Austrian",-49,-5,3,8,-44,22,66,26,158,132,20
"23","2304",2015,"female","Foreign",5,13,27,14,-8,5,13,12,74,62,4
"23","2304",2016,"male","Austrian",-28,-1,8,9,-27,46,73,149,283,134,33
"23","2304",2016,"male","Foreign",24,21,42,21,3,8,5,76,141,65,9
"23","2304",2016,"female","Austrian",-10,1,6,5,-11,46,57,168,308,140,40
"23","2304",2016,"female","Foreign",6,12,32,20,-6,6,12,101,139,38,8
"23","2304",2017,"male","Austrian",-4,0,10,10,-4,69,73,428,595,167,53
"23","2304",2017,"male","Foreign",27,23,49,26,4,18,14,227,299,72,10
"23","2304",2017,"female","Austrian",17,0,7,7,17,81,64,560,705,145,53
"23","2304",2017,"female","Foreign",24,18,32,14,6,17,11,200,270,70,8
"23","2304",2018,"male","Austrian",-16,-7,7,14,-9,34,43,160,336,176,28
"23","2304",2018,"male","Foreign",34,23,44,21,11,21,10,139,225,86,7
"23","2304",2018,"female","Austrian",-3,-7,2,9,4,51,47,239,379,140,45
"23","2304",2018,"female","Foreign",17,9,32,23,8,16,8,165,216,51,11
"23","2304",2019,"male","Austrian",24,-3,14,17,27,96,69,645,812,167,70
"23","2304",2019,"male","Foreign",12,5,42,37,7,23,16,402,482,80,27
"23","2304",2019,"female","Austrian",0,-11,4,15,11,90,79,679,847,168,89
"23","2304",2019,"female","Foreign",42,23,44,21,19,34,15,423,496,73,23
"23","2304",2020,"male","Austrian",-27,-5,9,14,-22,46,68,56,221,165,19
"23","2304",2020,"male","Foreign",8,15,40,25,-7,13,20,58,146,88,2
"23","2304",2020,"female","Austrian",-67,-8,4,12,-59,34,93,47,219,172,16
"23","2304",2020,"female","Foreign",5,9,25,16,-4,14,18,84,170,86,8
"23","2304",2021,"male","Austrian",-28,1,13,12,-29,78,107,176,365,189,53
"23","2304",2021,"male","Foreign",33,24,57,33,9,33,24,194,306,112,18
"23","2304",2021,"female","Austrian",-38,-2,6,8,-36,71,107,227,428,201,49
"23","2304",2021,"female","Foreign",41,29,55,26,12,29,17,173,273,100,18
"23","2304",2022,"male","Austrian",-48,-3,12,15,-45,57,102,78,261,183,44
"23","2304",2022,"male","Foreign",65,60,85,25,5,42,37,72,217,145,15
"23","2304",2022,"female","Austrian",-44,-4,11,15,-40,68,108,165,335,170,40
"23","2304",2022,"female","Foreign",53,58,92,34,-5,30,35,109,234,125,18
"23","2304",2023,"male","Austrian",-32,-11,6,17,-21,61,82,55,314,259,45
"23","2304",2023,"male","Foreign",17,25,80,55,-8,32,40,97,255,158,36
"23","2304",2023,"female","Austrian",-45,-4,9,13,-41,58,99,55,320,265,57
"23","2304",2023,"female","Foreign",12,16,65,49,-4,26,30,89,232,143,30
"23","2305",2007,"male","Austrian",-36,-12,7,19,-24,53,77,0,169,169,26
"23","2305",2007,"male","Foreign",11,14,28,14,-3,10,13,25,65,40,6
"23","2305",2007,"female","Austrian",-55,-6,6,12,-49,39,88,-23,155,178,24
"23","2305",2007,"female","Foreign",10,10,30,20,0,8,8,36,67,31,11
"23","2305",2008,"male","Austrian",-37,0,10,10,-37,51,88,9,146,137,28
"23","2305",2008,"male","Foreign",2,10,32,22,-8,8,16,48,91,43,9
"23","2305",2008,"female","Austrian",-58,-5,1,6,-53,36,89,13,166,153,32
"23","2305",2008,"female","Foreign",13,19,31,12,-6,5,11,64,97,33,19
"23","2305",2009,"male","Austrian",-30,2,12,10,-32,55,87,-13,145,158,26
"23","2305",2009,"male","Foreign",15,15,32,17,0,6,6,24,76,52,12
"23","2305",2009,"female","Austrian",-55,-2,5,7,-53,46,99,-25,123,148,46
"23","2305",2009,"female","Foreign",18,16,29,13,2,11,9,38,76,38,6
"23","2305",2010,"male","Austrian",-51,-8,13,21,-43,50,93,15,159,144,41
"23","2305",2010,"male","Foreign",6,6,28,22,0,8,8,43,77,34,2
"23","2305",2010,"female","Austrian",-37,-3,5,8,-34,49,83,28,167,139,44
"23","2305",2010,"female","Foreign",14,13,29,16,1,12,11,45,81,36,11
"23","2305",2011,"male","Austrian",-32,-2,7,9,-30,49,79,-1,184,185,31
"23","2305",2011,"male","Foreign",-10,-3,24,27,-7,8,15,9,51,42,7
"23","2305",2011,"female","Austrian",-24,2,11,9,-26,40,66,29,169,140,27
"23","2305",2011,"female","Foreign",14,17,35,18,-3,7,10,8,61,53,4
"23","2305",2012,"male","Austrian",-30,-5,8,13,-25,39,64,37,190,153,47
"23","2305",2012,"male","Foreign",20,20,35,15,0,12,12,38,78,40,8
"23","2305",2012,"female","Austrian",-50,-5,2,7,-45,46,91,23,183,160,38
"23","2305",2012,"female","Foreign",28,24,34,10,4,10,6,24,70,46,11
"23","2305",2013,"male","Austrian",-21,0,12,12,-21,46,67,16,148,132,18
"23","2305",2013,"male","Foreign",38,41,64,23,-3,13,16,21,83,62,6
"23","2305",2013,"female","Austrian",-20,0,3,3,-20,46,66,11,152,141,13
"23","2305",2013,"female","Foreign",16,25,40,15,-9,7,16,3,63,60,4
"23","2305",2014,"male","Austrian",-32,3,13,10,-35,52,87,0,141,141,24
"23","2305",2014,"male","Foreign",2,-6,30,36,8,22,14,15,84,69,14
"23","2305",2014,"female","Austrian",-27,-3,2,5,-24,62,86,14,165,151,27
"23","2305",2014,"female","Foreign",17,19,42,23,-2,11,13,23,86,63,17
"23","2305",2015,"male","Austrian",-44,-5,8,13,-39,42,81,8,141,133,24
"23","2305",2015,"male","Foreign",35,37,63,26,-2,12,14,50,98,48,12
"23","2305",2015,"female","Austrian",-38,-8,2,10,-30,42,72,-6,159,165,17
"23","2305",2015,"female","Foreign",29,37,55,18,-8,9,17,40,85,45,10
"23","2305",2016,"male","Austrian",-49,-1,9,10,-48,54,102,-16,135,151,24
"23","2305",2016,"male","Foreign",15,24,56,32,-9,16,25,55,124,69,8
"23","2305",2016,"female","Austrian",-57,-1,5,6,-56,46,102,-22,134,156,20
"23","2305",2016,"female","Foreign",18,12,40,28,6,20,14,45,110,65,4
"23","2305",2017,"male","Austrian",-55,-11,7,18,-44,53,97,8,138,130,23
"23","2305",2017,"male","Foreign",38,26,57,31,12,31,19,20,118,98,6
"23","2305",2017,"female","Austrian",-56,-15,3,18,-41,39,80,-7,151,158,24
"23","2305",2017,"female","Foreign",43,36,52,16,7,28,21,23,107,84,7
"23","2305",2018,"male","Austrian",-41,-2,16,18,-39,48,87,-21,115,136,45
"23","2305",2018,"male","Foreign",24,15,50,35,9,26,17,55,149,94,8
"23","2305",2018,"female","Austrian",-57,-5,5,10,-52,39,91,-3,129,132,36
"23","2305",2018,"female","Foreign",26,22,48,26,4,23,19,44,122,78,13
"23","2305",2019,"male","Austrian",-16,-1,8,9,-15,45,60,0,158,158,18
"23","2305",2019,"male","Foreign",24,23,58,35,1,32,31,76,186,110,12
"23","2305",2019,"female","Austrian",-33,-7,1,8,-26,42,68,-18,127,145,29
"23","2305",2019,"female","Foreign",14,15,47,32,-1,25,26,32,136,104,10
"23","2305",2020,"male","Austrian",-36,-6,7,13,-30,47,77,11,149,138,27
"23","2305",2020,"male","Foreign",28,21,56,35,7,30,23,8,123,115,9
"23","2305",2020,"female","Austrian",-24,-3,2,5,-21,48,69,-2,127,129,26
"23","2305",2020,"female","Foreign",28,26,49,23,2,18,16,43,113,70,11
"23","2305",2021,"male","Austrian",-30,-7,12,19,-23,47,70,46,185,139,27
"23","2305",2021,"male","Foreign",22,13,45,32,9,36,27,27,137,110,32
"23","2305",2021,"female","Austrian",-46,-5,7,12,-41,32,73,12,153,141,23
"23","2305",2021,"female","Foreign",-8,2,43,41,-10,22,32,54,136,82,25
"23","2305",2022,"male","Austrian",-33,-8,8,16,-25,62,87,13,164,151,45
"23","2305",2022,"male","Foreign",58,52,93,41,6,46,40,70,176,106,19
"23","2305",2022,"female","Austrian",-22,5,12,7,-27,55,82,-9,140,149,43
"23","2305",2022,"female","Foreign",51,56,101,45,-5,32,37,47,150,103,17
"23","2305",2023,"male","Austrian",-57,-10,6,16,-47,34,81,20,154,134,24
"23","2305",2023,"male","Foreign",2,12,80,68,-10,24,34,35,156,121,13
"23","2305",2023,"female","Austrian",-57,-9,3,12,-48,34,82,28,154,126,27
"23","2305",2023,"female","Foreign",3,5,43,38,-2,27,29,22,119,97,21
"23","2306",2007,"male","Austrian",2,0,0,0,2,9,7,3,22,19,1
"23","2306",2007,"male","Foreign",-1,2,3,1,-3,0,3,2,7,5,3
"23","2306",2007,"female","Austrian",1,0,0,0,1,9,8,18,28,10,0
"23","2306",2007,"female","Foreign",3,7,10,3,-4,0,4,-1,4,5,1
"23","2306",2008,"male","Austrian",-4,-2,1,3,-2,3,5,7,22,15,2
"23","2306",2008,"male","Foreign",-2,-1,4,5,-1,1,2,5,8,3,0
"23","2306",2008,"female","Austrian",0,-1,0,1,1,7,6,1,19,18,1
"23","2306",2008,"female","Foreign",1,2,8,6,-1,0,1,-2,1,3,0
"23","2306",2009,"male","Austrian",1,1,2,1,0,7,7,11,25,14,1
"23","2306",2009,"male","Foreign",1,1,2,1,0,1,1,0,2,2,0
"23","2306",2009,"female","Austrian",-5,-1,0,1,-4,5,9,13,24,11,0
"23","2306",2009,"female","Foreign",7,7,12,5,0,0,0,0,3,3,0
"23","2306",2010,"male","Austrian",3,2,3,1,1,13,12,-5,25,30,1
"23","2306",2010,"male","Foreign",9,9,10,1,0,2,2,4,6,2,0
"23","2306",2010,"female","Austrian",2,0,0,0,2,11,9,2,23,21,1
"23","2306",2010,"female","Foreign",0,0,7,7,0,1,1,3,9,6,0
"23","2306",2011,"male","Austrian",0,3,4,1,-3,8,11,-7,18,25,1
"23","2306",2011,"male","Foreign",-3,-3,1,4,0,1,1,-1,4,5,0
"23","2306",2011,"female","Austrian",-7,-1,0,1,-6,9,15,-4,20,24,5
"23","2306",2011,"female","Foreign",-2,-3,4,7,1,1,0,2,5,3,0
"23","2306",2012,"male","Austrian",-5,-4,2,6,-1,5,6,-5,25,30,1
"23","2306",2012,"male","Foreign",5,6,8,2,-1,0,1,-2,5,7,3
"23","2306",2012,"female","Austrian",-2,0,1,1,-2,8,10,-1,23,24,2
"23","2306",2012,"female","Foreign",5,4,5,1,1,1,0,-3,9,12,1
"23","2306",2013,"male","Austrian",-3,1,1,0,-4,5,9,3,14,11,1
"23","2306",2013,"male","Foreign",11,8,13,5,3,4,1,-2,3,5,0
"23","2306",2013,"female","Austrian",-3,0,0,0,-3,5,8,0,12,12,2
"23","2306",2013,"female","Foreign",2,4,5,1,-2,1,3,0,2,2,0
"23","2306",2014,"male","Austrian",1,2,2,0,-1,7,8,1,11,10,0
"23","2306",2014,"male","Foreign",-1,3,9,6,-4,1,5,-1,10,11,0
"23","2306",2014,"female","Austrian",-5,-2,0,2,-3,7,10,2,18,16,0
"23","2306",2014,"female","Foreign",4,3,7,4,1,1,0,4,12,8,1
"23","2306",2015,"male","Austrian",-2,-1,2,3,-1,10,11,4,22,18,0
"23","2306",2015,"male","Foreign",3,2,7,5,1,1,0,5,12,7,0
"23","2306",2015,"female","Austrian",1,1,1,0,0,8,8,4,27,23,1
"23","2306",2015,"female","Foreign",9,10,11,1,-1,1,2,5,9,4,0
"23","2306",2016,"male","Austrian",-1,0,2,2,-1,7,8,-4,13,17,2
"23","2306",2016,"male","Foreign",8,7,9,2,1,3,2,-1,12,13,1
"23","2306",2016,"female","Austrian",-4,-1,0,1,-3,7,10,5,26,21,1
"23","2306",2016,"female","Foreign",10,9,14,5,1,2,1,5,11,6,2
"23","2306",2017,"male","Austrian",-6,-1,1,2,-5,8,13,5,26,21,1
"23","2306",2017,"male","Foreign",0,2,11,9,-2,0,2,7,20,13,1
"23","2306",2017,"female","Austrian",-1,0,1,1,-1,7,8,-9,19,28,0
"23","2306",2017,"female","Foreign",-10,-10,6,16,0,3,3,-2,11,13,0
"23","2306",2018,"male","Austrian",-9,-3,1,4,-6,6,12,6,26,20,1
"23","2306",2018,"male","Foreign",4,4,15,11,0,2,2,3,13,10,0
"23","2306",2018,"female","Austrian",-7,-3,1,4,-4,2,6,-4,20,24,0
"23","2306",2018,"female","Foreign",0,-1,4,5,1,4,3,-1,11,12,1
"23","2306",2019,"male","Austrian",11,4,4,0,7,15,8,107,120,13,6
"23","2306",2019,"male","Foreign",0,-1,5,6,1,2,1,51,63,12,1
"23","2306",2019,"female","Austrian",11,4,4,0,7,13,6,139,153,14,6
"23","2306",2019,"female","Foreign",7,3,8,5,4,6,2,44,52,8,4
"23","2306",2020,"male","Austrian",5,0,1,1,5,18,13,93,114,21,7
"23","2306",2020,"male","Foreign",7,6,8,2,1,4,3,27,38,11,1
"23","2306",2020,"female","Austrian",9,-1,0,1,10,20,10,97,117,20,6
"23","2306",2020,"female","Foreign",4,-2,5,7,6,7,1,31,46,15,2
"23","2306",2021,"male","Austrian",2,-2,0,2,4,18,14,10,32,22,2
"23","2306",2021,"male","Foreign",-1,0,11,11,-1,3,4,-7,10,17,0
"23","2306",2021,"female","Austrian",3,0,0,0,3,12,9,10,35,25,3
"23","2306",2021,"female","Foreign",9,11,12,1,-2,4,6,-3,13,16,1
"23","2306",2022,"male","Austrian",-2,-3,0,3,1,14,13,5,23,18,1
"23","2306",2022,"male","Foreign",7,6,14,8,1,5,4,4,20,16,4
"23","2306",2022,"female","Austrian",-13,-2,0,2,-11,8,19,6,30,24,3
"23","2306",2022,"female","Foreign",13,5,15,10,8,14,6,-1,12,13,1
"23","2306",2023,"male","Austrian",3,-1,1,2,4,11,7,4,30,26,3
"23","2306",2023,"male","Foreign",-2,0,7,7,-2,3,5,-2,29,31,0
"23","2306",2023,"female","Austrian",-1,-3,0,3,2,15,13,3,31,28,0
"23","2306",2023,"female","Foreign",9,7,10,3,2,8,6,-1,22,23,1
"23","2307",2007,"male","Austrian",-30,-8,12,20,-22,52,74,67,227,160,22
"23","2307",2007,"male","Foreign",5,17,49,32,-12,3,15,3,70,67,4
"23","2307",2007,"female","Austrian",-48,-2,8,10,-46,40,86,42,229,187,12
"23","2307",2007,"female","Foreign",12,19,39,20,-7,5,12,11,68,57,7
"23","2307",2008,"male","Austrian",-58,-11,17,28,-47,45,92,98,275,177,27
"23","2307",2008,"male","Foreign",6,10,37,27,-4,18,22,1,70,69,5
"23","2307",2008,"female","Austrian",-62,-8,4,12,-54,42,96,103,272,169,20
"23","2307",2008,"female","Foreign",38,46,74,28,-8,18,26,2,77,75,6
"23","2307",2009,"male","Austrian",-24,-6,15,21,-18,57,75,58,222,164,37
"23","2307",2009,"male","Foreign",7,11,41,30,-4,8,12,-20,59,79,5
"23","2307",2009,"female","Austrian",-38,3,13,10,-41,54,95,13,207,194,27
"23","2307",2009,"female","Foreign",13,15,45,30,-2,7,9,-14,54,68,7
"23","2307",2010,"male","Austrian",-7,9,18,9,-16,58,74,13,206,193,16
"23","2307",2010,"male","Foreign",18,17,51,34,1,20,19,-1,82,83,7
"23","2307",2010,"female","Austrian",-40,-1,8,9,-39,42,81,71,254,183,25
"23","2307",2010,"female","Foreign",43,29,53,24,14,25,11,11,80,69,2
"23","2307",2011,"male","Austrian",-7,3,13,10,-10,69,79,-7,200,207,21
"23","2307",2011,"male","Foreign",26,35,71,36,-9,12,21,-11,68,79,7
"23","2307",2011,"female","Austrian",-23,-4,5,9,-19,45,64,4,200,196,14
"23","2307",2011,"female","Foreign",-3,11,53,42,-14,11,25,-19,47,66,9
"23","2307",2012,"male","Austrian",-35,-1,13,14,-34,58,92,210,397,187,27
"23","2307",2012,"male","Foreign",50,44,71,27,6,18,12,46,127,81,11
"23","2307",2012,"female","Austrian",-18,-5,4,9,-13,71,84,275,432,157,34
"23","2307",2012,"female","Foreign",36,40,64,24,-4,13,17,18,107,89,13
"23","2307",2013,"male","Austrian",-26,-7,18,25,-19,60,79,93,275,182,28
"23","2307",2013,"male","Foreign",19,25,71,46,-6,14,20,42,117,75,2
"23","2307",2013,"female","Austrian",-47,-12,5,17,-35,55,90,85,272,187,19
"23","2307",2013,"female","Foreign",17,27,53,26,-10,10,20,48,100,52,2
"23","2307",2014,"male","Austrian",-50,5,17,12,-55,54,109,28,179,151,19
"23","2307",2014,"male","Foreign",44,44,88,44,0,19,19,50,139,89,9
"23","2307",2014,"female","Austrian",-60,-5,5,10,-55,46,101,26,202,176,27
"23","2307",2014,"female","Foreign",28,29,62,33,-1,19,20,23,103,80,6
"23","2307",2015,"male","Austrian",-35,-1,15,16,-34,63,97,96,281,185,32
"23","2307",2015,"male","Foreign",50,55,98,43,-5,21,26,51,180,129,18
"23","2307",2015,"female","Austrian",-41,-7,3,10,-34,58,92,132,305,173,30
"23","2307",2015,"female","Foreign",50,60,86,26,-10,11,21,76,166,90,8
"23","2307",2016,"male","Austrian",-29,-10,11,21,-19,62,81,18,227,209,26
"23","2307",2016,"male","Foreign",56,32,95,63,24,48,24,88,220,132,9
"23","2307",2016,"female","Austrian",-43,-6,7,13,-37,60,97,63,260,197,23
"23","2307",2016,"female","Foreign",44,37,75,38,7,30,23,77,196,119,8
"23","2307",2017,"male","Austrian",-34,-3,14,17,-31,77,108,220,441,221,61
"23","2307",2017,"male","Foreign",37,30,84,54,7,34,27,142,291,149,21
"23","2307",2017,"female","Austrian",-47,-5,7,12,-42,67,109,262,488,226,58
"23","2307",2017,"female","Foreign",38,29,66,37,9,27,18,146,249,103,11
"23","2307",2018,"male","Austrian",-38,0,14,14,-38,51,89,57,250,193,29
"23","2307",2018,"male","Foreign",0,14,86,72,-14,31,45,67,231,164,17
"23","2307",2018,"female","Austrian",-27,-9,6,15,-18,68,86,130,326,196,30
"23","2307",2018,"female","Foreign",34,35,85,50,-1,28,29,74,196,122,14
"23","2307",2019,"male","Austrian",-19,6,21,15,-25,65,90,-11,235,246,17
"23","2307",2019,"male","Foreign",28,20,87,67,8,46,38,69,252,183,14
"23","2307",2019,"female","Austrian",-28,-6,6,12,-22,73,95,25,255,230,25
"23","2307",2019,"female","Foreign",39,40,72,32,-1,28,29,81,223,142,21
"23","2307",2020,"male","Austrian",-42,-8,10,18,-34,45,79,18,214,196,21
"23","2307",2020,"male","Foreign",27,32,86,54,-5,23,28,67,242,175,23
"23","2307",2020,"female","Austrian",-47,4,13,9,-51,52,103,27,220,193,24
"23","2307",2020,"female","Foreign",32,31,78,47,1,33,32,48,188,140,26
"23","2307",2021,"male","Austrian",-78,-7,12,19,-71,50,121,10,258,248,31
"23","2307",2021,"male","Foreign",30,31,86,55,-1,36,37,-4,201,205,17
"23","2307",2021,"female","Austrian",-70,-3,7,10,-67,46,113,7,250,243,36
"23","2307",2021,"female","Foreign",24,22,62,40,2,25,23,-1,166,167,19
"23","2307",2022,"male","Austrian",-38,-8,8,16,-30,65,95,42,230,188,35
"23","2307",2022,"male","Foreign",139,110,158,48,29,61,32,93,276,183,21
"23","2307",2022,"female","Austrian",-39,-1,4,5,-38,62,100,82,267,185,39
"23","2307",2022,"female","Foreign",129,114,158,44,15,38,23,59,247,188,16
"23","2307",2023,"male","Austrian",-52,-6,8,14,-46,42,88,-16,227,243,26
"23","2307",2023,"male","Foreign",-3,-3,104,107,0,44,44,22,279,257,25
"23","2307",2023,"female","Austrian",-46,-1,7,8,-45,44,89,-80,211,291,26
"23","2307",2023,"female","Foreign",6,17,80,63,-11,33,44,21,204,183,27
"23","2308",2007,"male","Austrian",-9,0,6,6,-9,18,27,72,137,65,9
"23","2308",2007,"male","Foreign",4,6,14,8,-2,0,2,15,37,22,0
"23","2308",2007,"female","Austrian",-7,1,1,0,-8,11,19,111,171,60,7
"23","2308",2007,"female","Foreign",8,6,12,6,2,4,2,10,20,10,1
"23","2308",2008,"male","Austrian",-23,-4,2,6,-19,7,26,-1,79,80,8
"23","2308",2008,"male","Foreign",5,5,11,6,0,4,4,13,33,20,3
"23","2308",2008,"female","Austrian",-16,-3,4,7,-13,11,24,44,110,66,7
"23","2308",2008,"female","Foreign",16,15,17,2,1,5,4,-5,20,25,4
"23","2308",2009,"male","Austrian",-2,0,2,2,-2,24,26,6,76,70,8
"23","2308",2009,"male","Foreign",5,7,25,18,-2,1,3,8,27,19,3
"23","2308",2009,"female","Austrian",-1,-4,1,5,3,23,20,47,114,67,5
"23","2308",2009,"female","Foreign",-1,0,10,10,-1,4,5,-1,16,17,1
"23","2308",2010,"male","Austrian",-5,-2,6,8,-3,20,23,26,85,59,6
"23","2308",2010,"male","Foreign",4,0,18,18,4,5,1,18,32,14,0
"23","2308",2010,"female","Austrian",-15,-3,4,7,-12,11,23,27,90,63,8
"23","2308",2010,"female","Foreign",9,9,14,5,0,5,5,12,30,18,0
"23","2308",2011,"male","Austrian",-7,-3,2,5,-4,15,19,18,83,65,6
"23","2308",2011,"male","Foreign",7,10,23,13,-3,2,5,-9,18,27,3
"23","2308",2011,"female","Austrian",-7,0,1,1,-7,11,18,33,101,68,4
"23","2308",2011,"female","Foreign",-2,-2,9,11,0,2,2,0,16,16,0
"23","2308",2012,"male","Austrian",-12,0,6,6,-12,13,25,5,89,84,5
"23","2308",2012,"male","Foreign",6,12,22,10,-6,1,7,8,31,23,1
"23","2308",2012,"female","Austrian",-9,-1,2,3,-8,14,22,8,85,77,6
"23","2308",2012,"female","Foreign",7,8,18,10,-1,1,2,8,23,15,2
"23","2308",2013,"male","Austrian",-10,-3,3,6,-7,14,21,-13,67,80,3
"23","2308",2013,"male","Foreign",10,13,22,9,-3,5,8,6,36,30,0
"23","2308",2013,"female","Austrian",-8,-4,0,4,-4,18,22,28,100,72,10
"23","2308",2013,"female","Foreign",13,18,20,2,-5,3,8,3,33,30,0
"23","2308",2014,"male","Austrian",-14,2,5,3,-16,14,30,0,74,74,1
"23","2308",2014,"male","Foreign",17,16,29,13,1,11,10,7,39,32,0
"23","2308",2014,"female","Austrian",-6,2,4,2,-8,16,24,43,105,62,3
"23","2308",2014,"female","Foreign",2,5,21,16,-3,3,6,14,36,22,0
"23","2308",2015,"male","Austrian",-13,-1,4,5,-12,13,25,10,80,70,8
"23","2308",2015,"male","Foreign",37,25,38,13,12,14,2,-4,59,63,1
"23","2308",2015,"female","Austrian",-12,-6,2,8,-6,22,28,23,94,71,17
"23","2308",2015,"female","Foreign",22,24,32,8,-2,5,7,-10,37,47,0
"23","2308",2016,"male","Austrian",-6,2,6,4,-8,19,27,27,90,63,12
"23","2308",2016,"male","Foreign",55,47,72,25,8,26,18,132,383,251,1
"23","2308",2016,"female","Austrian",-17,1,8,7,-18,14,32,41,105,64,10
"23","2308",2016,"female","Foreign",72,68,77,9,4,17,13,42,208,166,2
"23","2308",2017,"male","Austrian",-27,-6,4,10,-21,12,33,50,129,79,10
"23","2308",2017,"male","Foreign",3,-3,40,43,6,29,23,-122,139,261,3
"23","2308",2017,"female","Austrian",-19,-1,1,2,-18,20,38,47,137,90,5
"23","2308",2017,"female","Foreign",-1,5,35,30,-6,12,18,-39,112,151,3
"23","2308",2018,"male","Austrian",3,-4,4,8,7,36,29,186,255,69,11
"23","2308",2018,"male","Foreign",6,6,21,15,0,8,8,105,154,49,9
"23","2308",2018,"female","Austrian",5,-1,1,2,6,42,36,188,274,86,16
"23","2308",2018,"female","Foreign",1,1,14,13,0,8,8,134,159,25,4
"23","2308",2019,"male","Austrian",7,2,5,3,5,40,35,251,330,79,18
"23","2308",2019,"male","Foreign",18,2,30,28,16,23,7,153,218,65,3
"23","2308",2019,"female","Austrian",10,1,3,2,9,48,39,275,372,97,29
"23","2308",2019,"female","Foreign",31,19,41,22,12,18,6,141,192,51,2
"23","2308",2020,"male","Austrian",13,7,8,1,6,41,35,149,240,91,13
"23","2308",2020,"male","Foreign",18,25,32,7,-7,9,16,110,165,55,1
"23","2308",2020,"female","Austrian",-9,3,5,2,-12,33,45,195,299,104,13
"23","2308",2020,"female","Foreign",21,17,30,13,4,11,7,120,163,43,3
"23","2308",2021,"male","Austrian",30,1,6,5,29,72,43,620,729,109,31
"23","2308",2021,"male","Foreign",40,28,58,30,12,23,11,399,460,61,11
"23","2308",2021,"female","Austrian",49,2,4,2,47,84,37,693,803,110,30
"23","2308",2021,"female","Foreign",48,33,46,13,15,30,15,407,454,47,4
"23","2308",2022,"male","Austrian",-19,-8,6,14,-11,39,50,50,192,142,10
"23","2308",2022,"male","Foreign",32,32,69,37,0,22,22,59,140,81,4
"23","2308",2022,"female","Austrian",-6,-9,5,14,3,53,50,103,225,122,14
"23","2308",2022,"female","Foreign",44,46,79,33,-2,12,14,54,124,70,1
"23","2308",2023,"male","Austrian",8,-8,6,14,16,96,80,756,900,144,46
"23","2308",2023,"male","Foreign",91,58,103,45,33,64,31,494,615,121,42
"23","2308",2023,"female","Austrian",17,-6,5,11,23,88,65,878,1024,146,53
"23","2308",2023,"female","Foreign",73,61,101,40,12,41,29,525,603,78,45
"23","2309",2007,"male","Austrian",-22,-2,8,10,-20,34,54,19,139,120,16
"23","2309",2007,"male","Foreign",20,22,41,19,-2,2,4,21,48,27,2
"23","2309",2007,"female","Austrian",-40,-4,4,8,-36,21,57,44,166,122,10
"23","2309",2007,"female","Foreign",17,23,42,19,-6,1,7,10,45,35,1
"23","2309",2008,"male","Austrian",-27,-7,11,18,-20,27,47,-8,136,144,13
"23","2309",2008,"male","Foreign",20,25,42,17,-5,7,12,30,54,24,3
"23","2309",2008,"female","Austrian",-30,-2,8,10,-28,34,62,28,138,110,16
"23","2309",2008,"female","Foreign",26,23,46,23,3,10,7,17,44,27,0
"23","2309",2009,"male","Austrian",-27,-2,7,9,-25,26,51,31,156,125,17
"23","2309",2009,"male","Foreign",13,11,44,33,2,9,7,4,34,30,3
"23","2309",2009,"female","Austrian",-20,-3,6,9,-17,36,53,93,228,135,27
"23","2309",2009,"female","Foreign",17,21,42,21,-4,3,7,-6,32,38,5
"23","2309",2010,"male","Austrian",-4,-3,10,13,-1,37,38,27,154,127,9
"23","2309",2010,"male","Foreign",7,11,44,33,-4,4,8,-5,33,38,1
"23","2309",2010,"female","Austrian",-40,-6,4,10,-34,25,59,12,140,128,24
"23","2309",2010,"female","Foreign",17,15,47,32,2,6,4,5,41,36,1
"23","2309",2011,"male","Austrian",-10,4,12,8,-14,27,41,31,130,99,17
"23","2309",2011,"male","Foreign",20,13,41,28,7,10,3,12,44,32,5
"23","2309",2011,"female","Austrian",-27,-2,1,3,-25,18,43,53,159,106,11
"23","2309",2011,"female","Foreign",3,1,31,30,2,5,3,11,43,32,6
"23","2309",2012,"male","Austrian",-13,-8,5,13,-5,42,47,37,148,111,18
"23","2309",2012,"male","Foreign",7,9,42,33,-2,7,9,35,69,34,1
"23","2309",2012,"female","Austrian",-22,-6,2,8,-16,28,44,61,173,112,23
"23","2309",2012,"female","Foreign",21,25,42,17,-4,3,7,11,50,39,2
"23","2309",2013,"male","Austrian",4,3,10,7,1,33,32,24,135,111,18
"23","2309",2013,"male","Foreign",17,22,49,27,-5,4,9,26,67,41,2
"23","2309",2013,"female","Austrian",-1,-3,6,9,2,35,33,34,138,104,10
"23","2309",2013,"female","Foreign",29,27,51,24,2,8,6,37,77,40,2
"23","2309",2014,"male","Austrian",-23,1,12,11,-24,27,51,-8,121,129,9
"23","2309",2014,"male","Foreign",36,42,59,17,-6,8,14,28,79,51,4
"23","2309",2014,"female","Austrian",-6,0,4,4,-6,35,41,8,141,133,12
"23","2309",2014,"female","Foreign",32,37,56,19,-5,8,13,21,69,48,3
"23","2309",2015,"male","Austrian",-30,-3,6,9,-27,23,50,9,141,132,8
"23","2309",2015,"male","Foreign",41,37,61,24,4,12,8,23,85,62,1
"23","2309",2015,"female","Austrian",-33,-1,7,8,-32,26,58,50,168,118,11
"23","2309",2015,"female","Foreign",21,31,56,25,-10,10,20,38,97,59,6
"23","2309",2016,"male","Austrian",-7,3,7,4,-10,28,38,-9,111,120,13
"23","2309",2016,"male","Foreign",19,23,53,30,-4,9,13,19,83,64,0
"23","2309",2016,"female","Austrian",-26,0,9,9,-26,21,47,5,131,126,17
"23","2309",2016,"female","Foreign",24,26,51,25,-2,14,16,-10,57,67,0
"23","2309",2017,"male","Austrian",-20,-13,6,19,-7,27,34,26,133,107,15
"23","2309",2017,"male","Foreign",21,22,60,38,-1,9,10,17,85,68,2
"23","2309",2017,"female","Austrian",-21,-9,1,10,-12,23,35,44,161,117,17
"23","2309",2017,"female","Foreign",16,16,56,40,0,11,11,31,98,67,1
"23","2309",2018,"male","Austrian",-12,-4,11,15,-8,32,40,69,197,128,14
"23","2309",2018,"male","Foreign",24,21,50,29,3,18,15,62,132,70,3
"23","2309",2018,"female","Austrian",-16,-7,8,15,-9,36,45,121,241,120,15
"23","2309",2018,"female","Foreign",43,38,58,20,5,20,15,60,127,67,1
"23","2309",2019,"male","Austrian",-27,-3,6,9,-24,26,50,24,141,117,16
"23","2309",2019,"male","Foreign",19,26,61,35,-7,14,21,32,122,90,2
"23","2309",2019,"female","Austrian",-27,-3,5,8,-24,15,39,29,156,127,20
"23","2309",2019,"female","Foreign",21,24,56,32,-3,8,11,-1,99,100,5
"23","2309",2020,"male","Austrian",-29,3,9,6,-32,27,59,-2,108,110,13
"23","2309",2020,"male","Foreign",12,10,51,41,2,16,14,43,128,85,3
"23","2309",2020,"female","Austrian",-27,6,12,6,-33,20,53,8,121,113,15
"23","2309",2020,"female","Foreign",-5,7,34,27,-12,13,25,18,86,68,9
"23","2309",2021,"male","Austrian",-32,0,9,9,-32,22,54,14,139,125,13
"23","2309",2021,"male","Foreign",11,10,42,32,1,16,15,15,122,107,4
"23","2309",2021,"female","Austrian",-15,6,9,3,-21,26,47,11,135,124,21
"23","2309",2021,"female","Foreign",11,10,33,23,1,10,9,14,96,82,6
"23","2309",2022,"male","Austrian",-24,-6,8,14,-18,27,45,56,176,120,14
"23","2309",2022,"male","Foreign",20,38,70,32,-18,14,32,43,127,84,1
"23","2309",2022,"female","Austrian",-31,-8,4,12,-23,23,46,32,170,138,22
"23","2309",2022,"female","Foreign",28,42,73,31,-14,10,24,48,131,83,8
"23","2309",2023,"male","Austrian",-16,-3,9,12,-13,26,39,13,140,127,17
"23","2309",2023,"male","Foreign",6,7,47,40,-1,15,16,47,168,121,9
"23","2309",2023,"female","Austrian",-17,0,8,8,-17,26,43,10,148,138,15
"23","2309",2023,"female","Foreign",34,34,66,32,0,12,12,27,114,87,6
"23","2310",2007,"male","Austrian",-6,6,12,6,-12,22,34,14,124,110,14
"23","2310",2007,"male","Foreign",3,3,9,6,0,3,3,-2,27,29,8
"23","2310",2007,"female","Austrian",-19,0,7,7,-19,24,43,-19,112,131,20
"23","2310",2007,"female","Foreign",3,7,16,9,-4,2,6,13,45,32,10
"23","2310",2008,"male","Austrian",-33,-4,7,11,-29,14,43,-12,113,125,21
"23","2310",2008,"male","Foreign",15,18,21,3,-3,2,5,29,52,23,1
"23","2310",2008,"female","Austrian",-30,-3,3,6,-27,21,48,-25,101,126,14
"23","2310",2008,"female","Foreign",4,10,19,9,-6,4,10,36,68,32,3
"23","2310",2009,"male","Austrian",-24,-2,3,5,-22,23,45,-26,105,131,7
"23","2310",2009,"male","Foreign",4,6,13,7,-2,5,7,4,39,35,2
"23","2310",2009,"female","Austrian",-20,4,4,0,-24,18,42,-31,90,121,9
"23","2310",2009,"female","Foreign",6,5,11,6,1,3,2,8,45,37,2
"23","2310",2010,"male","Austrian",-16,-5,7,12,-11,25,36,9,108,99,4
"23","2310",2010,"male","Foreign",6,11,22,11,-5,0,5,13,33,20,5
"23","2310",2010,"female","Austrian",-12,-2,3,5,-10,27,37,8,99,91,13
"23","2310",2010,"female","Foreign",-5,-2,12,14,-3,2,5,8,34,26,4
"23","2310",2011,"male","Austrian",-31,-9,9,18,-22,20,42,0,110,110,9
"23","2310",2011,"male","Foreign",1,8,28,20,-7,4,11,4,38,34,3
"23","2310",2011,"female","Austrian",-27,-10,2,12,-17,23,40,19,118,99,14
"23","2310",2011,"female","Foreign",0,6,16,10,-6,2,8,-3,37,40,3
"23","2310",2012,"male","Austrian",-4,1,6,5,-5,32,37,18,118,100,6
"23","2310",2012,"male","Foreign",-1,1,15,14,-2,1,3,14,44,30,1
"23","2310",2012,"female","Austrian",-20,-9,0,9,-11,15,26,-8,108,116,12
"23","2310",2012,"female","Foreign",8,9,16,7,-1,4,5,8,45,37,6
"23","2310",2013,"male","Austrian",-12,-2,7,9,-10,22,32,16,115,99,15
"23","2310",2013,"male","Foreign",16,15,19,4,1,3,2,10,41,31,1
"23","2310",2013,"female","Austrian",-5,3,6,3,-8,21,29,-25,80,105,6
"23","2310",2013,"female","Foreign",12,16,22,6,-4,3,7,19,47,28,2
"23","2310",2014,"male","Austrian",-25,-8,3,11,-17,22,39,8,101,93,10
"23","2310",2014,"male","Foreign",-5,-4,14,18,-1,2,3,4,31,27,0
"23","2310",2014,"female","Austrian",-26,-1,1,2,-25,17,42,1,88,87,4
"23","2310",2014,"female","Foreign",16,16,32,16,0,6,6,3,38,35,3
"23","2310",2015,"male","Austrian",-12,0,4,4,-12,23,35,-4,100,104,6
"23","2310",2015,"male","Foreign",14,16,29,13,-2,5,7,56,83,27,0
"23","2310",2015,"female","Austrian",-23,-3,0,3,-20,23,43,-6,96,102,10
"23","2310",2015,"female","Foreign",0,6,19,13,-6,6,12,43,80,37,5
"23","2310",2016,"male","Austrian",-19,-5,3,8,-14,20,34,19,102,83,17
"23","2310",2016,"male","Foreign",5,6,26,20,-1,5,6,30,81,51,3
"23","2310",2016,"female","Austrian",-14,-3,5,8,-11,24,35,8,110,102,14
"23","2310",2016,"female","Foreign",24,22,35,13,2,6,4,33,61,28,3
"23","2310",2017,"male","Austrian",-11,0,6,6,-11,20,31,13,103,90,9
"23","2310",2017,"male","Foreign",3,6,18,12,-3,5,8,19,57,38,12
"23","2310",2017,"female","Austrian",-14,3,5,2,-17,19,36,-20,84,104,9
"23","2310",2017,"female","Foreign",11,5,18,13,6,9,3,17,51,34,7
"23","2310",2018,"male","Austrian",-26,-4,7,11,-22,15,37,-11,83,94,8
"23","2310",2018,"male","Foreign",7,13,19,6,-6,3,9,53,82,29,5
"23","2310",2018,"female","Austrian",-22,-3,5,8,-19,17,36,-18,78,96,8
"23","2310",2018,"female","Foreign",4,13,24,11,-9,2,11,47,81,34,4
"23","2310",2019,"male","Austrian",-22,0,5,5,-22,20,42,-16,104,120,9
"23","2310",2019,"male","Foreign",4,6,25,19,-2,4,6,25,95,70,7
"23","2310",2019,"female","Austrian",-27,-1,3,4,-26,18,44,-28,85,113,7
"23","2310",2019,"female","Foreign",12,12,25,13,0,11,11,40,101,61,7
"23","2310",2020,"male","Austrian",-26,1,6,5,-27,15,42,2,80,78,5
"23","2310",2020,"male","Foreign",15,15,23,8,0,7,7,35,72,37,1
"23","2310",2020,"female","Austrian",-34,-1,1,2,-33,12,45,-7,77,84,5
"23","2310",2020,"female","Foreign",-6,1,17,16,-7,3,10,37,78,41,3
"23","2310",2021,"male","Austrian",-32,4,6,2,-36,8,44,-12,71,83,2
"23","2310",2021,"male","Foreign",-4,-4,11,15,0,7,7,34,89,55,3
"23","2310",2021,"female","Austrian",-29,1,4,3,-30,15,45,-23,76,99,3
"23","2310",2021,"female","Foreign",8,11,20,9,-3,4,7,39,85,46,2
"23","2310",2022,"male","Austrian",-21,-1,4,5,-20,16,36,-8,70,78,8
"23","2310",2022,"male","Foreign",3,12,24,12,-9,6,15,45,82,37,5
"23","2310",2022,"female","Austrian",-19,1,3,2,-20,10,30,4,79,75,6
"23","2310",2022,"female","Foreign",9,29,40,11,-20,4,24,47,87,40,4
"23","2310",2023,"male","Austrian",-29,-5,3,8,-24,12,36,5,104,99,11
"23","2310",2023,"male","Foreign",17,18,28,10,-1,13,14,37,97,60,2
"23","2310",2023,"female","Austrian",-30,-2,2,4,-28,15,43,-1,78,79,12
"23","2310",2023,"female","Foreign",-6,-1,22,23,-5,8,13,29,87,58,5
"23","2311",2007,"male","Austrian",-13,6,16,10,-19,41,60,27,129,102,12
"23","2311",2007,"male","Foreign",24,23,73,50,1,5,4,1,56,55,1
"23","2311",2007,"female","Austrian",-32,1,9,8,-33,30,63,19,153,134,8
"23","2311",2007,"female","Foreign",19,17,43,26,2,8,6,24,62,38,5
"23","2311",2008,"male","Austrian",-27,-1,12,13,-26,32,58,11,109,98,10
"23","2311",2008,"male","Foreign",17,13,52,39,4,8,4,-21,53,74,6
"23","2311",2008,"female","Austrian",-31,-12,1,13,-19,35,54,35,127,92,14
"23","2311",2008,"female","Foreign",28,29,55,26,-1,6,7,-6,51,57,4
"23","2311",2009,"male","Austrian",0,-2,10,12,2,62,60,113,215,102,18
"23","2311",2009,"male","Foreign",32,30,69,39,2,14,12,-1,81,82,5
"23","2311",2009,"female","Austrian",5,-2,6,8,7,64,57,146,244,98,21
"23","2311",2009,"female","Foreign",19,19,60,41,0,12,12,10,54,44,7
"23","2311",2010,"male","Austrian",20,-6,12,18,26,94,68,222,337,115,32
"23","2311",2010,"male","Foreign",8,9,34,25,-1,10,11,10,61,51,9
"23","2311",2010,"female","Austrian",10,-3,6,9,13,90,77,254,373,119,42
"23","2311",2010,"female","Foreign",33,24,38,14,9,15,6,17,58,41,8
"23","2311",2011,"male","Austrian",20,3,11,8,17,87,70,131,259,128,22
"23","2311",2011,"male","Foreign",170,167,210,43,3,11,8,-19,112,131,10
"23","2311",2011,"female","Austrian",29,-2,3,5,31,94,63,197,302,105,21
"23","2311",2011,"female","Foreign",70,69,110,41,1,10,9,20,73,53,3
"23","2311",2012,"male","Austrian",-31,-7,5,12,-24,55,79,-4,154,158,22
"23","2311",2012,"male","Foreign",45,41,136,95,4,19,15,-12,90,102,8
"23","2311",2012,"female","Austrian",-19,-3,2,5,-16,62,78,19,162,143,22
"23","2311",2012,"female","Foreign",55,65,122,57,-10,9,19,-10,76,86,10
"23","2311",2013,"male","Austrian",18,1,7,6,17,77,60,53,198,145,22
"23","2311",2013,"male","Foreign",67,70,129,59,-3,14,17,-41,112,153,9
"23","2311",2013,"female","Austrian",-15,2,9,7,-17,63,80,164,296,132,22
"23","2311",2013,"female","Foreign",69,60,119,59,9,18,9,-22,97,119,7
"23","2311",2014,"male","Austrian",-33,-4,7,11,-29,51,80,20,144,124,14
"23","2311",2014,"male","Foreign",63,58,123,65,5,18,13,-43,91,134,9
"23","2311",2014,"female","Austrian",-48,0,5,5,-48,43,91,35,179,144,15
"23","2311",2014,"female","Foreign",58,47,119,72,11,20,9,-15,100,115,9
"23","2311",2015,"male","Austrian",-7,1,7,6,-8,68,76,33,152,119,19
"23","2311",2015,"male","Foreign",67,47,100,53,20,32,12,-35,91,126,6
"23","2311",2015,"female","Austrian",-3,5,7,2,-8,65,73,36,180,144,23
"23","2311",2015,"female","Foreign",58,57,113,56,1,17,16,-24,80,104,7
"23","2311",2016,"male","Austrian",-2,3,11,8,-5,71,76,97,222,125,21
"23","2311",2016,"male","Foreign",51,49,112,63,2,25,23,44,186,142,14
"23","2311",2016,"female","Austrian",-16,5,10,5,-21,74,95,85,232,147,27
"23","2311",2016,"female","Foreign",61,54,107,53,7,30,23,39,140,101,12
"23","2311",2017,"male","Austrian",-54,-3,7,10,-51,51,102,16,170,154,14
"23","2311",2017,"male","Foreign",43,45,105,60,-2,28,30,21,174,153,8
"23","2311",2017,"female","Austrian",-68,-6,1,7,-62,47,109,37,183,146,26
"23","2311",2017,"female","Foreign",41,51,103,52,-10,16,26,17,118,101,9
"23","2311",2018,"male","Austrian",-55,-6,11,17,-49,47,96,-17,151,168,19
"23","2311",2018,"male","Foreign",-3,7,72,65,-10,21,31,29,161,132,9
"23","2311",2018,"female","Austrian",-29,-3,5,8,-26,45,71,6,164,158,19
"23","2311",2018,"female","Foreign",16,19,81,62,-3,30,33,40,142,102,12
"23","2311",2019,"male","Austrian",-43,-3,7,10,-40,39,79,4,151,147,14
"23","2311",2019,"male","Foreign",25,18,77,59,7,26,19,35,192,157,15
"23","2311",2019,"female","Austrian",-22,-1,5,6,-21,48,69,17,192,175,10
"23","2311",2019,"female","Foreign",40,33,85,52,7,20,13,-8,125,133,17
"23","2311",2020,"male","Austrian",-32,-2,5,7,-30,59,89,12,156,144,17
"23","2311",2020,"male","Foreign",33,35,77,42,-2,30,32,-27,108,135,5
"23","2311",2020,"female","Austrian",-27,-7,6,13,-20,71,91,13,150,137,11
"23","2311",2020,"female","Foreign",6,24,59,35,-18,18,36,22,113,91,9
"23","2311",2021,"male","Austrian",-9,5,12,7,-14,66,80,19,179,160,7
"23","2311",2021,"male","Foreign",28,21,68,47,7,38,31,9,160,151,23
"23","2311",2021,"female","Austrian",-59,3,7,4,-62,38,100,4,175,171,20
"23","2311",2021,"female","Foreign",43,33,67,34,10,36,26,-20,111,131,20
"23","2311",2022,"male","Austrian",-38,-6,7,13,-32,72,104,61,189,128,10
"23","2311",2022,"male","Foreign",79,81,132,51,-2,34,36,29,169,140,16
"23","2311",2022,"female","Austrian",-16,-9,3,12,-7,78,85,72,209,137,26
"23","2311",2022,"female","Foreign",102,91,138,47,11,42,31,7,151,144,18
"23","2311",2023,"male","Austrian",-19,-7,5,12,-12,67,79,38,182,144,17
"23","2311",2023,"male","Foreign",81,57,112,55,24,57,33,-1,173,174,14
"23","2311",2023,"female","Austrian",-37,-7,3,10,-30,57,87,46,189,143,21
"23","2311",2023,"female","Foreign",64,55,104,49,9,33,24,35,174,139,13
"23","2312",2007,"male","Austrian",-17,1,12,11,-18,28,46,33,135,102,7
"23","2312",2007,"male","Foreign",7,10,17,7,-3,3,6,2,30,28,0
"23","2312",2007,"female","Austrian",-32,-7,1,8,-25,20,45,42,143,101,5
"23","2312",2007,"female","Foreign",-1,3,8,5,-4,4,8,9,30,21,0
"23","2312",2008,"male","Austrian",-12,-13,7,20,1,41,40,0,122,122,20
"23","2312",2008,"male","Foreign",6,4,17,13,2,6,4,19,38,19,1
"23","2312",2008,"female","Austrian",-24,-4,5,9,-20,46,66,11,134,123,17
"23","2312",2008,"female","Foreign",0,2,21,19,-2,3,5,20,38,18,0
"23","2312",2009,"male","Austrian",-20,-4,7,11,-16,31,47,-6,114,120,26
"23","2312",2009,"male","Foreign",8,9,18,9,-1,4,5,16,30,14,4
"23","2312",2009,"female","Austrian",-25,-4,4,8,-21,30,51,16,107,91,16
"23","2312",2009,"female","Foreign",-6,-4,6,10,-2,2,4,10,32,22,4
"23","2312",2010,"male","Austrian",4,14,24,10,-10,31,41,7,115,108,15
"23","2312",2010,"male","Foreign",0,6,23,17,-6,6,12,25,44,19,0
"23","2312",2010,"female","Austrian",-16,2,7,5,-18,33,51,-16,93,109,14
"23","2312",2010,"female","Foreign",3,4,18,14,-1,7,8,21,43,22,0
"23","2312",2011,"male","Austrian",-24,-6,9,15,-18,39,57,14,132,118,14
"23","2312",2011,"male","Foreign",-5,-4,9,13,-1,9,10,21,41,20,4
"23","2312",2011,"female","Austrian",-28,2,4,2,-30,36,66,4,113,109,13
"23","2312",2011,"female","Foreign",6,5,16,11,1,8,7,27,47,20,3
"23","2312",2012,"male","Austrian",-27,1,7,6,-28,38,66,-16,116,132,21
"23","2312",2012,"male","Foreign",19,21,28,7,-2,4,6,9,42,33,8
"23","2312",2012,"female","Austrian",-29,-5,1,6,-24,30,54,16,105,89,28
"23","2312",2012,"female","Foreign",23,29,36,7,-6,1,7,22,44,22,5
"23","2312",2013,"male","Austrian",-17,-5,2,7,-12,29,41,15,140,125,6
"23","2312",2013,"male","Foreign",15,11,26,15,4,8,4,10,55,45,3
"23","2312",2013,"female","Austrian",-21,-2,3,5,-19,29,48,21,134,113,10
"23","2312",2013,"female","Foreign",17,12,25,13,5,10,5,26,58,32,3
"23","2312",2014,"male","Austrian",-11,3,12,9,-14,30,44,-16,101,117,14
"23","2312",2014,"male","Foreign",24,30,38,8,-6,5,11,37,61,24,0
"23","2312",2014,"female","Austrian",-28,-5,7,12,-23,36,59,-1,111,112,11
"23","2312",2014,"female","Foreign",20,24,26,2,-4,3,7,27,64,37,0
"23","2312",2015,"male","Austrian",-24,-1,16,17,-23,30,53,34,152,118,14
"23","2312",2015,"male","Foreign",12,17,32,15,-5,8,13,51,79,28,0
"23","2312",2015,"female","Austrian",-27,5,7,2,-32,34,66,64,152,88,27
"23","2312",2015,"female","Foreign",21,18,34,16,3,8,5,35,79,44,2
"23","2312",2016,"male","Austrian",-3,5,12,7,-8,32,40,-5,110,115,11
"23","2312",2016,"male","Foreign",14,45,62,17,-31,55,86,57,136,79,5
"23","2312",2016,"female","Austrian",-2,-3,4,7,1,38,37,1,106,105,9
"23","2312",2016,"female","Foreign",10,17,34,17,-7,17,24,24,79,55,5
"23","2312",2017,"male","Austrian",-22,-9,3,12,-13,28,41,12,115,103,15
"23","2312",2017,"male","Foreign",21,3,37,34,18,33,15,-5,92,97,3
"23","2312",2017,"female","Austrian",-29,0,6,6,-29,21,50,-13,98,111,10
"23","2312",2017,"female","Foreign",29,22,37,15,7,16,9,11,56,45,6
"23","2312",2018,"male","Austrian",-20,-1,5,6,-19,38,57,22,124,102,13
"23","2312",2018,"male","Foreign",-6,2,20,18,-8,7,15,52,112,60,7
"23","2312",2018,"female","Austrian",-18,-1,3,4,-17,40,57,9,137,128,10
"23","2312",2018,"female","Foreign",-3,3,19,16,-6,12,18,10,75,65,8
"23","2312",2019,"male","Austrian",-24,-1,9,10,-23,21,44,32,122,90,18
"23","2312",2019,"male","Foreign",7,2,19,17,5,11,6,42,98,56,3
"23","2312",2019,"female","Austrian",-15,3,10,7,-18,23,41,-4,104,108,18
"23","2312",2019,"female","Foreign",7,1,27,26,6,17,11,32,78,46,1
"23","2312",2020,"male","Austrian",-25,-2,5,7,-23,26,49,5,108,103,10
"23","2312",2020,"male","Foreign",-13,-1,18,19,-12,7,19,21,88,67,6
"23","2312",2020,"female","Austrian",-26,-2,3,5,-24,26,50,25,114,89,11
"23","2312",2020,"female","Foreign",-3,4,19,15,-7,12,19,20,78,58,3
"23","2312",2021,"male","Austrian",-39,-6,3,9,-33,13,46,-15,77,92,8
"23","2312",2021,"male","Foreign",-5,4,16,12,-9,8,17,39,96,57,2
"23","2312",2021,"female","Austrian",-33,-3,1,4,-30,31,61,-1,91,92,9
"23","2312",2021,"female","Foreign",-6,-4,16,20,-2,10,12,50,87,37,1
"23","2312",2022,"male","Austrian",-26,-8,5,13,-18,37,55,17,96,79,6
"23","2312",2022,"male","Foreign",33,36,46,10,-3,17,20,36,109,73,12
"23","2312",2022,"female","Austrian",-23,-2,3,5,-21,38,59,-4,91,95,14
"23","2312",2022,"female","Foreign",42,42,57,15,0,17,17,16,87,71,8
"23","2312",2023,"male","Austrian",-13,3,7,4,-16,21,37,-9,79,88,15
"23","2312",2023,"male","Foreign",17,14,33,19,3,26,23,34,138,104,7
"23","2312",2023,"female","Austrian",-16,2,9,7,-18,27,45,-6,93,99,13
"23","2312",2023,"female","Foreign",8,10,28,18,-2,17,19,20,111,91,6
"23","2313",2007,"male","Austrian",-10,1,2,1,-11,11,22,28,78,50,1
"23","2313",2007,"male","Foreign",1,-2,5,7,3,3,0,13,22,9,2
"23","2313",2007,"female","Austrian",-5,1,3,2,-6,17,23,45,95,50,8
"23","2313",2007,"female","Foreign",5,5,9,4,0,2,2,7,13,6,1
"23","2313",2008,"male","Austrian",-12,-3,6,9,-9,15,24,0,51,51,7
"23","2313",2008,"male","Foreign",-3,-5,6,11,2,2,0,-2,15,17,0
"23","2313",2008,"female","Austrian",-14,-10,5,15,-4,13,17,4,67,63,7
"23","2313",2008,"female","Foreign",8,7,19,12,1,2,1,-5,11,16,3
"23","2313",2009,"male","Austrian",-14,-2,3,5,-12,14,26,23,76,53,4
"23","2313",2009,"male","Foreign",3,1,7,6,2,4,2,-8,6,14,0
"23","2313",2009,"female","Austrian",-2,1,3,2,-3,25,28,-4,51,55,2
"23","2313",2009,"female","Foreign",8,4,10,6,4,8,4,0,11,11,0
"23","2313",2010,"male","Austrian",-3,1,4,3,-4,23,27,34,91,57,3
"23","2313",2010,"male","Foreign",3,0,4,4,3,4,1,12,13,1,1
"23","2313",2010,"female","Austrian",-13,-1,3,4,-12,19,31,30,73,43,6
"23","2313",2010,"female","Foreign",-5,0,9,9,-5,0,5,3,10,7,1
"23","2313",2011,"male","Austrian",-7,0,3,3,-7,22,29,7,67,60,4
"23","2313",2011,"male","Foreign",1,6,14,8,-5,0,5,14,26,12,0
"23","2313",2011,"female","Austrian",-12,-6,1,7,-6,24,30,12,69,57,3
"23","2313",2011,"female","Foreign",9,10,18,8,-1,1,2,11,21,10,0
"23","2313",2012,"male","Austrian",-26,-3,4,7,-23,8,31,-10,60,70,8
"23","2313",2012,"male","Foreign",2,2,10,8,0,2,2,-2,13,15,1
"23","2313",2012,"female","Austrian",-15,0,5,5,-15,17,32,-14,57,71,9
"23","2313",2012,"female","Foreign",2,4,11,7,-2,3,5,3,15,12,1
"23","2313",2013,"male","Austrian",6,5,6,1,1,19,18,8,58,50,7
"23","2313",2013,"male","Foreign",16,14,21,7,2,2,0,3,21,18,1
"23","2313",2013,"female","Austrian",4,5,11,6,-1,19,20,14,67,53,7
"23","2313",2013,"female","Foreign",8,7,10,3,1,1,0,3,16,13,2
"23","2313",2014,"male","Austrian",0,-2,5,7,2,25,23,31,80,49,4
"23","2313",2014,"male","Foreign",-1,3,11,8,-4,2,6,17,27,10,0
"23","2313",2014,"female","Austrian",-6,-6,3,9,0,32,32,40,84,44,9
"23","2313",2014,"female","Foreign",4,3,11,8,1,6,5,11,23,12,0
"23","2313",2015,"male","Austrian",-13,-6,5,11,-7,22,29,4,61,57,4
"23","2313",2015,"male","Foreign",4,6,12,6,-2,2,4,22,46,24,0
"23","2313",2015,"female","Austrian",-21,-8,1,9,-13,15,28,3,57,54,6
"23","2313",2015,"female","Foreign",16,17,22,5,-1,1,2,2,18,16,4
"23","2313",2016,"male","Austrian",-9,-1,5,6,-8,15,23,10,65,55,4
"23","2313",2016,"male","Foreign",0,1,16,15,-1,9,10,-2,30,32,3
"23","2313",2016,"female","Austrian",-10,-2,3,5,-8,23,31,1,69,68,11
"23","2313",2016,"female","Foreign",1,-1,12,13,2,15,13,-11,25,36,0
"23","2313",2017,"male","Austrian",-9,-1,3,4,-8,20,28,14,72,58,5
"23","2313",2017,"male","Foreign",-7,-4,7,11,-3,3,6,9,43,34,0
"23","2313",2017,"female","Austrian",-12,0,2,2,-12,21,33,22,83,61,4
"23","2313",2017,"female","Foreign",-3,-3,8,11,0,7,7,18,34,16,2
"23","2313",2018,"male","Austrian",-17,-7,3,10,-10,16,26,26,83,57,6
"23","2313",2018,"male","Foreign",-2,-2,9,11,0,6,6,6,33,27,1
"23","2313",2018,"female","Austrian",-14,-5,3,8,-9,18,27,19,81,62,8
"23","2313",2018,"female","Foreign",-2,2,11,9,-4,6,10,9,33,24,3
"23","2313",2019,"male","Austrian",-13,2,4,2,-15,15,30,11,77,66,7
"23","2313",2019,"male","Foreign",-2,-1,9,10,-1,3,4,9,39,30,1
"23","2313",2019,"female","Austrian",-7,0,4,4,-7,15,22,20,88,68,7
"23","2313",2019,"female","Foreign",11,10,14,4,1,4,3,2,32,30,1
"23","2313",2020,"male","Austrian",-18,0,7,7,-18,13,31,16,85,69,6
"23","2313",2020,"male","Foreign",2,2,6,4,0,3,3,7,39,32,0
"23","2313",2020,"female","Austrian",-18,-3,6,9,-15,12,27,-2,77,79,6
"23","2313",2020,"female","Foreign",-4,3,9,6,-7,0,7,17,41,24,0
"23","2313",2021,"male","Austrian",-19,1,5,4,-20,17,37,20,72,52,11
"23","2313",2021,"male","Foreign",0,3,5,2,-3,1,4,6,29,23,0
"23","2313",2021,"female","Austrian",-15,0,4,4,-15,11,26,8,75,67,8
"23","2313",2021,"female","Foreign",14,10,15,5,4,7,3,15,33,18,0
"23","2313",2022,"male","Austrian",-3,2,6,4,-5,17,22,20,75,55,7
"23","2313",2022,"male","Foreign",13,10,19,9,3,7,4,11,42,31,0
"23","2313",2022,"female","Austrian",-7,-1,6,7,-6,21,27,10,68,58,8
"23","2313",2022,"female","Foreign",13,17,26,9,-4,6,10,3,42,39,1
"23","2313",2023,"male","Austrian",-10,-4,3,7,-6,10,16,33,85,52,5
"23","2313",2023,"male","Foreign",10,8,19,11,2,6,4,12,45,33,2
"23","2313",2023,"female","Austrian",-5,-1,2,3,-4,22,26,-21,70,91,6
"23","2313",2023,"female","Foreign",12,3,12,9,9,10,1,12,52,40,0
"23","2314",2007,"male","Austrian",-11,-2,5,7,-9,30,39,12,92,80,9
"23","2314",2007,"male","Foreign",9,14,19,5,-5,4,9,22,35,13,3
"23","2314",2007,"female","Austrian",-15,0,3,3,-15,32,47,28,110,82,6
"23","2314",2007,"female","Foreign",8,11,21,10,-3,5,8,17,26,9,4
"23","2314",2008,"male","Austrian",-13,-5,5,10,-8,20,28,21,108,87,19
"23","2314",2008,"male","Foreign",-1,4,16,12,-5,3,8,2,22,20,2
"23","2314",2008,"female","Austrian",-19,-1,2,3,-18,32,50,20,94,74,10
"23","2314",2008,"female","Foreign",4,0,20,20,4,5,1,12,31,19,2
"23","2314",2009,"male","Austrian",-7,-2,7,9,-5,28,33,31,122,91,15
"23","2314",2009,"male","Foreign",2,3,17,14,-1,2,3,3,29,26,0
"23","2314",2009,"female","Austrian",-20,-3,1,4,-17,27,44,-2,116,118,17
"23","2314",2009,"female","Foreign",1,6,21,15,-5,1,6,17,31,14,2
"23","2314",2010,"male","Austrian",-17,0,6,6,-17,16,33,-9,98,107,14
"23","2314",2010,"male","Foreign",-2,2,22,20,-4,2,6,6,24,18,0
"23","2314",2010,"female","Austrian",-14,-2,2,4,-12,18,30,-2,103,105,9
"23","2314",2010,"female","Foreign",-6,-1,21,22,-5,3,8,7,36,29,3
"23","2314",2011,"male","Austrian",-22,-3,8,11,-19,27,46,-2,91,93,8
"23","2314",2011,"male","Foreign",13,14,26,12,-1,5,6,5,22,17,3
"23","2314",2011,"female","Austrian",-7,5,5,0,-12,30,42,14,108,94,18
"23","2314",2011,"female","Foreign",17,18,28,10,-1,2,3,19,31,12,5
"23","2314",2012,"male","Austrian",-9,0,9,9,-9,26,35,-9,93,102,11
"23","2314",2012,"male","Foreign",18,11,36,25,7,9,2,6,27,21,2
"23","2314",2012,"female","Austrian",-11,0,8,8,-11,31,42,12,111,99,11
"23","2314",2012,"female","Foreign",19,12,27,15,7,9,2,2,28,26,1
"23","2314",2013,"male","Austrian",-20,-1,11,12,-19,26,45,25,112,87,31
"23","2314",2013,"male","Foreign",3,4,19,15,-1,3,4,4,33,29,0
"23","2314",2013,"female","Austrian",-5,-3,7,10,-2,33,35,33,122,89,20
"23","2314",2013,"female","Foreign",-2,0,24,24,-2,5,7,-8,22,30,4
"23","2314",2014,"male","Austrian",-29,0,9,9,-29,16,45,15,106,91,17
"23","2314",2014,"male","Foreign",26,25,30,5,1,6,5,8,33,25,4
"23","2314",2014,"female","Austrian",-20,-2,5,7,-18,34,52,9,110,101,22
"23","2314",2014,"female","Foreign",25,27,40,13,-2,5,7,16,37,21,3
"23","2314",2015,"male","Austrian",-12,-1,6,7,-11,20,31,5,105,100,7
"23","2314",2015,"male","Foreign",-1,3,23,20,-4,6,10,22,48,26,0
"23","2314",2015,"female","Austrian",-13,-3,1,4,-10,26,36,2,107,105,6
"23","2314",2015,"female","Foreign",15,21,35,14,-6,2,8,32,63,31,1
"23","2314",2016,"male","Austrian",-28,-4,8,12,-24,24,48,-27,74,101,9
"23","2314",2016,"male","Foreign",11,7,19,12,4,9,5,2,50,48,3
"23","2314",2016,"female","Austrian",-5,1,3,2,-6,28,34,20,125,105,14
"23","2314",2016,"female","Foreign",4,9,26,17,-5,9,14,9,49,40,1
"23","2314",2017,"male","Austrian",0,1,8,7,-1,22,23,-22,86,108,7
"23","2314",2017,"male","Foreign",16,20,32,12,-4,6,10,15,60,45,5
"23","2314",2017,"female","Austrian",-10,2,5,3,-12,24,36,-16,104,120,12
"23","2314",2017,"female","Foreign",8,8,25,17,0,8,8,8,48,40,7
"23","2314",2018,"male","Austrian",-2,4,9,5,-6,29,35,49,143,94,13
"23","2314",2018,"male","Foreign",-1,-6,16,22,5,14,9,12,49,37,4
"23","2314",2018,"female","Austrian",-8,0,6,6,-8,31,39,23,127,104,18
"23","2314",2018,"female","Foreign",-5,-7,17,24,2,6,4,17,64,47,4
"23","2314",2019,"male","Austrian",-32,-1,6,7,-31,18,49,-9,79,88,12
"23","2314",2019,"male","Foreign",-2,1,18,17,-3,6,9,-1,43,44,10
"23","2314",2019,"female","Austrian",-19,-1,9,10,-18,27,45,-1,98,99,21
"23","2314",2019,"female","Foreign",3,2,17,15,1,10,9,7,56,49,6
"23","2314",2020,"male","Austrian",-12,2,8,6,-14,20,34,17,100,83,12
"23","2314",2020,"male","Foreign",8,8,22,14,0,11,11,22,60,38,9
"23","2314",2020,"female","Austrian",-13,-3,2,5,-10,25,35,5,101,96,9
"23","2314",2020,"female","Foreign",3,13,25,12,-10,7,17,18,48,30,7
"23","2314",2021,"male","Austrian",-13,-3,2,5,-10,21,31,5,92,87,6
"23","2314",2021,"male","Foreign",12,14,30,16,-2,11,13,3,39,36,3
"23","2314",2021,"female","Austrian",-41,-2,2,4,-39,14,53,1,105,104,8
"23","2314",2021,"female","Foreign",16,12,20,8,4,8,4,-16,31,47,1
"23","2314",2022,"male","Austrian",-13,-1,6,7,-12,19,31,21,103,82,5
"23","2314",2022,"male","Foreign",26,33,46,13,-7,7,14,13,61,48,9
"23","2314",2022,"female","Austrian",2,-2,4,6,4,32,28,24,126,102,3
"23","2314",2022,"female","Foreign",47,53,68,15,-6,7,13,13,59,46,7
"23","2314",2023,"male","Austrian",-21,0,3,3,-21,20,41,0,110,110,13
"23","2314",2023,"male","Foreign",-3,-3,21,24,0,11,11,22,71,49,2
"23","2314",2023,"female","Austrian",-22,3,6,3,-25,23,48,-7,105,112,14
"23","2314",2023,"female","Foreign",-7,-5,28,33,-2,11,13,12,67,55,0
"23","2315",2007,"male","Austrian",-4,1,3,2,-5,10,15,6,42,36,12
"23","2315",2007,"male","Foreign",-5,-4,5,9,-1,0,1,1,4,3,1
"23","2315",2007,"female","Austrian",-2,1,1,0,-3,7,10,14,43,29,11
"23","2315",2007,"female","Foreign",-6,-7,6,13,1,1,0,-3,6,9,0
"23","2315",2008,"male","Austrian",-3,3,6,3,-6,3,9,-5,26,31,5
"23","2315",2008,"male","Foreign",5,5,10,5,0,0,0,0,7,7,0
"23","2315",2008,"female","Austrian",-6,0,2,2,-6,5,11,-8,31,39,7
"23","2315",2008,"female","Foreign",0,-3,6,9,3,3,0,3,7,4,1
"23","2315",2009,"male","Austrian",-1,-2,0,2,1,8,7,20,50,30,6
"23","2315",2009,"male","Foreign",8,8,10,2,0,0,0,-2,4,6,1
"23","2315",2009,"female","Austrian",-3,-1,1,2,-2,10,12,10,50,40,2
"23","2315",2009,"female","Foreign",11,8,12,4,3,3,0,0,9,9,1
"23","2315",2010,"male","Austrian",-7,0,2,2,-7,7,14,22,51,29,3
"23","2315",2010,"male","Foreign",8,8,14,6,0,1,1,-6,2,8,2
"23","2315",2010,"female","Austrian",6,5,6,1,1,13,12,23,54,31,1
"23","2315",2010,"female","Foreign",14,13,16,3,1,1,0,-4,8,12,2
"23","2315",2011,"male","Austrian",0,0,5,5,0,8,8,39,62,23,2
"23","2315",2011,"male","Foreign",2,2,12,10,0,1,1,1,5,4,0
"23","2315",2011,"female","Austrian",1,0,2,2,1,10,9,29,52,23,2
"23","2315",2011,"female","Foreign",3,3,13,10,0,1,1,6,11,5,0
"23","2315",2012,"male","Austrian",-1,3,3,0,-4,8,12,26,60,34,4
"23","2315",2012,"male","Foreign",-1,-1,13,14,0,0,0,-1,12,13,0
"23","2315",2012,"female","Austrian",-4,0,1,1,-4,7,11,-1,41,42,4
"23","2315",2012,"female","Foreign",7,7,19,12,0,2,2,-2,13,15,2
"23","2315",2013,"male","Austrian",-6,1,2,1,-7,10,17,9,36,27,3
"23","2315",2013,"male","Foreign",7,7,13,6,0,0,0,7,16,9,0
"23","2315",2013,"female","Austrian",-10,-3,1,4,-7,6,13,20,46,26,2
"23","2315",2013,"female","Foreign",7,6,10,4,1,1,0,3,13,10,1
"23","2315",2014,"male","Austrian",-3,4,6,2,-7,5,12,18,35,17,2
"23","2315",2014,"male","Foreign",6,5,11,6,1,1,0,1,12,11,1
"23","2315",2014,"female","Austrian",-6,-1,0,1,-5,8,13,-2,26,28,2
"23","2315",2014,"female","Foreign",9,10,15,5,-1,0,1,-1,9,10,0
"23","2315",2015,"male","Austrian",0,-4,0,4,4,12,8,6,43,37,0
"23","2315",2015,"male","Foreign",-2,0,9,9,-2,2,4,2,10,8,0
"23","2315",2015,"female","Austrian",-5,0,2,2,-5,5,10,12,46,34,5
"23","2315",2015,"female","Foreign",5,4,14,10,1,5,4,3,17,14,0
"23","2315",2016,"male","Austrian",-3,0,2,2,-3,7,10,18,52,34,5
"23","2315",2016,"male","Foreign",6,4,12,8,2,2,0,10,17,7,2
"23","2315",2016,"female","Austrian",-2,6,6,0,-8,9,17,-2,30,32,8
"23","2315",2016,"female","Foreign",4,4,14,10,0,3,3,7,25,18,1
"23","2315",2017,"male","Austrian",-14,-3,2,5,-11,6,17,9,46,37,2
"23","2315",2017,"male","Foreign",5,3,11,8,2,5,3,-5,16,21,0
"23","2315",2017,"female","Austrian",-10,-1,2,3,-9,6,15,18,52,34,3
"23","2315",2017,"female","Foreign",3,6,11,5,-3,2,5,1,19,18,0
"23","2315",2018,"male","Austrian",-11,5,6,1,-16,12,28,8,51,43,4
"23","2315",2018,"male","Foreign",-11,-6,12,18,-5,2,7,-7,14,21,1
"23","2315",2018,"female","Austrian",-10,-5,1,6,-5,17,22,22,58,36,2
"23","2315",2018,"female","Foreign",-5,0,10,10,-5,2,7,-4,18,22,0
"23","2315",2019,"male","Austrian",-7,0,4,4,-7,7,14,-2,31,33,5
"23","2315",2019,"male","Foreign",4,5,8,3,-1,1,2,-3,17,20,2
"23","2315",2019,"female","Austrian",5,3,3,0,2,12,10,17,41,24,2
"23","2315",2019,"female","Foreign",11,12,19,7,-1,2,3,2,14,12,2
"23","2315",2020,"male","Austrian",-4,-1,2,3,-3,8,11,-4,46,50,2
"23","2315",2020,"male","Foreign",6,5,10,5,1,2,1,4,23,19,1
"23","2315",2020,"female","Austrian",-4,0,2,2,-4,15,19,1,38,37,1
"23","2315",2020,"female","Foreign",-2,0,5,5,-2,0,2,-2,22,24,0
"23","2315",2021,"male","Austrian",9,3,5,2,6,16,10,-14,21,35,2
"23","2315",2021,"male","Foreign",0,3,10,7,-3,0,3,2,16,14,2
"23","2315",2021,"female","Austrian",3,1,1,0,2,12,10,-7,25,32,9
"23","2315",2021,"female","Foreign",5,6,12,6,-1,2,3,-1,18,19,4
"23","2315",2022,"male","Austrian",-11,-2,1,3,-9,6,15,5,51,46,6
"23","2315",2022,"male","Foreign",10,14,21,7,-4,1,5,11,25,14,0
"23","2315",2022,"female","Austrian",-1,-1,0,1,0,12,12,-7,42,49,10
"23","2315",2022,"female","Foreign",11,19,33,14,-8,1,9,-7,20,27,0
"23","2315",2023,"male","Austrian",-1,5,5,0,-6,9,15,17,47,30,4
"23","2315",2023,"male","Foreign",6,7,12,5,-1,4,5,-2,13,15,1
"23","2315",2023,"female","Austrian",-4,0,1,1,-4,9,13,-3,32,35,6
"23","2315",2023,"female","Foreign",8,10,17,7,-2,5,7,12,26,14,1
"23","2316",2007,"male","Austrian",-8,0,1,1,-8,14,22,-2,29,31,7
"23","2316",2007,"male","Foreign",6,6,18,12,0,1,1,4,17,13,4
"23","2316",2007,"female","Austrian",-11,0,1,1,-11,9,20,26,56,30,5
"23","2316",2007,"female","Foreign",7,5,14,9,2,4,2,2,22,20,4
"23","2316",2008,"male","Austrian",-2,0,2,2,-2,13,15,9,43,34,3
"23","2316",2008,"male","Foreign",-7,-4,9,13,-3,2,5,-3,10,13,0
"23","2316",2008,"female","Austrian",-2,1,1,0,-3,12,15,23,57,34,9
"23","2316",2008,"female","Foreign",2,-1,5,6,3,5,2,-3,10,13,0
"23","2316",2009,"male","Austrian",-5,-6,1,7,1,12,11,29,61,32,6
"23","2316",2009,"male","Foreign",5,6,10,4,-1,5,6,2,15,13,0
"23","2316",2009,"female","Austrian",2,-4,3,7,6,18,12,19,59,40,10
"23","2316",2009,"female","Foreign",-3,2,5,3,-5,2,7,1,17,16,0
"23","2316",2010,"male","Austrian",-4,5,6,1,-9,15,24,23,53,30,5
"23","2316",2010,"male","Foreign",-5,-4,8,12,-1,2,3,11,19,8,3
"23","2316",2010,"female","Austrian",-13,-1,3,4,-12,15,27,66,95,29,13
"23","2316",2010,"female","Foreign",4,3,6,3,1,2,1,12,23,11,1
"23","2316",2011,"male","Austrian",4,-3,2,5,7,21,14,-8,42,50,3
"23","2316",2011,"male","Foreign",12,8,17,9,4,7,3,13,19,6,1
"23","2316",2011,"female","Austrian",-7,-5,0,5,-2,16,18,16,52,36,4
"23","2316",2011,"female","Foreign",6,3,10,7,3,8,5,7,17,10,0
"23","2316",2012,"male","Austrian",-9,-2,2,4,-7,17,24,12,36,24,4
"23","2316",2012,"male","Foreign",5,11,14,3,-6,1,7,-2,13,15,1
"23","2316",2012,"female","Austrian",-12,1,2,1,-13,19,32,22,46,24,8
"23","2316",2012,"female","Foreign",-4,3,6,3,-7,3,10,-1,14,15,0
"23","2316",2013,"male","Austrian",-10,-7,5,12,-3,10,13,14,47,33,3
"23","2316",2013,"male","Foreign",2,4,12,8,-2,0,2,7,14,7,2
"23","2316",2013,"female","Austrian",-7,-8,0,8,1,17,16,29,51,22,10
"23","2316",2013,"female","Foreign",-1,1,4,3,-2,3,5,3,13,10,1
"23","2316",2014,"male","Austrian",0,2,3,1,-2,22,24,41,68,27,2
"23","2316",2014,"male","Foreign",0,1,12,11,-1,5,6,18,27,9,3
"23","2316",2014,"female","Austrian",-1,-1,1,2,0,14,14,57,83,26,0
"23","2316",2014,"female","Foreign",6,10,14,4,-4,1,5,17,23,6,4
"23","2316",2015,"male","Austrian",-2,-3,2,5,1,17,16,18,44,26,2
"23","2316",2015,"male","Foreign",15,12,19,7,3,7,4,-2,18,20,1
"23","2316",2015,"female","Austrian",2,0,1,1,2,16,14,10,59,49,3
"23","2316",2015,"female","Foreign",9,10,15,5,-1,4,5,1,17,16,1
"23","2316",2016,"male","Austrian",49,2,3,1,47,76,29,274,309,35,11
"23","2316",2016,"male","Foreign",21,8,27,19,13,19,6,80,101,21,2
"23","2316",2016,"female","Austrian",36,-2,0,2,38,65,27,283,310,27,12
"23","2316",2016,"female","Foreign",20,2,12,10,18,26,8,107,123,16,5
"23","2316",2017,"male","Austrian",13,0,5,5,13,37,24,53,106,53,7
"23","2316",2017,"male","Foreign",30,24,33,9,6,12,6,34,75,41,4
"23","2316",2017,"female","Austrian",10,3,3,0,7,41,34,91,136,45,6
"23","2316",2017,"female","Foreign",30,28,36,8,2,8,6,39,69,30,2
"23","2316",2018,"male","Austrian",-1,0,1,1,-1,34,35,14,77,63,4
"23","2316",2018,"male","Foreign",0,0,11,11,0,6,6,15,44,29,5
"23","2316",2018,"female","Austrian",-11,-2,1,3,-9,28,37,20,87,67,9
"23","2316",2018,"female","Foreign",12,13,19,6,-1,11,12,0,33,33,3
"23","2316",2019,"male","Austrian",-29,-2,0,2,-27,25,52,33,79,46,13
"23","2316",2019,"male","Foreign",5,1,17,16,4,10,6,13,49,36,5
"23","2316",2019,"female","Austrian",-22,-6,0,6,-16,26,42,40,92,52,14
"23","2316",2019,"female","Foreign",7,-1,15,16,8,10,2,7,40,33,9
"23","2316",2020,"male","Austrian",-27,2,3,1,-29,17,46,3,54,51,8
"23","2316",2020,"male","Foreign",13,12,25,13,1,8,7,-19,26,45,0
"23","2316",2020,"female","Austrian",-13,2,2,0,-15,30,45,0,64,64,13
"23","2316",2020,"female","Foreign",-5,-2,13,15,-3,6,9,2,34,32,1
"23","2316",2021,"male","Austrian",-29,-3,4,7,-26,18,44,14,74,60,5
"23","2316",2021,"male","Foreign",3,7,15,8,-4,7,11,10,35,25,6
"23","2316",2021,"female","Austrian",-20,1,1,0,-21,25,46,-14,78,92,8
"23","2316",2021,"female","Foreign",0,3,14,11,-3,5,8,14,33,19,5
"23","2316",2022,"male","Austrian",-24,2,6,4,-26,18,44,1,67,66,5
"23","2316",2022,"male","Foreign",0,12,32,20,-12,7,19,25,51,26,1
"23","2316",2022,"female","Austrian",-33,-2,0,2,-31,12,43,9,61,52,4
"23","2316",2022,"female","Foreign",22,35,47,12,-13,8,21,12,46,34,0
"23","2316",2023,"male","Austrian",-4,-5,2,7,1,28,27,45,102,57,5
"23","2316",2023,"male","Foreign",4,4,18,14,0,7,7,3,40,37,1
"23","2316",2023,"female","Austrian",-15,-1,1,2,-14,21,35,72,128,56,6
"23","2316",2023,"female","Foreign",9,8,19,11,1,9,8,8,31,23,0
"23","2317",2007,"male","Austrian",-2,0,0,0,-2,0,2,4,6,2,0
"23","2317",2007,"male","Foreign",-1,-1,2,3,0,0,0,-1,4,5,0
"23","2317",2007,"female","Austrian",-1,0,0,0,-1,0,1,5,7,2,0
"23","2317",2007,"female","Foreign",2,3,3,0,-1,1,2,0,1,1,0
"23","2317",2008,"male","Austrian",-2,0,0,0,-2,2,4,-4,2,6,0
"23","2317",2008,"male","Foreign",-1,-1,1,2,0,0,0,-1,7,8,0
"23","2317",2008,"female","Austrian",0,-1,0,1,1,2,1,-7,4,11,0
"23","2317",2008,"female","Foreign",-1,-1,0,1,0,0,0,0,6,6,0
"23","2317",2009,"male","Austrian",4,0,0,0,4,4,0,4,6,2,0
"23","2317",2009,"male","Foreign",-1,-1,1,2,0,0,0,2,5,3,0
"23","2317",2009,"female","Austrian",1,0,0,0,1,1,0,1,8,7,0
"23","2317",2009,"female","Foreign",3,3,3,0,0,0,0,-1,4,5,0
"23","2317",2010,"male","Austrian",-1,0,0,0,-1,0,1,-3,8,11,0
"23","2317",2010,"male","Foreign",1,1,6,5,0,0,0,-1,5,6,0
"23","2317",2010,"female","Austrian",-5,-1,0,1,-4,0,4,1,7,6,0
"23","2317",2010,"female","Foreign",5,3,3,0,2,3,1,-2,1,3,0
"23","2317",2011,"male","Austrian",0,1,2,1,-1,0,1,6,8,2,0
"23","2317",2011,"male","Foreign",0,0,8,8,0,0,0,4,8,4,0
"23","2317",2011,"female","Austrian",3,2,2,0,1,2,1,4,8,4,0
"23","2317",2011,"female","Foreign",3,3,3,0,0,0,0,-1,3,4,0
"23","2317",2012,"male","Austrian",-5,-2,0,2,-3,0,3,5,7,2,0
"23","2317",2012,"male","Foreign",0,2,2,0,-2,1,3,-2,1,3,0
"23","2317",2012,"female","Austrian",2,0,0,0,2,2,0,3,6,3,0
"23","2317",2012,"female","Foreign",1,1,2,1,0,1,1,-3,1,4,0
"23","2317",2013,"male","Austrian",-3,0,1,1,-3,0,3,2,5,3,0
"23","2317",2013,"male","Foreign",4,4,5,1,0,0,0,0,3,3,0
"23","2317",2013,"female","Austrian",-2,0,0,0,-2,0,2,3,6,3,0
"23","2317",2013,"female","Foreign",1,1,2,1,0,0,0,-4,1,5,0
"23","2317",2014,"male","Austrian",0,0,0,0,0,1,1,7,11,4,4
"23","2317",2014,"male","Foreign",0,0,1,1,0,0,0,15,18,3,0
"23","2317",2014,"female","Austrian",-2,-1,0,1,-1,0,1,11,12,1,4
"23","2317",2014,"female","Foreign",2,2,2,0,0,0,0,0,1,1,0
"23","2317",2015,"male","Austrian",-2,0,0,0,-2,1,3,3,7,4,0
"23","2317",2015,"male","Foreign",0,1,2,1,-1,1,2,-1,1,2,0
"23","2317",2015,"female","Austrian",3,1,1,0,2,4,2,3,6,3,0
"23","2317",2015,"female","Foreign",-1,-1,1,2,0,0,0,0,2,2,0
"23","2317",2016,"male","Austrian",-2,0,0,0,-2,0,2,4,8,4,0
"23","2317",2016,"male","Foreign",-4,-3,1,4,-1,1,2,-3,2,5,0
"23","2317",2016,"female","Austrian",0,0,0,0,0,0,0,4,7,3,0
"23","2317",2016,"female","Foreign",2,2,3,1,0,0,0,-1,1,2,0
"23","2317",2017,"male","Austrian",0,1,1,0,-1,0,1,4,7,3,0
"23","2317",2017,"male","Foreign",0,0,1,1,0,0,0,3,4,1,0
"23","2317",2017,"female","Austrian",0,0,0,0,0,0,0,5,8,3,0
"23","2317",2017,"female","Foreign",0,-1,0,1,1,1,0,1,3,2,0
"23","2317",2018,"male","Austrian",1,0,0,0,1,3,2,4,10,6,0
"23","2317",2018,"male","Foreign",1,1,2,1,0,0,0,2,5,3,0
"23","2317",2018,"female","Austrian",0,-1,0,1,1,3,2,0,6,6,0
"23","2317",2018,"female","Foreign",3,3,3,0,0,0,0,2,6,4,0
"23","2317",2019,"male","Austrian",0,0,0,0,0,1,1,-2,0,2,0
"23","2317",2019,"male","Foreign",0,-1,2,3,1,1,0,5,8,3,0
"23","2317",2019,"female","Austrian",0,0,0,0,0,1,1,-2,1,3,0
"23","2317",2019,"female","Foreign",2,2,2,0,0,0,0,2,8,6,0
"23","2317",2020,"male","Austrian",-2,1,1,0,-3,0,3,5,8,3,2
"23","2317",2020,"male","Foreign",-2,-2,1,3,0,1,1,-2,3,5,1
"23","2317",2020,"female","Austrian",-1,0,0,0,-1,0,1,6,9,3,2
"23","2317",2020,"female","Foreign",-3,-2,0,2,-1,0,1,-2,1,3,0
"23","2317",2021,"male","Austrian",1,0,0,0,1,1,0,5,8,3,0
"23","2317",2021,"male","Foreign",-1,0,1,1,-1,0,1,7,8,1,0
"23","2317",2021,"female","Austrian",-2,1,1,0,-3,1,4,2,8,6,0
"23","2317",2021,"female","Foreign",-1,0,0,0,-1,0,1,3,4,1,0
"23","2317",2022,"male","Austrian",-2,-1,0,1,-1,1,2,-1,5,6,0
"23","2317",2022,"male","Foreign",4,1,4,3,3,4,1,0,1,1,0
"23","2317",2022,"female","Austrian",-1,-1,0,1,0,1,1,1,4,3,0
"23","2317",2022,"female","Foreign",7,4,9,5,3,6,3,1,3,2,0
"23","2317",2023,"male","Austrian",-6,0,0,0,-6,0,6,1,6,5,0
"23","2317",2023,"male","Foreign",-1,-2,3,5,1,1,0,3,5,2,0
"23","2317",2023,"female","Austrian",-1,0,0,0,-1,1,2,3,8,5,0
"23","2317",2023,"female","Foreign",1,0,2,2,1,1,0,-3,0,3,0
"23","2318",2007,"male","Austrian",-8,4,9,5,-12,27,39,-3,110,113,21
"23","2318",2007,"male","Foreign",7,3,12,9,4,4,0,8,21,13,2
"23","2318",2007,"female","Austrian",-15,-4,1,5,-11,23,34,-16,96,112,21
"23","2318",2007,"female","Foreign",3,6,9,3,-3,0,3,7,20,13,7
"23","2318",2008,"male","Austrian",-32,-8,6,14,-24,13,37,-22,109,131,20
"23","2318",2008,"male","Foreign",-6,-2,8,10,-4,1,5,0,20,20,2
"23","2318",2008,"female","Austrian",-40,-8,2,10,-32,13,45,-46,81,127,19
"23","2318",2008,"female","Foreign",7,7,10,3,0,4,4,11,23,12,4
"23","2318",2009,"male","Austrian",-14,-4,6,10,-10,19,29,0,106,106,10
"23","2318",2009,"male","Foreign",8,8,11,3,0,1,1,9,26,17,4
"23","2318",2009,"female","Austrian",-16,-5,2,7,-11,19,30,-25,79,104,15
"23","2318",2009,"female","Foreign",4,6,11,5,-2,1,3,15,25,10,4
"23","2318",2010,"male","Austrian",-17,2,13,11,-19,16,35,-24,97,121,15
"23","2318",2010,"male","Foreign",2,0,7,7,2,4,2,20,26,6,4
"23","2318",2010,"female","Austrian",-23,-11,0,11,-12,18,30,-41,82,123,19
"23","2318",2010,"female","Foreign",9,9,17,8,0,1,1,6,18,12,2
"23","2318",2011,"male","Austrian",-22,-1,9,10,-21,13,34,-18,88,106,12
"23","2318",2011,"male","Foreign",9,10,21,11,-1,4,5,20,30,10,1
"23","2318",2011,"female","Austrian",-29,-1,4,5,-28,14,42,-23,84,107,17
"23","2318",2011,"female","Foreign",2,7,11,4,-5,1,6,18,25,7,0
"23","2318",2012,"male","Austrian",-23,-8,1,9,-15,18,33,-16,96,112,9
"23","2318",2012,"male","Foreign",9,10,21,11,-1,2,3,19,39,20,0
"23","2318",2012,"female","Austrian",-22,-4,2,6,-18,13,31,-16,94,110,13
"23","2318",2012,"female","Foreign",7,7,9,2,0,3,3,3,23,20,2
"23","2318",2013,"male","Austrian",-21,-3,5,8,-18,9,27,4,100,96,22
"23","2318",2013,"male","Foreign",10,12,21,9,-2,2,4,15,33,18,1
"23","2318",2013,"female","Austrian",-34,1,4,3,-35,8,43,4,95,91,16
"23","2318",2013,"female","Foreign",6,7,15,8,-1,0,1,13,24,11,1
"23","2318",2014,"male","Austrian",-34,-3,5,8,-31,12,43,-21,83,104,10
"23","2318",2014,"male","Foreign",13,10,20,10,3,5,2,8,31,23,1
"23","2318",2014,"female","Austrian",-26,1,6,5,-27,17,44,-7,64,71,5
"23","2318",2014,"female","Foreign",11,11,15,4,0,1,1,19,41,22,0
"23","2318",2015,"male","Austrian",-25,-5,8,13,-20,16,36,-8,94,102,16
"23","2318",2015,"male","Foreign",13,14,23,9,-1,7,8,15,47,32,0
"23","2318",2015,"female","Austrian",-21,-3,5,8,-18,18,36,-8,90,98,10
"23","2318",2015,"female","Foreign",4,8,16,8,-4,2,6,37,51,14,1
"23","2318",2016,"male","Austrian",-17,1,8,7,-18,16,34,-4,82,86,17
"23","2318",2016,"male","Foreign",-3,-1,20,21,-2,3,5,9,37,28,3
"23","2318",2016,"female","Austrian",-30,-2,3,5,-28,22,50,-31,68,99,15
"23","2318",2016,"female","Foreign",11,9,14,5,2,3,1,7,23,16,6
"23","2318",2017,"male","Austrian",-36,3,7,4,-39,13,52,-15,79,94,9
"23","2318",2017,"male","Foreign",15,9,18,9,6,13,7,35,66,31,6
"23","2318",2017,"female","Austrian",-42,-1,2,3,-41,18,59,-7,81,88,14
"23","2318",2017,"female","Foreign",15,13,17,4,2,6,4,47,71,24,2
"23","2318",2018,"male","Austrian",-29,4,11,7,-33,22,55,101,193,92,42
"23","2318",2018,"male","Foreign",2,9,22,13,-7,2,9,67,114,47,2
"23","2318",2018,"female","Austrian",-24,-3,4,7,-21,28,49,120,200,80,36
"23","2318",2018,"female","Foreign",1,13,24,11,-12,3,15,77,119,42,2
"23","2318",2019,"male","Austrian",-10,-3,6,9,-7,26,33,-5,75,80,10
"23","2318",2019,"male","Foreign",-2,0,20,20,-2,9,11,27,65,38,1
"23","2318",2019,"female","Austrian",-30,-4,3,7,-26,16,42,-4,72,76,10
"23","2318",2019,"female","Foreign",2,-1,12,13,3,11,8,36,65,29,1
"23","2318",2020,"male","Austrian",-31,-7,6,13,-24,17,41,0,82,82,11
"23","2318",2020,"male","Foreign",10,7,16,9,3,6,3,29,61,32,2
"23","2318",2020,"female","Austrian",-43,-7,0,7,-36,15,51,12,79,67,9
"23","2318",2020,"female","Foreign",-8,-7,10,17,-1,1,2,27,53,26,0
"23","2318",2021,"male","Austrian",-9,1,6,5,-10,20,30,1,72,71,9
"23","2318",2021,"male","Foreign",-2,1,16,15,-3,8,11,30,71,41,8
"23","2318",2021,"female","Austrian",-27,-4,3,7,-23,19,42,-11,89,100,12
"23","2318",2021,"female","Foreign",4,12,21,9,-8,5,13,14,49,35,0
"23","2318",2022,"male","Austrian",-31,0,4,4,-31,11,42,6,81,75,10
"23","2318",2022,"male","Foreign",23,18,29,11,5,14,9,26,71,45,2
"23","2318",2022,"female","Austrian",-20,-1,3,4,-19,20,39,-17,70,87,6
"23","2318",2022,"female","Foreign",14,17,30,13,-3,5,8,23,63,40,0
"23","2318",2023,"male","Austrian",-19,-3,2,5,-16,13,29,-2,66,68,6
"23","2318",2023,"male","Foreign",-1,4,25,21,-5,5,10,29,78,49,5
"23","2318",2023,"female","Austrian",-23,2,2,0,-25,15,40,-12,65,77,5
"23","2318",2023,"female","Foreign",-3,0,17,17,-3,2,5,27,60,33,4
"23","2319",2007,"male","Austrian",-12,-6,8,14,-6,42,48,277,379,102,49
"23","2319",2007,"male","Foreign",9,2,10,8,7,8,1,51,71,20,3
"23","2319",2007,"female","Austrian",-8,-2,4,6,-6,56,62,300,414,114,90
"23","2319",2007,"female","Foreign",10,8,19,11,2,7,5,32,59,27,5
"23","2319",2008,"male","Austrian",-53,1,9,8,-54,27,81,34,162,128,59
"23","2319",2008,"male","Foreign",4,4,16,12,0,8,8,11,27,16,2
"23","2319",2008,"female","Austrian",-46,-2,10,12,-44,37,81,40,158,118,68
"23","2319",2008,"female","Foreign",6,10,24,14,-4,2,6,5,25,20,4
"23","2319",2009,"male","Austrian",-21,-9,8,17,-12,38,50,-7,131,138,47
"23","2319",2009,"male","Foreign",2,2,13,11,0,2,2,10,34,24,12
"23","2319",2009,"female","Austrian",-42,-19,2,21,-23,36,59,37,163,126,82
"23","2319",2009,"female","Foreign",6,7,18,11,-1,3,4,-1,29,30,10
"23","2319",2010,"male","Austrian",-17,6,11,5,-23,34,57,-1,133,134,78
"23","2319",2010,"male","Foreign",2,4,16,12,-2,4,6,5,26,21,4
"23","2319",2010,"female","Austrian",-30,-9,9,18,-21,36,57,5,154,149,64
"23","2319",2010,"female","Foreign",9,8,20,12,1,4,3,0,25,25,6
"23","2319",2011,"male","Austrian",-33,-11,4,15,-22,40,62,-5,143,148,39
"23","2319",2011,"male","Foreign",19,17,21,4,2,5,3,17,35,18,6
"23","2319",2011,"female","Austrian",-21,-3,6,9,-18,32,50,1,162,161,54
"23","2319",2011,"female","Foreign",5,7,17,10,-2,5,7,16,38,22,4
"23","2319",2012,"male","Austrian",-40,-6,8,14,-34,28,62,41,155,114,41
"23","2319",2012,"male","Foreign",7,13,20,7,-6,0,6,-3,24,27,5
"23","2319",2012,"female","Austrian",-38,-4,5,9,-34,25,59,-19,137,156,56
"23","2319",2012,"female","Foreign",13,16,29,13,-3,4,7,7,27,20,6
"23","2319",2013,"male","Austrian",-17,6,10,4,-23,30,53,22,150,128,57
"23","2319",2013,"male","Foreign",9,5,18,13,4,8,4,4,34,30,3
"23","2319",2013,"female","Austrian",-52,0,6,6,-52,30,82,12,144,132,48
"23","2319",2013,"female","Foreign",1,2,21,19,-1,2,3,11,38,27,6
"23","2319",2014,"male","Austrian",-60,-4,3,7,-56,37,93,15,160,145,58
"23","2319",2014,"male","Foreign",18,21,33,12,-3,3,6,16,41,25,4
"23","2319",2014,"female","Austrian",-51,0,4,4,-51,31,82,23,161,138,53
"23","2319",2014,"female","Foreign",25,25,30,5,0,2,2,14,48,34,7
"23","2319",2015,"male","Austrian",-28,4,9,5,-32,34,66,9,141,132,65
"23","2319",2015,"male","Foreign",20,19,28,9,1,3,2,15,46,31,10
"23","2319",2015,"female","Austrian",-27,9,13,4,-36,35,71,32,161,129,62
"23","2319",2015,"female","Foreign",8,11,31,20,-3,5,8,19,59,40,9
"23","2319",2016,"male","Austrian",-26,-6,8,14,-20,34,54,24,152,128,61
"23","2319",2016,"male","Foreign",-1,-3,18,21,2,7,5,0,47,47,5
"23","2319",2016,"female","Austrian",-37,4,8,4,-41,25,66,-19,121,140,67
"23","2319",2016,"female","Foreign",16,12,23,11,4,6,2,16,48,32,6
"23","2319",2017,"male","Austrian",-38,-4,10,14,-34,24,58,23,175,152,51
"23","2319",2017,"male","Foreign",-2,0,17,17,-2,9,11,12,57,45,3
"23","2319",2017,"female","Austrian",-59,0,7,7,-59,25,84,-16,134,150,63
"23","2319",2017,"female","Foreign",-3,3,19,16,-6,6,12,21,58,37,4
"23","2319",2018,"male","Austrian",-28,-1,15,16,-27,22,49,-16,123,139,64
"23","2319",2018,"male","Foreign",7,4,21,17,3,13,10,32,70,38,1
"23","2319",2018,"female","Austrian",-31,-11,2,13,-20,28,48,-16,117,133,48
"23","2319",2018,"female","Foreign",11,8,23,15,3,10,7,31,67,36,5
"23","2319",2019,"male","Austrian",-14,1,9,8,-15,30,45,-30,116,146,44
"23","2319",2019,"male","Foreign",0,2,14,12,-2,3,5,35,71,36,11
"23","2319",2019,"female","Austrian",-25,-12,2,14,-13,24,37,-24,124,148,61
"23","2319",2019,"female","Foreign",-3,2,19,17,-5,4,9,45,80,35,12
"23","2319",2020,"male","Austrian",-45,5,10,5,-50,21,71,-22,124,146,39
"23","2319",2020,"male","Foreign",-1,4,14,10,-5,1,6,36,67,31,7
"23","2319",2020,"female","Austrian",-55,0,2,2,-55,20,75,0,109,109,42
"23","2319",2020,"female","Foreign",8,13,19,6,-5,4,9,32,68,36,9
"23","2319",2021,"male","Austrian",-39,-1,5,6,-38,17,55,-18,122,140,42
"23","2319",2021,"male","Foreign",-1,5,15,10,-6,6,12,42,83,41,3
"23","2319",2021,"female","Austrian",-44,1,7,6,-45,18,63,-15,130,145,46
"23","2319",2021,"female","Foreign",-2,0,11,11,-2,4,6,47,70,23,7
"23","2319",2022,"male","Austrian",-22,0,9,9,-22,28,50,3,113,110,36
"23","2319",2022,"male","Foreign",19,15,29,14,4,16,12,40,95,55,4
"23","2319",2022,"female","Austrian",-34,-6,3,9,-28,30,58,7,117,110,41
"23","2319",2022,"female","Foreign",43,41,54,13,2,13,11,27,81,54,6
"23","2319",2023,"male","Austrian",-25,1,8,7,-26,29,55,-8,117,125,48
"23","2319",2023,"male","Foreign",4,3,24,21,1,8,7,33,90,57,3
"23","2319",2023,"female","Austrian",-15,0,6,6,-15,29,44,-43,107,150,50
"23","2319",2023,"female","Foreign",-2,0,24,24,-2,5,7,22,87,65,9
"23","2399",2007,"male","Austrian",-34,-5,1,6,-29,4,33,-91,14,105,1
"23","2399",2007,"male","Foreign",-11,-6,1,7,-5,0,5,-16,1,17,0
"23","2399",2007,"female","Austrian",-40,0,1,1,-40,4,44,-82,9,91,0
"23","2399",2007,"female","Foreign",-4,1,3,2,-5,0,5,-8,4,12,0
"23","2399",2008,"male","Austrian",-1,0,0,0,-1,1,2,3,13,10,0
"23","2399",2008,"male","Foreign",0,1,1,0,-1,1,2,1,4,3,0
"23","2399",2008,"female","Austrian",-5,-1,0,1,-4,2,6,1,10,9,0
"23","2399",2008,"female","Foreign",0,0,0,0,0,0,0,0,2,2,0
"23","2399",2009,"male","Austrian",1,0,0,0,1,3,2,1,11,10,0
"23","2399",2009,"male","Foreign",2,2,2,0,0,0,0,-5,2,7,0
"23","2399",2009,"female","Austrian",-6,0,0,0,-6,1,7,5,11,6,0
"23","2399",2009,"female","Foreign",4,3,3,0,1,1,0,0,2,2,0
"23","2399",2010,"male","Austrian",-3,-3,0,3,0,1,1,5,15,10,0
"23","2399",2010,"male","Foreign",-3,-1,1,2,-2,0,2,0,3,3,0
"23","2399",2010,"female","Austrian",-3,-1,0,1,-2,1,3,-3,15,18,0
"23","2399",2010,"female","Foreign",-1,-1,1,2,0,0,0,1,2,1,0
"23","2399",2011,"male","Austrian",-8,-2,0,2,-6,0,6,-1,1,2,0
"23","2399",2011,"male","Foreign",0,0,0,0,0,0,0,-2,0,2,0
"23","2399",2011,"female","Austrian",-7,-1,0,1,-6,0,6,-7,1,8,0
"23","2399",2011,"female","Foreign",0,0,0,0,0,0,0,-2,0,2,0
"23","2399",2012,"male","Austrian",-2,0,0,0,-2,0,2,-9,3,12,0
"23","2399",2012,"male","Foreign",-1,-1,0,1,0,0,0,-2,0,2,0
"23","2399",2012,"female","Austrian",-1,0,0,0,-1,0,1,-7,2,9,1
"23","2399",2012,"female","Foreign",-3,-2,0,2,-1,0,1,-1,0,1,0
"23","2399",2013,"male","Austrian",-35,-5,2,7,-30,5,35,-92,24,116,0
"23","2399",2013,"male","Foreign",-24,-15,2,17,-9,0,9,-15,3,18,1
"23","2399",2013,"female","Austrian",-40,-2,0,2,-38,1,39,-136,18,154,1
"23","2399",2013,"female","Foreign",-7,-7,1,8,0,1,1,-18,2,20,0
"23","2399",2014,"male","Austrian",-2,0,1,1,-2,0,2,2,13,11,0
"23","2399",2014,"male","Foreign",2,1,2,1,1,1,0,-3,1,4,0
"23","2399",2014,"female","Austrian",3,1,1,0,2,2,0,-7,8,15,0
"23","2399",2014,"female","Foreign",1,1,1,0,0,0,0,-1,0,1,0
"23","2399",2015,"male","Austrian",-2,-1,0,1,-1,1,2,-2,7,9,0
"23","2399",2015,"male","Foreign",2,2,2,0,0,0,0,-1,0,1,0
"23","2399",2015,"female","Austrian",1,0,0,0,1,1,0,2,6,4,0
"23","2399",2015,"female","Foreign",0,0,2,2,0,0,0,4,5,1,0
"23","2399",2016,"male","Austrian",-2,0,0,0,-2,0,2,1,6,5,0
"23","2399",2016,"male","Foreign",-1,0,0,0,-1,0,1,0,0,0,0
"23","2399",2016,"female","Austrian",-3,0,0,0,-3,0,3,-2,5,7,0
"23","2399",2016,"female","Foreign",1,2,2,0,-1,0,1,-2,1,3,0
"23","2399",2017,"male","Austrian",-1,0,0,0,-1,0,1,6,12,6,0
"23","2399",2017,"male","Foreign",-1,-1,0,1,0,0,0,1,2,1,0
"23","2399",2017,"female","Austrian",-1,0,0,0,-1,1,2,7,11,4,0
"23","2399",2017,"female","Foreign",0,0,0,0,0,0,0,-1,0,1,0
"23","2399",2018,"male","Austrian",-2,0,0,0,-2,1,3,0,1,1,0
"23","2399",2018,"male","Foreign",0,0,0,0,0,0,0,0,0,0,0
"23","2399",2018,"female","Austrian",-2,0,0,0,-2,0,2,-4,4,8,0
"23","2399",2018,"female","Foreign",0,0,0,0,0,0,0,0,0,0,0
"23","2399",2019,"male","Austrian",1,0,0,0,1,2,1,11,12,1,0
"23","2399",2019,"male","Foreign",1,0,0,0,1,1,0,1,2,1,0
"23","2399",2019,"female","Austrian",0,0,0,0,0,1,1,9,9,0,0
"23","2399",2019,"female","Foreign",0,0,0,0,0,0,0,3,3,0,0
"23","2399",2020,"male","Austrian",-1,-1,0,1,0,0,0,0,1,1,0
"23","2399",2020,"male","Foreign",0,0,0,0,0,0,0,0,1,1,0
"23","2399",2020,"female","Austrian",0,0,0,0,0,0,0,0,1,1,0
"23","2399",2020,"female","Foreign",0,0,0,0,0,0,0,0,0,0,0
"23","2399",2021,"male","Austrian",1,0,0,0,1,1,0,4,4,0,0
"23","2399",2021,"male","Foreign",1,1,1,0,0,0,0,3,3,0,0
"23","2399",2021,"female","Austrian",0,0,0,0,0,0,0,2,2,0,0
"23","2399",2021,"female","Foreign",0,0,0,0,0,0,0,1,1,0,0
"23","2399",2022,"male","Austrian",0,0,0,0,0,0,0,0,0,0,0
"23","2399",2022,"male","Foreign",1,1,1,0,0,0,0,1,3,2,0
"23","2399",2022,"female","Austrian",0,0,0,0,0,0,0,0,1,1,0
"23","2399",2022,"female","Foreign",2,2,2,0,0,0,0,0,2,2,0
"23","2399",2023,"male","Austrian",1,0,0,0,1,1,0,1,2,1,0
"23","2399",2023,"male","Foreign",0,0,0,0,0,0,0,0,0,0,0
"23","2399",2023,"female","Austrian",1,0,0,0,1,1,0,0,0,0,0
"23","2399",2023,"female","Foreign",0,0,0,0,0,0,0,0,0,0,0
